0.63514 0.75149 0.178495
0.888397 -0.0772006 0.452537
-0.994086 0.107042 0.0182866
0.17009 -0.184371 0.968027
0.405445 -0.263333 0.875369
0.748421 -0.221526 0.625134
-0.496836 -0.336891 0.799787
0.81352 0.555673 0.171503
0.486351 -0.671741 0.558773
0.0938446 0.334454 0.937728
-0.158056 0.730743 0.664103
-0.403829 -0.878881 0.253948
0.758192 0.0516551 0.649981
0.136545 0.9478 0.288149
0.51674 0.748542 0.415529
0.995071 -0.0956774 0.0260641
0.262712 -0.809722 0.524721
-0.203503 -0.854267 0.478345
-0.267666 0.533178 0.802544
0.59424 -0.0939106 0.798786
-0.548021 -0.0789998 0.832725
-0.940596 0.237082 0.243046
-0.870968 -0.112663 0.478248
0.497004 0.420252 0.759194
0.228963 -0.973005 0.0289446
0.0462256 -0.910837 0.41017
-0.818408 0.403602 0.409039
-0.732017 0.619883 0.28266
-0.00523024 0.556019 0.831153
0.616134 0.551567 0.562275
0.818852 -0.3832 0.427363
0.643428 -0.464255 0.60866
-0.703246 -0.229727 0.672808
-0.611737 0.783086 0.112043
-0.924725 -0.287704 0.249219
-0.531442 0.746011 0.401295
-0.111969 0.172644 0.9786
0.924867 0.31808 0.208435
0.471744 -0.878364 0.0770401
-0.638871 0.547646 0.540303
-0.290438 0.838336 0.461344
-0.900266 -0.434316 0.0298582
-0.332637 0.293924 0.896081
0.51019 -0.795919 0.325912
0.940745 -0.233998 0.245446
0.255454 0.509472 0.821694
0.344937 0.257425 0.902635
-0.128389 0.950183 0.284022
-0.483347 -0.566193 0.667684
-0.75445 -0.655546 0.0326141
-0.0337463 -0.999409 0.00660229
0.188607 -0.433952 0.880972
-0.968531 -0.0263799 0.24749
-0.448127 -0.752515 0.4826
-0.334131 0.0329526 0.94195
-0.732755 0.0335114 0.679666
-0.292317 -0.228366 0.928655
-0.0760436 -0.0894864 0.993081
-0.535272 -0.844265 0.0264897
0.133281 0.722467 0.678437
-0.862995 0.15217 0.481751
-0.507369 0.437629 0.742332
0.388053 0.657183 0.646162
0.278729 -0.917649 0.283251
0.0870786 0.995679 0.0322713
0.836162 -0.512159 0.196283
-0.802185 -0.368419 0.469859
-0.557864 0.184739 0.80911
-0.627648 -0.737086 0.250525
0.27428 0.831818 0.482544
-0.0557235 -0.347452 0.936041
0.135187 0.0775533 0.98778
0.38933 0.891336 0.232256
0.681017 -0.71905 0.138503
-0.807864 -0.529241 0.259344
0.687733 -0.610788 0.392379
-0.657075 -0.590128 0.469043
0.714825 0.312444 0.625623
-0.248968 -0.689133 0.680523
0.969036 0.0587052 0.239841
0.575017 0.170364 0.800207
-0.274097 -0.475844 0.835729
0.93547 -0.353293 0.0089013
-0.411479 0.665019 0.623245
-0.930076 0.367157 0.0124322
-0.00292749 -0.774809 0.632189
-0.800978 0.59805 0.0277482
0.871782 0.187254 0.452693
0.209772 -0.650596 0.729877
-0.710884 0.308799 0.631892
0.379313 -0.00433657 0.925258
-0.986015 -0.16514 0.0224291
-0.396849 0.890069 0.224251
1.249e-16 0.866025 0.5
0.80029 0.438609 0.40885
-0.294879 -0.955372 0.0176002
-0.15154 -0.958759 0.24045
-0.0319424 -0.581048 0.813242
0.425382 -0.498669 0.755235
-0.226606 0.973205 0.039
