-0.593009 0.019002 0.804971
0.447833 -0.788054 0.422394
0.317053 -0.919343 0.232994
0.0850509 -0.170373 0.981702
-0.450197 -0.884794 0.120261
0.575483 0.49531 0.650759
-0.777777 0.405886 0.479917
-0.610685 -0.475454 0.633252
0.402017 0.39682 0.825177
0.158999 0.0840684 0.983693
0.51126 0.857961 0.0501615
0.280325 -0.732721 0.620111
0.017533 -0.771227 0.636318
-0.202268 -0.964655 0.168901
-0.905811 0.335374 0.258901
-0.106499 0.516813 0.849448
0.88968 0.132769 0.436854
-0.254839 0.966925 0.0106161
0.343457 -0.112615 0.932392
0.767951 -0.640495 0.00417198
-0.871776 0.158688 0.463491
-0.105312 -0.906627 0.408578
0.652202 -0.619962 0.436212
-0.272362 -0.403148 0.873665
-0.164615 0.713217 0.68134
-0.117702 0.953017 0.279113
-0.907592 -0.108976 0.405464
0.994848 0.0999471 0.0169518
0.404349 0.143619 0.903258
0.713601 -0.209432 0.668515
-0.630375 0.625193 0.460175
-0.26233 0.842005 0.471392
-0.782646 0.569836 0.250505
0.968952 -0.0322355 0.24514
0.618223 -0.455095 0.640851
-0.105837 0.0797837 0.991178
-0.780446 -0.0309465 0.624457
0.0218866 0.308441 0.950992
-0.383426 -0.584244 0.715293
-0.614477 -0.741105 0.270521
0.869134 0.372344 0.325525
0.135891 -0.593533 0.793254
-0.592831 0.458081 0.662354
-0.642761 -0.231025 0.730401
0.933315 0.352324 0.069219
-0.363771 0.491403 0.791325
-0.179565 -0.173698 0.96829
-0.795316 -0.586257 0.154195
0.872124 -0.129293 0.471893
0.757052 0.0513918 0.65133
0.267601 0.961745 0.0586259
-0.881668 0.471187 0.0253918
-0.601888 0.763016 0.235663
0.352084 0.632258 0.690135
0.0589039 -0.975421 0.21233
0.00540361 0.998785 0.0489762
0.807665 0.568115 0.15787
-0.362329 -0.856072 0.36859
-0.513128 -0.690341 0.510029
-0.917954 -0.396368 0.0159389
0.627115 0.736034 0.254915
0.710375 0.556405 0.431023
0.923921 -0.293357 0.245583
-0.243231 -0.770457 0.589266
0.799777 -0.383986 0.461423
-0.653694 -0.756707 0.00892781
-0.97599 -0.16848 0.138053
-0.416538 0.675614 0.60831
-0.969839 0.0798458 0.230296
-0.363178 0.0619332 0.929659
0.810681 -0.532898 0.24252
0.480916 -0.876278 0.0292622
0.503992 0.712391 0.488355
0.759648 0.326508 0.56243
0.631917 -0.747481 0.204825
-0.974632 0.223678 0.00780584
-0.497592 0.26532 0.825837
-0.24145 0.29722 0.923776
0.495698 -0.296544 0.8163
0.146731 0.944538 0.2938
-0.0103624 -0.407835 0.912997
0.572485 -0.0429495 0.81879
0.40066 0.868886 0.290704
-0.429785 -0.190194 0.882673
-0.730911 -0.546939 0.4082
-0.707918 0.21957 0.671298
-0.719636 0.6943 0.00844904
-0.12859 -0.606978 0.784246
0 0.866025 0.5
0.251734 -0.358927 0.898778
0.100115 0.714217 0.692727
0.605013 0.239647 0.759295
0.909123 -0.416372 0.0113588
0.390093 -0.530977 0.752257
-0.505341 0.862863 0.00991965
-0.373242 0.896926 0.237096
0.262284 0.818582 0.511009
0.162146 0.507398 0.846319
-0.884651 -0.371706 0.281473
0.156689 -0.883767 0.440913
-0.791458 -0.316019 0.523188
