0.169548 0.380569 0.909077
-0.505794 -0.464404 0.726981
-0.928239 -0.358319 0.0998943
-0.0602728 0.499762 0.864063
-0.476447 0.826351 0.300236
0.751628 -0.382305 0.537493
0.412496 0.89242 0.182847
0.723513 0.121403 0.679551
-0.526917 0.848811 0.0433324
0.58205 -0.580482 0.569437
0.650361 0.704632 0.283769
0.876914 0.0516937 0.47786
-0.501772 0.541205 0.674775
0.657182 0.560813 0.503588
-0.860394 0.238375 0.450445
0.930416 0.243697 0.273748
0.970373 -0.0139761 0.241208
-0.352614 -0.93075 0.0967874
-0.388379 0.741204 0.547521
0.919995 0.388126 0.0544696
-0.683658 0.703054 0.195773
-0.0856246 -0.00295497 0.996323
0.632168 0.368925 0.681365
-0.713135 -0.0912177 0.695067
-0.679107 -0.504167 0.533506
-0.533218 0.306425 0.788531
-0.484777 -0.680305 0.549706
-0.7077 0.413954 0.572541
-0.613314 0.653226 0.444007
-0.542938 0.0486014 0.838365
0.495863 -0.767527 0.406229
0.38194 -0.258858 0.887195
-0.298322 -0.391137 0.870641
0.253074 -0.863389 0.436477
0.790586 -0.607527 0.0767152
0.766231 -0.132839 0.628685
0.585559 -0.0671766 0.807842
-0.653851 -0.677234 0.337391
0.86185 -0.426147 0.274978
0.593669 -0.320417 0.738167
-0.992497 -0.106713 0.0596905
-0.087926 0.257591 0.962245
0.786179 0.613016 0.078316
-0.302081 0.942683 0.14176
-0.079882 -0.274313 0.958317
0.153021 -0.385892 0.909765
-0.0565039 -0.724032 0.687448
0.605296 -0.784428 0.135237
0.381589 -0.900107 0.210232
0.1708 0.981798 0.0830707
-0.523467 -0.220452 0.823033
-0.296404 -0.623138 0.723771
0.704829 -0.63107 0.323985
-0.00569089 -0.877211 0.480072
0.164121 -0.610908 0.774504
-0.844845 0.528435 0.0836223
-0.0980302 -0.992308 0.0755976
-0.723459 0.170067 0.669092
0.216468 -0.976075 0.020456
-0.198995 -0.929684 0.309981
0.604042 0.796359 0.0307509
-0.254318 -0.805692 0.534961
-0.313358 0.124174 0.941482
0.39962 -0.494355 0.771957
-0.237936 0.889148 0.390899
-0.581976 -0.804454 0.118987
0.817121 0.487207 0.308128
0.990287 0.136456 0.0266751
0.444264 0.789905 0.422706
-0.963134 0.0573658 0.262833
-0.833679 -0.442757 0.330067
-0.803909 -0.272976 0.528408
0.23461 0.779519 0.580783
0.408767 0.422723 0.808835
-0.0679906 -0.516469 0.853602
0.442499 0.629562 0.638629
-0.304246 -0.138442 0.94248
0.140772 0.129621 0.98152
0.520359 0.186093 0.833424
-0.259718 0.618912 0.741279
0.89074 -0.201133 0.407587
0.354193 -0.702161 0.617671
-0.868481 -0.0204178 0.495302
0.991025 -0.13343 0.00806645
0.142105 -0.133151 0.980855
0.8108 0.305092 0.499521
-0.789136 -0.601303 0.125299
-0.929715 -0.198993 0.309889
-0.297803 0.387683 0.872362
-0.988501 0.15098 0.0084156
0.21747 0.598817 0.770795
-0.0245087 0.965796 0.25814
-2.22045e-16 0.866025 0.5
0.213858 0.910496 0.353924
-0.440836 -0.831095 0.339034
0.363533 -0.00051311 0.931581
-0.92734 0.311665 0.207139
-0.797885 0.497557 0.340317
-0.0140601 0.706066 0.708006
0.921988 -0.386578 0.022255
0.0939888 -0.963002 0.252575
-0.0847293 0.996395 0.00419512
