0.932347 -0.361512 0.00611571
-0.407776 -0.398402 0.82158
0.636242 0.3053 0.708511
-0.159437 -0.953904 0.254257
-0.286886 0.356799 0.889039
0.407613 0.432502 0.804235
0.481485 -0.43789 0.759226
0.142957 0.0817725 0.986345
0.602149 -0.564777 0.564308
-0.0552243 0.481071 0.874941
-0.503922 -0.715743 0.483502
-0.300562 -0.95348 0.0231977
0.295093 -0.31966 0.90041
-0.971522 0.0341339 0.234479
0.671937 0.72492 0.151632
-0.866101 -0.373396 0.332332
-0.627431 0.444104 0.639611
-0.238643 0.776182 0.583602
-0.72476 0.201596 0.658848
0.0527993 0.998605 3.76356e-05
0.562861 0.54217 0.62389
0.690607 -0.331041 0.643019
-0.177301 -0.522412 0.834056
0.501913 0.864864 0.00964426
-0.605075 -0.237377 0.759959
-0.544529 -0.838296 0.02736
0.374383 -0.898011 0.231115
-0.521745 0.273503 0.808071
-0.635221 0.742498 0.212583
0.0535738 -0.421131 0.905416
-0.984231 0.176274 0.0147343
-0.577228 0.0169679 0.816407
0.379017 -0.693185 0.613059
0.549475 -0.190726 0.81345
0.918895 0.0030353 0.394491
-0.273497 -0.839654 0.469235
0.875464 -0.409011 0.257435
-0.588703 -0.479903 0.650478
-0.708858 -0.558203 0.431195
0.517027 -0.756941 0.399654
-0.80281 0.387116 0.453472
-0.813589 0.531727 0.235242
0.617985 -0.770103 0.158227
-0.0143258 -0.875877 0.482322
-0.924788 0.294542 0.240858
0.654274 0.642076 0.399579
-0.142339 -0.0279116 0.989424
0.375136 0.193484 0.906552
0.125634 -0.741858 0.658683
0.46854 0.841655 0.268489
-0.761474 -0.0574996 0.64564
0.437722 0.741428 0.50861
0.0766003 -0.171669 0.982172
0.249475 -0.554629 0.793819
0.218435 -0.975429 0.0287152
0.85472 -0.242714 0.45885
-0.465823 0.647158 0.603486
0.936849 0.3394 0.0843854
-0.389766 -0.151814 0.908314
-0.45306 0.800839 0.391655
-0.357916 0.107549 0.927539
0.0280642 0.965417 0.259196
-0.763064 0.646303 0.00508447
0.745733 -0.0755882 0.661943
2.77556e-17 0.866025 0.5
-0.429631 0.890999 0.146757
-0.268085 0.586463 0.764324
0.826146 0.497374 0.264767
0.102376 -0.959329 0.263074
0.156947 0.336911 0.928363
-0.410005 -0.87749 0.24881
0.20266 0.755052 0.623559
-0.894761 -0.123619 0.429094
-0.0759888 0.224925 0.971409
-0.744052 -0.667522 0.0283046
0.964672 -0.168926 0.202171
-0.0424966 -0.998805 0.0241223
0.983385 0.0918593 0.156574
-0.965335 -0.213746 0.149801
0.245319 0.883447 0.399175
0.825063 0.564922 0.0116085
-0.765877 -0.306786 0.565079
0.18222 0.56611 0.803937
0.35263 -0.0661782 0.93342
-0.886575 -0.454867 0.0841456
-0.629387 -0.734329 0.254229
-0.371842 -0.621727 0.689339
-0.18521 0.976811 0.107415
0.721351 -0.606322 0.334704
0.264666 0.953023 0.147306
-0.878841 0.1364 0.457201
-0.136165 -0.733743 0.665642
0.805912 0.162051 0.569425
-0.0321661 0.691987 0.721193
-0.216364 0.908168 0.358354
0.80118 -0.592278 0.0855393
-0.904663 0.425914 0.013516
0.758811 0.413094 0.503547
-0.663385 0.608255 0.435829
-0.166831 -0.28479 0.943961
0.583953 0.0689723 0.808852
0.901519 0.259934 0.345973
0.246363 -0.855354 0.455714
