-0.879577 -0.0758246 0.469675
-0.284407 -0.456887 0.842832
-0.386567 0.678485 0.62468
0.499689 0.863679 0.0660986
0.412436 -0.392104 0.822284
-0.699613 0.319086 0.639316
0.256504 0.855002 0.450751
-0.204455 -0.692441 0.691898
-0.0987872 0.369023 0.924155
0.966951 0.0687057 0.245529
-0.657077 -0.460838 0.596555
-0.0384139 -0.545201 0.837425
-0.442642 -0.585451 0.679202
0.0536641 -0.731902 0.679293
-0.259694 0.535917 0.803338
-0.362223 0.906092 0.218612
-0.741846 0.0453592 0.669034
0.165876 -0.344388 0.924057
0.0247576 0.147862 0.988698
-0.705042 0.643034 0.299037
0.411926 0.314143 0.855354
0.633542 0.25122 0.731788
-0.33555 -0.211758 0.917913
0.880576 0.268227 0.390691
0.407663 0.695209 0.592026
0.317979 -0.90805 0.272645
1.66533e-16 0.866025 0.5
0.170866 -0.85876 0.483048
-0.478804 -0.833387 0.276069
0.0259493 -0.957004 0.288912
-0.593976 -0.804102 0.0247451
0.823039 -0.56798 0.0023016
0.55685 -0.791175 0.252903
-0.931522 -0.36351 0.0112914
-0.561182 -0.0931399 0.822435
-0.985738 0.166343 0.0255279
-0.571876 -0.672769 0.469404
-0.829791 -0.331616 0.448863
0.483492 0.811474 0.328245
-0.995285 -0.0951375 0.0188894
-0.235086 -0.926074 0.295163
0.51623 0.0526267 0.854832
-0.795798 0.432202 0.424154
0.122334 -0.0946657 0.987964
0.802389 0.506251 0.316042
-0.258652 0.844688 0.468616
-0.514417 -0.347456 0.783996
0.842946 0.534713 0.0593587
-0.349292 0.30468 0.886095
0.0616252 0.994006 0.0903012
-0.193219 0.98058 0.0335969
-0.612388 0.581467 0.535609
0.637604 -0.770347 0.00514043
-0.127182 0.723519 0.678488
-0.795774 -0.605498 0.0107578
-0.769973 0.636424 0.045894
-0.0898441 -0.860022 0.502285
-0.499614 0.456964 0.735914
0.15837 0.73385 0.660592
0.985409 -0.142668 0.092815
-0.943846 -0.230939 0.236268
-0.366698 -0.928412 0.0598656
-0.857493 0.184446 0.480297
-0.368019 0.0474192 0.928608
-0.584376 0.801108 0.12935
-0.968491 0.0290827 0.247347
0.21876 -0.565583 0.795148
-0.113114 -0.9911 0.0701884
-0.562251 0.174509 0.808344
-0.92494 0.286843 0.249413
0.920652 -0.188368 0.341932
-0.0926309 -0.311948 0.945573
0.623623 0.633233 0.458379
0.941688 0.306265 0.139375
0.681968 0.70469 0.195784
0.72842 0.411155 0.548048
0.0307527 0.570991 0.82038
0.718579 0.00670706 0.695413
-0.112698 0.95313 0.280789
-0.343498 -0.79701 0.496774
0.168777 -0.983057 0.0715124
0.527001 0.487293 0.696287
0.289494 0.935162 0.204119
0.367255 -0.152857 0.917474
-0.908975 0.416226 0.0228154
0.443625 -0.599482 0.666197
-0.689837 -0.684283 0.236394
0.281024 0.110179 0.953355
0.586983 -0.200971 0.784259
0.749055 -0.614027 0.248771
0.646094 -0.412365 0.642275
-0.498732 0.771015 0.395984
0.417061 -0.908359 0.0307275
0.418286 -0.774842 0.473979
0.162392 0.358948 0.919122
0.288753 0.545613 0.78672
-0.848152 -0.476298 0.231903
0.79825 -0.427068 0.424747
-0.136488 -0.0579076 0.988948
0.873725 0.0248112 0.485786
0.899033 -0.396668 0.185456
-0.72265 -0.215074 0.656902
0.625582 -0.615649 0.479191
0.794503 -0.209685 0.569909
