2.08167e-17 0.866025 0.5
-0.240693 -0.967675 0.0753194
0.910853 0.359495 0.202757
0.454459 -0.440874 0.774014
-0.0543998 -0.482289 0.874321
-0.160173 -0.660567 0.733482
-0.0254705 -0.8906 0.454073
0.503691 0.238728 0.830243
-0.548275 0.815944 0.183387
0.496914 0.489083 0.716851
0.0963885 0.523135 0.846781
0.598599 -0.797428 0.0760777
-0.738831 0.339161 0.582322
0.528085 0.83702 0.14326
0.0486418 0.132936 0.98993
-0.18564 0.749059 0.635962
0.190782 -0.975478 0.109754
0.313473 0.398815 0.86179
-0.549201 -0.446994 0.706098
-0.0350645 -0.975234 0.21838
0.157623 0.934974 0.317771
0.817398 0.3456 0.460891
-0.0823516 0.964283 0.251745
0.0692211 -0.280698 0.957297
-0.774651 0.497023 0.391004
0.202402 -0.913716 0.352358
-0.434775 0.172943 0.883777
0.0665906 0.996384 0.0527679
0.81897 0.570091 0.0654564
-0.981701 -0.123842 0.14466
-0.8073 -0.584371 0.0823254
-0.200834 0.144242 0.968948
0.825274 -0.315055 0.468682
0.571353 -0.219825 0.790716
0.390892 0.850235 0.352568
-0.884173 0.271884 0.37989
0.0892582 -0.649494 0.75511
0.763964 -0.626397 0.154873
-0.925666 -0.364347 0.101953
0.984621 0.159908 0.0703585
0.29291 0.162364 0.942253
-0.657718 0.158854 0.736323
0.894128 -0.0756392 0.441376
0.242275 0.800528 0.54814
-0.640492 -0.766852 0.0413172
0.962181 -0.26238 0.0732413
-0.412062 -0.646681 0.641879
0.175056 -0.799943 0.573975
0.215022 -0.460477 0.861235
-0.933541 -0.00228821 0.358462
-0.464225 -0.773245 0.431958
0.926563 0.152855 0.34368
-0.748338 0.637046 0.184831
0.198931 -0.0672383 0.977704
0.675694 0.316901 0.665591
0.0561195 0.717719 0.694067
-0.4685 -0.861149 0.197307
0.731826 -0.541132 0.414254
-0.255703 -0.912497 0.31932
0.349361 -0.252919 0.902208
-0.824015 0.104859 0.55678
-0.0796219 -0.0823368 0.993419
-0.146524 0.57091 0.807832
-0.612472 0.688075 0.389141
0.288034 0.627401 0.723466
0.661533 0.528492 0.532044
-0.445757 -0.272107 0.852795
-0.238976 0.873146 0.424861
0.873305 -0.42029 0.246365
0.81102 0.121216 0.572323
0.455702 -0.0208378 0.889889
-0.753748 -0.383297 0.533805
0.418272 -0.878732 0.229955
0.331373 -0.64268 0.690764
-0.80214 -0.504313 0.31975
-0.242246 -0.803093 0.544389
-0.620062 -0.594183 0.512318
-0.302748 0.385609 0.871579
0.653686 0.0526195 0.754934
-0.653036 -0.702394 0.283173
-0.667778 -0.226231 0.709149
-0.886222 0.427903 0.177508
0.779646 0.543248 0.311504
-0.209211 -0.294031 0.932618
-0.971663 0.161469 0.172622
0.603032 0.716832 0.350006
0.601766 -0.732577 0.318133
-0.322183 -0.486323 0.812212
-0.0627099 0.350492 0.934464
0.46767 0.685089 0.558514
-0.549144 -0.0445458 0.83454
-0.383056 0.572368 0.725026
-0.594109 0.543483 0.593009
0.399959 -0.790514 0.463811
0.659415 -0.402384 0.635027
0.977191 -0.0505195 0.206268
0.304085 0.945715 0.114696
0.755789 -0.144518 0.638668
-0.415286 0.734517 0.536677
-0.52834 0.371785 0.763304
-0.324892 -0.0719589 0.94301
-0.901397 -0.274682 0.334714
0.547409 -0.615876 0.566603
-0.323403 0.925975 0.194888
-0.830927 -0.14489 0.537184
