-0.929904 -0.300515 0.212059
0.10536 -0.789031 0.605252
0.91828 -0.125581 0.375488
0.33787 -0.255897 0.905737
-0.726278 -0.0993505 0.680184
0.828879 -0.352083 0.434738
-0.555611 -0.242209 0.795381
-0.0828843 -0.434402 0.896898
0.839068 0.0438939 0.542252
-0.840202 0.273716 0.468123
0.66039 -0.00720991 0.750888
0.159604 0.575306 0.802216
0.418064 0.77534 0.473361
-0.521815 -0.753245 0.400414
-0.992822 -0.107247 0.0529418
0.563138 0.417322 0.713244
0.726654 -0.686895 0.0122177
0.987419 -0.0725098 0.140521
0.763718 0.50952 0.396389
0.655683 -0.408808 0.634788
-0.170759 -0.20916 0.962857
0.81688 -0.530824 0.225684
-0.811029 -0.448207 0.375956
-0.552218 0.318141 0.770611
-0.293468 -0.839822 0.4567
-0.855436 -0.219771 0.468967
-0.823403 0.55345 0.1253
-0.390075 -0.0974707 0.91561
0.38154 0.612812 0.692018
-0.702482 -0.346942 0.62141
-0.203353 -0.946957 0.248835
0.0268866 -0.626404 0.779035
-0.0498747 -0.896416 0.440398
0.0375374 -0.98129 0.188842
0.560886 -0.238848 0.792691
-0.074847 0.507078 0.858644
-0.685414 0.431013 0.586886
0.298232 0.187578 0.935881
-0.190924 0.0399942 0.98079
-0.34239 -0.364071 0.866153
-0.709526 -0.65111 0.269497
-0.407869 -0.678657 0.610792
0.611146 0.78702 0.0842644
0.584058 0.601711 0.544812
0.650893 -0.717109 0.249185
0.0423653 0.131036 0.990472
0.281716 -0.948828 0.142696
-0.847991 -0.518946 0.107737
0.69644 -0.564687 0.442832
0.441865 -0.843865 0.304379
0.18994 -0.455009 0.869994
-0.573226 0.0431871 0.818258
0.97659 0.204487 0.0667611
-0.726014 0.170902 0.666105
-0.0285436 0.962326 0.270397
0.61285 0.719943 0.325727
0.773732 0.610981 0.167453
-0.774857 0.513993 0.367978
0.843161 0.280195 0.458879
0.524285 0.198043 0.828193
0.89748 0.374426 0.233099
0.347643 0.414271 0.841144
0.117614 0.360979 0.925127
-0.907615 0.345951 0.23781
-0.952668 -0.0657715 0.296814
0.219081 0.897617 0.382476
-0.281317 0.945744 0.162571
-0.509807 -0.475728 0.716785
-0.383452 0.181673 0.905516
0.946873 0.116808 0.299647
0.270134 -0.639138 0.72009
-0.141097 -0.757235 0.637721
0.191165 -0.908013 0.372785
0.510816 -0.611079 0.604689
-0.335016 0.419637 0.843605
-0.66515 0.704464 0.247599
-0.360141 -0.931337 0.0539513
0.342618 -0.778983 0.525165
0.0760192 -0.252793 0.964529
-0.150494 0.284956 0.946653
-0.502694 0.8606 0.0816442
0.530704 -0.844658 0.0700429
-0.593771 0.643521 0.483029
-0.484415 0.543813 0.685281
-0.555602 -0.815885 0.16012
-0.0210077 0.714956 0.698854
0.43041 0.869719 0.241529
0.45395 -0.0343227 0.890366
0.188227 0.971369 0.144958
-2.63678e-16 0.866025 0.5
-0.375224 0.747259 0.548463
0.929309 -0.307908 0.203904
-0.254141 0.62994 0.733885
-0.248843 -0.578662 0.776677
0.768321 -0.186055 0.612427
0.427679 -0.454181 0.781543
0.205348 0.768736 0.605704
-0.071506 0.997102 0.0259564
-0.229071 0.887168 0.400574
0.712959 0.222294 0.665037
-0.641337 -0.566584 0.517368
-0.981909 0.127508 0.139988
-0.460341 0.825652 0.326166
0.386897 0.922123 0.00035098
0.218303 -0.0467423 0.974761
-0.859694 0.0274103 0.510073
