-0.580157 0.00322876 0.814499
0.218339 0.898302 0.381289
-0.597292 0.471101 0.649081
-0.865034 -0.498607 0.0557409
0.224301 0.964463 0.139642
-0.420611 0.181608 0.888878
-0.846265 -0.441003 0.298919
-0.863262 -0.107658 0.493141
0.432654 0.784592 0.444102
0.639086 0.721403 0.266733
0.903418 0.0166155 0.428439
0.612946 0.0327698 0.789445
-0.797244 0.566902 0.207424
0.728866 0.403536 0.553094
1.11022e-16 0.866025 0.5
-0.775645 0.292971 0.559056
0.427518 0.434849 0.792549
-0.022336 0.999499 0.0224295
-0.202496 0.766692 0.609244
-0.539184 -0.752805 0.377577
-0.759101 0.0593579 0.648261
-0.401353 0.626144 0.668475
-0.899894 0.128226 0.416832
0.782391 0.146527 0.605305
0.206759 -0.772086 0.600944
0.628159 0.777882 0.0177442
0.966217 -0.120121 0.228025
0.91054 0.371727 0.180928
-0.0275874 -0.286226 0.957765
-0.4117 0.419066 0.809251
-0.117144 -0.498424 0.858982
-0.41119 0.78034 0.471161
0.269382 -0.948083 0.169032
-0.21723 0.903059 0.370534
-0.950354 -0.278266 0.139268
0.221703 0.0836843 0.971517
0.61514 0.277989 0.737784
0.0579126 -0.647742 0.759656
0.0191609 0.460764 0.887316
-0.272759 -0.309021 0.911103
-0.679093 -0.565553 0.467955
-0.961633 -0.0629558 0.267019
0.125814 -0.905644 0.404943
0.00543185 0.688477 0.725238
-0.199483 0.342241 0.918193
0.521255 -0.477578 0.707257
0.43424 0.181976 0.882225
-0.602376 -0.436246 0.668455
0.234864 0.330422 0.914145
0.41619 0.638689 0.647196
0.784144 0.520249 0.338318
-0.503079 -0.265323 0.822506
0.00629197 -0.0413838 0.999124
-0.370905 -0.0788656 0.925316
-0.699214 -0.180055 0.691867
0.219453 0.574489 0.788545
-0.198284 0.564062 0.801572
0.151762 -0.444434 0.882863
0.0218946 -0.981559 0.189899
0.875356 0.264517 0.404701
0.968008 0.130121 0.214544
0.0152191 0.225684 0.974082
-0.246122 0.960702 0.128359
-0.563088 -0.815127 0.136017
0.582164 -0.215882 0.783888
-0.30522 -0.802126 0.513259
0.443094 -0.698201 0.562302
-0.880771 0.355457 0.312878
-0.997796 -0.0635608 0.0190313
0.207868 0.770619 0.602443
-0.223671 -0.668695 0.709096
-0.781911 -0.343118 0.520467
-0.200486 0.0981019 0.974773
-0.479117 -0.642701 0.597815
-0.385379 -0.491291 0.7811
-0.352666 -0.891604 0.284024
0.958507 -0.28495 0.00817996
0.503938 -0.853553 0.132259
0.368511 -0.849695 0.377118
0.704264 -0.704257 0.0896358
0.858007 -0.511789 0.0435341
0.863258 -0.229869 0.449384
0.415342 -0.0666694 0.907219
-0.915851 0.395714 0.0680207
-0.72264 -0.649708 0.235947
0.789103 0.605608 0.102743
-0.658109 0.746119 0.100987
0.378585 -0.340173 0.860787
0.711457 -0.34488 0.61228
-0.364078 -0.930644 0.0367347
0.769379 -0.569008 0.29032
0.00387652 0.963133 0.268999
-0.615532 0.708547 0.345081
-0.618679 0.241643 0.747559
0.900924 -0.361798 0.239664
0.445962 0.870313 0.208983
0.762401 -0.100979 0.639177
-0.970558 0.168728 0.171893
0.301958 -0.592149 0.747115
-0.735396 0.511932 0.443981
0.648741 -0.564881 0.509946
0.612785 0.617425 0.493235
-0.448968 0.86152 0.237091
0.58791 -0.735499 0.336754
-0.0467818 -0.803454 0.593526
0.203981 -0.190434 0.960274
-0.123635 -0.915468 0.382926
