0.34253 -0.464515 0.816639
-0.0838838 0.568489 0.818403
0.71773 -0.171831 0.674787
-0.379231 0.150703 0.912947
0.523571 -0.538723 0.660039
-0.238429 -0.0486267 0.969942
0.143079 -0.106816 0.98393
-0.458598 0.832416 0.311081
-0.515507 0.855799 0.0431328
-0.818687 0.566277 0.0952973
0.660168 0.318964 0.68003
-0.943722 -0.320063 0.0833571
-0.735001 0.465845 0.49271
0.532588 -0.0764371 0.842916
-0.657756 0.725361 0.203
0.948704 -0.207377 0.238654
-0.521611 -0.336604 0.783977
0.347075 -0.231513 0.908813
-0.105731 0.994393 0.00204444
0.734761 0.665788 0.129818
0.854391 -0.220635 0.470464
-0.483454 0.349987 0.80236
0.336874 0.0460142 0.940425
-0.917494 0.013968 0.397504
-0.512572 -0.837845 0.187846
0.555244 0.831677 0.00406317
0.0857085 -0.900998 0.425273
0.714286 -0.401055 0.573542
-0.140743 -0.844574 0.51661
0.926262 0.000459949 0.37688
-0.84774 0.243035 0.471456
0.242222 0.810773 0.532893
-0.155591 0.741861 0.652252
-0.838066 -0.545368 0.0147715
0.989283 0.0458832 0.138613
-0.138 0.18095 0.973762
0.415855 -0.900802 0.124986
0.595325 0.544146 0.591179
-0.328375 -0.87592 0.35346
-0.598605 0.669376 0.440008
-0.915953 -0.24221 0.319945
0.749962 -0.630526 0.199986
0.16803 0.930462 0.325586
0.0654557 -0.768208 0.636845
0.555906 0.792267 0.251556
-0.304601 -0.300213 0.90393
0.109281 0.141506 0.983887
-0.250624 0.387412 0.887186
-0.702121 -0.677137 0.220253
0.903211 -0.415664 0.106923
0.667198 -0.604588 0.43511
-0.117048 -0.464379 0.877868
0.130846 0.987797 0.0844716
0.622991 -0.781177 0.0405532
0.691307 0.619313 0.372219
-0.547489 0.533772 0.644471
-0.301807 0.941662 0.148945
0.0905403 -0.584982 0.805977
0.325585 -0.875367 0.357388
0.354226 0.641764 0.680193
0.291452 -0.670072 0.682686
0.136375 -0.366718 0.920283
0.830468 -0.43673 0.345818
-0.323584 0.581499 0.746426
-0.101579 -0.957838 0.268752
-0.843432 -0.473045 0.25466
0.563695 -0.775629 0.283986
-0.685918 0.292072 0.666491
-0.935036 0.352907 0.0341228
0.956561 0.283763 0.06686
-0.665826 -0.138027 0.733228
0.475845 0.735583 0.482171
-0.0675985 0.966361 0.248147
-0.386082 0.737613 0.553957
-0.535005 -0.563567 0.629414
0.508476 0.197344 0.838158
0.0209033 0.369503 0.928995
-0.345677 -0.724419 0.596426
-0.0714598 -0.235515 0.96924
0.461296 -0.727673 0.507639
-0.343463 -0.516881 0.784135
-0.95731 0.186883 0.220526
-0.234809 0.87971 0.413491
-0.142918 -0.66637 0.731796
-0.69821 -0.374355 0.610214
0.847413 0.472333 0.242473
-0.594672 0.0932237 0.798545
0.459089 0.434721 0.774761
-0.464163 -0.108566 0.879071
-0.8657 0.410744 0.286099
0.777521 0.408968 0.477709
-0.0294411 -0.999044 0.0323114
-0.823819 -0.168789 0.54114
0.828573 0.170024 0.53344
0.542229 -0.318208 0.777645
0.290287 0.297994 0.909358
-0.299192 -0.947239 0.114989
0.690912 0.0733502 0.719208
0.0920863 0.70487 0.703334
0.358619 0.919098 0.163251
0.918993 0.242182 0.311126
6.245e-17 0.866025 0.5
-0.98444 -0.0563173 0.166453
-0.77566 0.0612372 0.628174
-0.525855 -0.738066 0.422771
0.158607 -0.96789 0.195018
0.198137 0.517898 0.83218
-0.701031 -0.559853 0.441724
