-0.0136477 0.96296 0.269298
0.562987 -0.80811 0.173216
0.384508 -0.0582198 0.921284
0.406151 0.78572 0.466569
0.113139 -0.755018 0.64587
0.528226 -0.234522 0.816074
-2.77556e-17 0.866025 0.5
0.0972902 -0.965758 0.240513
0.158872 -0.152918 0.975385
0.0724247 -0.410214 0.909109
-0.65415 -0.374835 0.656952
-0.631258 0.073703 0.772063
0.765179 0.62109 0.169557
-0.326197 -0.23092 0.916664
0.89291 -0.0567674 0.446641
0.431333 0.184988 0.883024
0.409297 0.885884 0.218371
-0.236748 0.142112 0.961121
0.451276 -0.485147 0.748987
-0.152722 -0.955037 0.254128
0.735928 -0.139095 0.662617
0.424219 0.421802 0.801325
0.192646 0.972969 0.127351
0.975962 0.00317717 0.217916
0.405277 0.629731 0.662714
-0.327179 -0.942007 0.0746816
-0.565063 -0.191341 0.802554
0.34168 -0.911364 0.229499
0.221227 -0.577469 0.785868
0.980729 -0.193628 0.0260703
-0.706952 -0.530485 0.467766
-0.296796 -0.6051 0.73876
-0.382438 -0.870935 0.308565
-0.585063 0.705738 0.399544
-0.0623175 -0.99776 0.0243278
0.201712 0.766144 0.610193
-0.651667 0.741313 0.160578
0.604087 0.479402 0.636595
0.629485 0.250542 0.735511
-0.455123 0.470602 0.755908
-0.431592 -0.00401721 0.90206
0.822948 -0.294171 0.486024
-0.368071 -0.761477 0.533551
0.889997 0.455018 0.029389
-0.815985 0.573402 0.073334
0.901374 -0.428129 0.0650368
-0.0340605 0.497655 0.866706
-0.449305 0.856867 0.252792
0.656163 -0.376517 0.653976
0.831817 -0.465084 0.302949
0.234994 -0.859707 0.453522
0.206421 0.361066 0.909407
-0.0145278 0.697364 0.716569
-0.922087 0.172652 0.346334
-0.462368 0.239933 0.853609
-0.257987 0.380851 0.887916
0.961727 0.238937 0.134127
-0.0218939 0.0189665 0.99958
-0.183205 -0.433824 0.882175
-0.25579 0.957983 0.129772
-0.440818 0.666901 0.600768
-0.232901 0.898481 0.37214
-0.0332736 0.999202 0.0220982
-0.01946 0.266957 0.963512
0.194987 0.581154 0.790089
-0.768188 0.552462 0.323532
-0.447423 -0.412443 0.793539
-0.518938 -0.583378 0.624799
-0.239641 0.598265 0.764625
0.786144 0.100683 0.609787
-0.794568 0.134745 0.592035
-0.982261 0.170671 0.0776877
-0.564228 -0.812565 0.146233
0.612638 0.787971 0.0614457
0.206482 0.118213 0.971283
0.469144 -0.785064 0.404448
-0.216054 0.777306 0.590861
-0.468689 0.883353 0.00433843
0.765488 -0.634547 0.106665
0.575591 -0.594884 0.561078
-0.734054 -0.643001 0.218436
0.908431 0.187618 0.373568
0.673987 -0.656395 0.33895
-0.0135821 -0.891575 0.45267
-0.569262 -0.724419 0.388791
0.933387 -0.238657 0.268015
-0.860085 -0.507772 0.0492154
-0.821563 -0.289718 0.491017
-0.644588 0.31265 0.697679
-0.0273383 -0.608629 0.792984
0.864217 0.418609 0.279097
-0.806217 0.355088 0.473209
-0.889627 -0.0514177 0.453784
-0.954337 -0.269465 0.128953
0.594539 0.0120101 0.803977
0.714045 0.556374 0.424957
0.209417 0.905846 0.368223
-0.853366 -0.4341 0.28866
0.187228 -0.98229 0.00718065
0.310274 -0.333553 0.890209
0.356497 -0.704729 0.613406
-0.749471 -0.112121 0.652474
-0.90296 0.378135 0.204148
0.594828 0.742793 0.307307
-0.975117 -0.0363923 0.218684
-0.0817805 -0.222752 0.971439
0.77954 0.337385 0.527721
-0.6419 0.522705 0.56102
-0.136795 -0.764425 0.630033
