0.473684 -0.830537 0.292969
0.556401 0.272195 0.785066
0.957833 0.138221 0.251895
-0.219945 0.896804 0.383884
-0.0766727 0.341188 0.936863
0.115775 -0.712717 0.691831
-8.32667e-17 0.866025 0.5
0.174928 -0.517596 0.837553
0.20336 -0.0176818 0.978944
-0.398329 0.767097 0.502888
-0.148753 -0.907393 0.393078
-0.35529 0.596347 0.719819
-0.777928 -0.0404548 0.62705
-0.950924 0.175349 0.254945
0.740333 -0.33025 0.585526
0.349941 -0.932378 0.0906192
-0.715599 0.394589 0.576383
0.444169 0.878069 0.178067
-0.22922 0.962913 0.142327
-0.775784 0.581882 0.244075
0.0489587 0.702502 0.709996
0.000419164 -0.164536 0.986371
0.221724 0.912574 0.34358
0.538947 -0.686836 0.48764
-0.341787 -0.658271 0.670717
0.997246 -0.0496254 0.0551201
0.746431 -0.090802 0.659238
0.314772 -0.794131 0.519879
0.623357 0.781282 0.032018
-0.0337163 -0.402299 0.914887
-0.844274 0.169992 0.508237
0.354735 -0.622252 0.69783
0.874085 0.0355591 0.484471
0.382453 0.144581 0.912593
0.738627 0.159651 0.654936
0.857136 0.28009 0.432282
-0.123539 0.558141 0.820498
0.792188 0.593753 0.141053
-0.666262 -0.251975 0.701857
-0.365881 -0.805634 0.465924
-0.486777 0.18625 0.85344
-0.230793 -0.24961 0.940441
0.214299 -0.284394 0.93445
0.727548 -0.530358 0.435194
-0.00999401 0.999818 0.0162329
0.588272 -0.251568 0.768537
-0.850979 0.376406 0.36627
0.43341 0.799535 0.415812
-0.379861 -0.0488451 0.923753
0.773648 0.509687 0.376415
0.902413 0.378321 0.206214
0.681411 -0.68904 0.246786
0.231143 0.793023 0.563637
0.593165 0.627776 0.504037
0.156922 0.252217 0.954862
-0.0919515 -0.60989 0.787134
-0.466017 0.884776 0.000529273
-0.132538 -0.781767 0.609322
-0.956176 -0.292327 0.0164737
-0.91421 0.38582 0.123949
0.980529 0.196163 0.00913183
-0.364972 -0.90108 0.234202
-0.59878 0.714442 0.361987
0.571324 -0.818343 0.0624824
-0.529649 0.407539 0.743898
-0.644754 0.75507 0.119002
-0.687464 0.180419 0.70345
-0.597742 -0.0322605 0.801039
-0.140836 -0.978171 0.152799
0.224411 0.9694 0.0995106
0.754714 -0.655987 0.00942466
0.950418 -0.287548 0.118416
0.239951 -0.918137 0.315354
-0.989449 -0.0431029 0.138322
0.399878 -0.408446 0.82053
-0.292989 -0.467748 0.833888
-0.434438 0.865768 0.248416
0.344499 0.385724 0.855884
0.584039 0.0245032 0.811356
0.702356 0.398857 0.589583
0.28328 0.616986 0.734221
-0.512089 -0.479288 0.712775
-0.54152 -0.83794 0.0679179
0.949615 -0.108697 0.293967
0.504076 0.502842 0.70218
-0.0247786 0.0846153 0.996106
-0.461202 -0.272246 0.844496
0.628685 0.726814 0.276581
-0.56228 -0.766554 0.310218
-0.54874 -0.646633 0.529858
0.867459 -0.333065 0.36957
-0.834402 -0.244997 0.493711
-0.984402 0.175811 0.00657973
-0.310024 0.396499 0.864103
0.843465 -0.50345 0.187362
-0.931194 -0.252743 0.262675
-0.733145 -0.586431 0.344379
-0.0103131 0.964378 0.264326
-0.702119 -0.44969 0.552094
0.411668 -0.13351 0.901501
-0.182838 0.754582 0.630219
0.11514 0.48619 0.866234
-0.921322 -0.0354694 0.387179
-0.865407 -0.473491 0.163942
-0.561645 0.592333 0.577664
0.569027 -0.500478 0.65248
0.106698 -0.987641 0.114806
-0.728267 -0.676327 0.110496
-0.256989 0.167778 0.951739
0.0754123 -0.86466 0.496664
