-0.254675 -0.28143 0.925169
0.65914 0.314599 0.683054
0.0820715 -0.617279 0.782452
0.210145 0.543214 0.81287
-0.314174 -0.495728 0.809659
0.0544161 0.380715 0.92309
0.07701 0.00235918 0.997028
0.760945 0.642302 0.0917074
0.546086 -0.474188 0.690605
-0.486587 0.873474 0.0166392
0.378719 0.875702 0.299528
0.659093 -0.751989 0.0104312
0.0377312 -0.987472 0.153215
0.163016 -0.393396 0.904801
-0.596981 -0.801928 0.0228972
0.0269573 -0.918727 0.393973
-0.309768 0.574726 0.757452
-0.0141623 -0.229853 0.973122
0.811844 -0.575094 0.100881
0.0308714 -0.791784 0.61002
0.364932 0.661474 0.655193
0.25713 -0.165977 0.952017
-0.109786 0.957886 0.265333
-0.884667 0.380782 0.269014
-0.788859 -0.172555 0.589853
-0.155964 -0.670736 0.725113
-0.765751 0.0720848 0.639085
0.244793 -0.837885 0.487879
0.137229 0.942497 0.30474
0.915128 -0.00582347 0.403121
0.786841 0.387692 0.480184
-0.693857 0.720098 0.00462702
0.264707 -0.929838 0.255599
0.297291 0.324226 0.898051
-0.768525 -0.541898 0.340171
0.737195 -0.386069 0.554522
-0.858943 0.222194 0.461353
0.594926 0.770518 0.228837
-0.369244 0.898699 0.23664
-0.428316 -0.806517 0.407525
0.984057 0.0535415 0.169603
-0.631883 -0.0951101 0.769206
0.916978 -0.359392 0.173171
-0.21244 0.389956 0.895993
0.310427 0.0788566 0.947321
0.46103 0.455811 0.761372
-0.762333 0.598357 0.246612
-0.203977 -0.932636 0.297629
-0.383651 -0.68335 0.621163
-0.999272 0.0267627 0.0271845
-0.777785 -0.620154 0.102271
-0.337545 0.174742 0.924948
-0.624149 -0.735687 0.263064
0.795485 -0.501649 0.33993
0.505521 0.730294 0.459477
-0.423537 -0.0597124 0.903909
-0.726276 -0.411977 0.550271
0.796849 -0.120338 0.592073
-0.484434 -0.289798 0.825434
-0.185566 -0.0472139 0.981497
-0.417232 -0.892314 0.172318
-0.202187 -0.826856 0.524814
0.612429 0.537895 0.579309
-0.905623 -0.0261868 0.423274
-0.588019 0.777056 0.224537
-0.593208 -0.637542 0.491573
0.247256 0.825746 0.506959
0.477193 -0.867888 0.138048
-0.154491 0.741423 0.653012
0.881565 -0.254121 0.397827
0.959466 0.276023 0.0568938
0.721232 0.59473 0.355136
-0.55583 0.522652 0.646442
-0.953662 0.297818 0.0428216
0.422282 -0.32259 0.847121
0.504756 0.195845 0.840754
-0.191364 -0.980147 0.051885
-0.678437 0.305174 0.668275
-0.0929021 0.185614 0.978221
-0.532961 -0.493305 0.687461
-0.44831 0.370075 0.813672
0.0222184 0.998175 0.0561493
0.867481 0.450014 0.212046
-0.56065 0.140557 0.816037
-0.408572 0.711271 0.571982
0.66471 -0.700174 0.260608
0.0935881 0.723654 0.683788
-0.850517 0.525414 0.0236569
-0.897056 -0.409328 0.166559
0.632218 -0.24319 0.735635
-0.0629667 0.574543 0.816049
0.267303 0.959288 0.0911867
0.625591 -0.6052 0.49231
-0.967398 -0.141937 0.209751
-0.245615 0.858152 0.450832
0.242162 -0.970191 0.00928674
0.413295 -0.687739 0.596827
-0.0789832 -0.455913 0.886513
0.486735 -0.0814669 0.869743
-0.9588 0.142519 0.245745
0.320703 -0.540877 0.777561
0.808738 0.149032 0.568975
0.98639 -0.159903 0.038293
0.467039 -0.798994 0.378791
0.914794 0.233712 0.329439
-0.226834 0.972928 0.0442454
2.22045e-16 0.866025 0.5
-0.754627 0.449451 0.47805
-0.874376 -0.292557 0.38714
0.669043 0.0341345 0.742439
-0.61454 0.653963 0.441218
