-0.249353 -0.627873 0.737292
0.75655 -0.151582 0.636125
-0.00647686 -0.911908 0.410343
0.379681 0.0639158 0.922907
-0.362796 -0.751444 0.5511
0.199195 -0.102084 0.974628
0.141421 -0.4697 0.871425
0.889704 0.388896 0.239139
0.845901 0.533258 0.00930765
0.582666 0.779652 0.229442
0.470663 -0.823437 0.316904
-0.276661 0.835989 0.473899
0.583995 0.561378 0.586348
0.253441 0.966015 0.0508184
0.130417 -0.786759 0.603326
0.761567 0.60422 0.234382
-0.122505 0.204841 0.971099
-0.000763997 -0.645672 0.763614
-0.106717 -0.97601 0.189777
0.546212 0.213349 0.810021
-0.395033 0.881753 0.257798
0.275934 -0.626186 0.729213
0.125091 0.731391 0.670388
-0.757265 0.357792 0.546384
-0.76664 -0.288323 0.5737
-0.253698 -0.891848 0.374492
-0.686185 -0.101656 0.720289
0.0829024 -0.996187 0.0271629
0.364456 0.658055 0.658889
0.915263 -0.345377 0.207387
0.883647 -0.01614 0.467876
-0.513318 0.742901 0.429655
0.421074 -0.18089 0.888806
-0.846021 -0.498806 0.188259
0.667201 -0.716354 0.204156
-0.754993 0.12672 0.643372
0.766026 0.465645 0.443148
-0.142348 0.736902 0.660843
-0.569936 -0.817996 0.0778207
0.980109 -0.197856 0.0154532
-0.584798 -0.3299 0.741065
-0.0600252 -0.0364139 0.997532
0.38222 -0.419646 0.82329
0.600681 -0.0310179 0.798887
-0.591117 0.53704 0.601805
-0.484807 -0.816495 0.313526
-0.963912 0.179882 0.196255
-0.227904 -0.21615 0.949389
-0.754085 -0.656663 0.0122676
-0.470866 0.882002 0.0189348
0.68536 0.339595 0.644172
0.952767 0.303458 0.0121375
0.484606 0.874521 0.0192276
-0.365364 -0.396272 0.842305
-0.761965 -0.48938 0.424166
0.78714 -0.512112 0.343732
-0.481247 -0.550406 0.682242
-0.126027 -0.461338 0.878228
-0.346831 -0.927946 0.136474
0.754211 0.0986785 0.649175
-0.858469 -0.0643516 0.508813
-0.3831 0.67346 0.632208
-0.686914 -0.68149 0.25243
0.458717 0.44464 0.769333
0.362303 0.893697 0.264654
-0.242627 0.966976 0.0780326
0.686757 0.726847 0.00767012
0.058862 0.371915 0.926399
0.82673 -0.553679 0.0997836
0.998504 0.0520772 0.0166568
-0.998534 -0.0435699 0.0321286
0.857884 0.232949 0.458006
-0.380776 0.252159 0.889621
-0.85789 0.401223 0.321007
0.39455 -0.74237 0.541495
0.590301 -0.301526 0.748751
-0.547206 0.0733026 0.833782
0.0159471 -0.272575 0.962002
-0.583094 -0.656093 0.479107
-0.299283 0.0240399 0.953861
0.248616 0.840418 0.481547
0.958252 0.147905 0.244698
-0.459711 -0.15809 0.873884
-0.200317 0.425904 0.882315
-0.609459 0.768643 0.194286
0.298159 0.300297 0.906048
-0.707946 0.590964 0.386748
-0.952843 -0.281634 0.113016
0.609074 -0.657389 0.443699
0.121324 0.135966 0.983257
0.480558 0.748939 0.45624
0.505538 -0.859844 0.0714157
-0.958569 -0.0565474 0.279193
-0.0170202 0.582096 0.812942
0.287555 -0.943955 0.162052
-0.1201 -0.791891 0.598735
0.11956 0.947831 0.295502
-0.130964 0.944504 0.301264
0.512661 -0.553519 0.65635
-0.884192 0.17337 0.433759
0.242338 -0.88344 0.401007
-0.915435 0.394999 0.0771709
0.85743 -0.268713 0.43887
0.963644 -0.102641 0.246687
0.00618192 0.996975 0.077473
-7.37257e-18 0.866025 0.5
0.226834 0.524782 0.820458
-0.787438 0.598068 0.149183
-0.601612 0.299466 0.740529
-0.890063 -0.285181 0.355611
0.707371 -0.425034 0.564776
-0.422079 0.470964 0.774624
