-0.647423 0.632495 0.425197
0.904423 0.175907 0.388684
-0.0869376 0.987397 0.132244
-0.395446 -0.901969 0.173423
0.125018 0.990579 0.0558831
0.21197 -0.964768 0.155854
0.217035 0.871511 0.439732
-0.867415 -0.0550494 0.494531
-0.0424398 -0.772008 0.634195
-0.58654 -0.80283 0.106933
0.298309 0.619983 0.725695
0.15736 -0.0954789 0.982915
0.299912 0.268727 0.915335
0.896624 -0.269929 0.351004
-0.86225 -0.270346 0.428297
-0.959094 0.282187 0.0225666
0.772376 0.279007 0.570605
-0.470622 -0.706496 0.528562
0.903665 -0.395553 0.164094
-0.0235204 -0.994282 0.104168
-0.864049 0.489141 0.118994
0.280519 0.936649 0.209757
-0.745404 0.0251401 0.666138
0.694085 -0.304982 0.652098
-0.566251 0.37539 0.733786
-0.726985 0.2482 0.640226
0.373967 -0.387171 0.842761
-0.984544 0.0958175 0.146603
-0.0162607 -0.420453 0.907169
-0.699632 0.453698 0.551973
-0.113719 -0.884507 0.452455
-0.619881 0.783393 0.0452098
-0.0170563 0.447577 0.894083
-0.924403 0.11845 0.362559
-0.41039 -0.419695 0.80959
0.652021 0.75733 0.0363184
-0.423648 0.262657 0.86691
0.827243 -0.164009 0.537373
-0.808183 -0.474261 0.349166
0.0706752 0.954459 0.28985
-0.438215 0.890133 0.125023
0.54158 -0.241344 0.80526
-0.259538 0.13659 0.956025
0.82362 0.0596979 0.563991
0.167092 -0.707722 0.686447
0.623905 -0.760742 0.178926
0.92694 -0.04767 0.37217
0.0504049 -0.948719 0.312076
-0.235356 -0.971418 0.030894
-0.952695 -0.0927759 0.28942
0.433988 -0.881855 0.184355
-0.238188 0.821806 0.517592
0.286793 -0.889888 0.354753
-0.362896 -0.612176 0.70253
-0.0594721 0.239395 0.969099
0.504294 0.56681 0.65147
0.41878 0.423798 0.803131
-0.00901543 -0.612856 0.790143
0.684677 0.484863 0.544173
-0.441696 0.0178482 0.896987
0.189821 -0.51676 0.834822
0.60769 0.75139 0.257148
0.485157 -0.786568 0.382012
-0.990947 -0.115443 0.068537
-0.730655 0.654786 0.193385
0.939312 0.283186 0.193645
-0.26115 -0.771587 0.580047
-0.341642 -0.856275 0.387393
-0.801606 0.494904 0.335406
0.981155 0.0620477 0.18299
-0.74566 -0.665851 0.0251791
0.502128 0.203275 0.840563
-0.656079 -0.599309 0.458683
0.731112 0.586518 0.348529
-0.597018 -0.316224 0.737273
0.180614 -0.313767 0.932163
-0.0884589 0.741212 0.665417
-0.559997 -0.518833 0.645922
-0.596936 0.14104 0.789794
-0.254395 -0.0885561 0.963037
0.205055 0.465705 0.860855
0.68117 -0.49803 0.536632
0.0657606 0.622989 0.779461
-0.460373 0.737977 0.493404
-0.326408 0.673867 0.662843
0.663707 -0.649596 0.370835
-0.231536 -0.309002 0.922447
0.680511 0.137302 0.719759
-0.147158 0.928403 0.341192
-0.427604 -0.206389 0.88009
0.476121 0.871288 0.119017
-0.729918 -0.406718 0.549363
-0.542348 -0.774318 0.326023
0.421779 0.835168 0.352983
0.806345 -0.476366 0.350546
-0.753338 -0.196699 0.627528
-0.228853 0.370939 0.900017
0.782148 -0.601009 0.164415
0.357632 -0.175168 0.917287
-0.0380539 -0.207507 0.977493
-0.364259 0.868291 0.336729
0.535446 -0.0195302 0.844344
0.136425 0.128859 0.982234
-0.207068 -0.514074 0.832376
-0.562348 0.779183 0.276836
0.972299 -0.162588 0.167927
-0.189066 -0.949525 0.250312
0.851721 0.490561 0.184176
-0.603731 -0.0975607 0.791196
-0.837612 0.305869 0.452604
0.367154 0.747694 0.55331
0.328039 -0.773051 0.542939
0.1549 0.763222 0.627294
0.362076 -0.598411 0.714707
0.121771 -0.854994 0.50414
-0.919503 0.309191 0.242725
-8.32667e-17 0.866025 0.5
0.564207 0.681048 0.466737
-0.379689 0.491401 0.783812
0.61059 0.35126 0.709786
0.835993 0.390554 0.385466
0.701365 -0.0867097 0.707508
0.342344 0.0486407 0.938315
-0.715521 -0.653051 0.248101
0.538678 -0.458721 0.706683
-0.85608 -0.50009 0.130523
-0.524594 0.57152 0.631004
0.515949 -0.649683 0.558309
-0.927942 -0.304154 0.21544
-0.0579153 0.0159726 0.998194
-0.172427 0.57877 0.797054
