0.748252 0.00776796 0.663369
-0.232443 0.438888 0.867956
-0.823183 -0.0432109 0.56613
-0.94287 -0.330685 0.0405442
-0.56441 0.703467 0.431944
0.103362 -0.0104344 0.994589
-0.654132 -0.602915 0.456733
0.526542 0.843291 0.107769
-0.718955 0.117259 0.685094
0.0483062 -0.938492 0.341906
0.382643 -0.9148 0.129323
-0.957354 0.279477 0.0732537
-0.1193 0.0239683 0.992569
0.425222 0.734955 0.528231
0.368087 0.475848 0.798799
-0.567665 -0.295881 0.768252
-0.958727 -0.173631 0.225154
0.578255 0.365509 0.7294
0.895837 0.392575 0.208232
0.198431 -0.211236 0.957081
0.53725 -0.324043 0.77869
0.411916 -0.176498 0.893965
-0.280424 -0.950549 0.133489
0.206928 0.362935 0.908548
-0.267457 -0.818955 0.50772
-0.730919 0.325481 0.599849
0.597403 -0.0937275 0.796445
-0.456279 0.881853 0.118934
-0.787183 -0.421187 0.450494
0.833608 0.338274 0.436655
-0.210311 0.88242 0.420838
-0.852908 0.168237 0.494211
-0.0665809 0.995762 0.0634403
0.583863 -0.724479 0.366381
-0.677917 0.526526 0.513029
0.258092 0.148406 0.954654
-0.4971 0.604253 0.622712
-0.246457 -0.541714 0.80362
-0.742734 0.594437 0.308205
-0.259132 0.942881 0.209349
-0.438352 0.451245 0.777319
0.434668 -0.519914 0.735359
-0.337267 0.0467522 0.940247
-0.928704 0.229688 0.291122
0.93475 0.190479 0.299933
0.310019 -0.689391 0.654697
-0.601644 -0.744465 0.289476
-0.887555 -0.385727 0.251913
0.135406 0.557083 0.819343
-0.92868 -0.00441496 0.370857
0.0413696 0.20553 0.977776
0.51056 0.564604 0.648499
-0.993518 -0.113146 0.010917
0.911905 -0.25424 0.322167
-0.844391 -0.532612 0.0576883
-0.457032 -0.490404 0.742041
0.394998 -0.788666 0.47115
0.0616669 0.72394 0.687102
-0.475887 -0.739333 0.476359
0.505865 0.798018 0.327517
0.200431 -0.560519 0.803521
-0.0857003 0.595305 0.798916
-0.392361 -0.866057 0.309834
-0.0125999 0.413636 0.910355
0.740824 0.251612 0.622792
-0.642479 -0.449069 0.620934
-0.74909 -0.250724 0.61319
0.612699 0.147853 0.776363
-0.58286 0.278954 0.76319
-0.456576 -0.134458 0.879465
-0.824823 0.392988 0.406481
-0.139303 -0.377959 0.915282
-0.176476 -0.92664 0.331957
0.344158 0.912674 0.220412
0.842611 -0.463279 0.274554
0.291405 0.659409 0.69301
-0.871928 0.449742 0.193581
-0.356384 -0.336124 0.871786
0.318571 -0.379968 0.868411
0.0893354 -0.719447 0.688778
0 0.866025 0.5
-0.61512 0.75737 0.219131
0.576227 -0.802434 0.15512
0.73054 -0.6488 0.213003
0.815171 0.571062 0.0968692
0.84582 -0.132711 0.516697
0.797603 -0.351226 0.490378
-0.135914 -0.71642 0.684302
0.980353 -0.135549 0.143299
-0.0239775 -0.574121 0.818419
-0.246108 -0.158681 0.956165
-0.660065 -0.091637 0.745599
-0.0250767 -0.195017 0.980479
0.616826 0.645358 0.450598
0.528699 -0.633466 0.564976
0.679055 0.699659 0.222174
-0.359266 0.761709 0.539192
-0.0586649 -0.987 0.149629
-0.0449446 -0.849007 0.526467
-0.297599 0.619623 0.726294
0.940261 -0.0313526 0.339008
-0.77648 0.62405 0.0874092
0.270638 -0.906291 0.32464
-0.354072 -0.669798 0.65269
-0.0472696 0.95747 0.284635
0.861116 0.108869 0.496615
0.145323 0.97967 0.138301
-0.876435 -0.215251 0.430731
0.0848502 -0.400607 0.912313
0.448789 0.045773 0.892465
0.689425 0.461336 0.558447
-0.703323 -0.704846 0.0923523
0.836083 -0.546998 0.0419377
0.77603 0.532483 0.337994
-0.50739 -0.853807 0.116483
0.163576 0.920471 0.354931
-0.771325 -0.578241 0.265884
0.426083 0.26813 0.864037
0.930948 -0.351122 0.100245
0.213676 0.810634 0.545174
0.64232 -0.44751 0.622221
-0.152675 0.76217 0.629116
0.166089 -0.976437 0.137783
-0.537531 0.0721025 0.840156
-0.393113 0.257327 0.882749
0.709916 -0.236551 0.663372
-0.985439 0.0547264 0.160983
-0.180452 0.237456 0.95449
0.179849 -0.835957 0.518488
0.971437 0.223381 0.0800738
0.711497 -0.551917 0.434925
-0.416139 0.844367 0.337451
