0.371837 0.246447 0.894986
-0.778025 -0.507242 0.370651
-0.984054 0.177255 0.0147568
-0.618413 -0.783754 0.057398
-0.175091 -0.225542 0.958371
-0.359407 -0.324657 0.874885
-0.218479 -0.845497 0.487238
-0.505088 0.0607872 0.860925
-0.656776 -0.482348 0.579642
0.723208 0.588824 0.36091
0.523572 -0.68993 0.499868
-0.588104 0.405457 0.699813
0.36496 -0.829816 0.422148
-0.956987 -0.27622 0.0887622
-0.347241 0.921054 0.176305
-0.551091 0.70785 0.441867
0.782825 0.60529 0.144251
0.788913 -0.332036 0.517076
0.837987 0.042763 0.544012
-0.923573 0.324758 0.203824
0.678643 0.0441759 0.733139
0.247792 -0.354866 0.901482
-0.528689 -0.183287 0.828791
-0.858873 -0.490741 0.146665
0.550725 0.702161 0.4513
0.285133 0.614031 0.735979
0.487635 0.594804 0.639078
0.877281 0.228223 0.422246
0.339856 -0.698244 0.630043
-0.722667 -0.657757 0.212389
0.177124 -0.98003 0.0903763
0.434107 0.435156 0.78879
-0.00702591 -0.901339 0.433057
0.539254 -0.839964 0.060546
0.396103 -0.16252 0.903709
-0.287458 0.664392 0.689893
0.766719 0.411421 0.492823
-0.800222 -0.326348 0.503132
0.14628 0.759302 0.634084
-0.275358 -0.704804 0.653781
-0.35205 -0.0886321 0.931775
0.181579 -0.151261 0.971673
2.22045e-16 0.866025 0.5
0.946079 0.0387346 0.321612
0.858625 0.424381 0.287514
0.756152 -0.144868 0.63816
-0.0800322 0.209769 0.97447
-0.216082 0.814758 0.538031
-0.754246 0.329568 0.567889
0.965569 -0.15528 0.20872
-0.674271 0.532553 0.511611
-0.882098 0.236948 0.407135
0.663758 -0.518047 0.539493
0.213101 0.878357 0.427875
-0.895736 -0.328949 0.299082
0.174019 -0.822468 0.541539
0.994002 0.0408171 0.101464
-0.00692194 -0.975415 0.220268
-0.806363 -0.11471 0.58019
0.949572 0.233809 0.208918
0.497454 0.0352928 0.866772
-0.998129 -0.0461916 0.0400496
-0.328011 -0.528098 0.783276
0.569691 0.233625 0.787954
-0.0477987 -0.782882 0.620332
-0.477658 -0.607454 0.6347
-0.71071 0.636407 0.299796
-0.905672 0.0134884 0.423764
0.473027 0.872579 0.121863
0.684534 -0.639125 0.350616
0.537373 -0.795038 0.281327
-0.236342 0.355997 0.904107
0.888499 -0.147561 0.434505
-0.10119 -0.626132 0.773123
0.355698 0.754848 0.551075
0.0454948 0.953647 0.297469
-0.549983 -0.789646 0.271988
0.925939 -0.365752 0.094137
-0.149444 -0.437596 0.886666
-0.494505 0.598319 0.63046
-0.380653 0.484152 0.787845
0.291593 -0.543854 0.78689
0.155107 0.246758 0.956584
0.00507777 0.408982 0.912528
0.0837992 0.993345 0.0790123
-0.837325 0.52578 0.149808
-0.151285 -0.00352188 0.988484
0.255272 0.942429 0.216019
-0.678487 -0.268636 0.683732
0.661851 0.749361 0.0202542
-0.218311 -0.965354 0.142939
-0.67113 -0.0326118 0.740622
0.618064 0.748189 0.241269
0.639823 -0.347914 0.685261
0.367743 -0.910636 0.188435
-0.0705642 0.725208 0.684904
0.491512 -0.54026 0.683034
-0.519954 -0.41615 0.745967
-0.503784 0.863473 0.0248284
-0.135152 0.982129 0.130984
0.0691489 0.0423864 0.996705
-0.428547 -0.898241 0.0975205
0.0781152 -0.515674 0.853217
-0.691707 0.716539 0.0900725
-0.379017 0.841617 0.384743
0.29069 0.045227 0.955748
0.700402 -0.700955 0.134534
-0.960908 -0.118918 0.25003
0.416858 0.843733 0.338148
0.621127 0.415116 0.66474
0.591287 -0.155178 0.791391
-0.619094 -0.652561 0.436905
-0.644121 0.191077 0.740673
-0.463306 0.281239 0.840388
0.455366 -0.360542 0.814034
-0.34906 -0.885061 0.307935
0.82253 -0.527945 0.211467
0.744934 0.230916 0.625901
-0.311824 0.146552 0.93877
0.18782 -0.927575 0.322998
-0.795931 0.109852 0.595337
0.88704 -0.338154 0.314345
0.0705115 0.593807 0.801512
-0.81824 0.447902 0.360371
-0.968053 0.105165 0.227626
-0.545649 0.803523 0.237947
-0.428734 -0.764752 0.480979
0.223479 0.442528 0.868462
0.13182 -0.685871 0.715685
0.900526 0.429734 0.0661955
-0.172537 0.92259 0.345048
0.0306308 -0.316849 0.947981
-0.148861 0.547369 0.823545
