-0.492028 -0.363287 0.791158
0.77874 0.61292 0.133763
-0.497427 0.32142 0.805764
-0.837286 0.534472 0.115293
-0.524789 -0.123535 0.842221
0.326637 0.634649 0.700378
-0.729144 -0.680185 0.0754782
0.122913 0.600291 0.79028
0.0356461 -0.0243671 0.999067
-2.77556e-17 0.866025 0.5
-0.28671 0.431627 0.855275
-0.34237 -0.748183 0.568334
0.686404 -0.250936 0.682554
-0.144115 0.977228 0.155746
0.50673 -0.314803 0.802573
-0.804916 -0.54362 0.237882
-0.788185 0.325391 0.522385
-0.543817 -0.66213 0.515604
0.933234 -0.156187 0.323544
-0.662781 -0.241525 0.708793
0.998759 0.048484 0.0114151
-0.68593 0.724419 0.0686767
-0.81323 -0.119166 0.569611
0.956694 0.253102 0.143793
0.659586 0.339617 0.670527
-0.0428213 0.718719 0.693981
-0.679783 0.205857 0.703931
0.593315 -0.0831541 0.800664
-0.533345 0.101603 0.839774
0.173399 -0.552823 0.815058
-0.465563 -0.807479 0.362254
0.391487 -0.919859 0.0244401
0.189372 -0.185371 0.964249
0.474458 -0.65367 0.589581
0.793625 0.383062 0.472677
0.342911 -0.804141 0.485561
0.71328 -0.700606 0.0195532
0.533195 -0.758995 0.373669
0.2083 -0.966975 0.146869
-0.87179 -0.488974 0.0297761
0.559322 -0.8179 0.134903
-0.445119 0.525251 0.725245
-0.615463 -0.467824 0.634307
-0.21781 -0.649789 0.72824
0.0741788 0.196594 0.977675
0.163999 0.767842 0.619292
0.643062 0.530632 0.552178
0.00185847 -0.998067 0.0621258
-0.0665907 -0.530446 0.845099
-0.77242 -0.338406 0.537447
0.970834 0.0475549 0.23499
0.427928 0.845055 0.320562
-0.355998 0.913277 0.197964
-0.914661 -0.350142 0.20198
-0.255836 -0.877588 0.405446
-0.549808 0.802964 0.230132
0.831775 -0.188598 0.522093
-0.717006 -0.536366 0.445211
-0.630563 0.419716 0.652862
0.402366 -0.142942 0.904251
0.0802129 -0.377969 0.922337
0.384908 -0.885414 0.260552
-0.40613 0.699575 0.587923
-0.147262 -0.962632 0.227274
0.867516 0.42194 0.263405
-0.842386 0.435356 0.317571
0.0985883 0.409177 0.907113
0.895165 0.443857 0.0408709
0.186768 -0.912325 0.364392
-0.296298 -0.466606 0.833359
-0.937431 0.311835 0.154859
-0.651655 -0.696378 0.300671
0.251696 0.0311301 0.967306
-0.107548 0.324299 0.939821
-0.977311 0.0929345 0.190333
-0.363675 -0.911836 0.190514
0.26714 -0.695006 0.667535
-0.567477 0.701778 0.43067
0.751318 -0.399027 0.525641
0.58537 -0.470682 0.660152
0.261269 0.943242 0.205019
0.982238 -0.156433 0.103624
-0.894577 -0.223313 0.387122
0.286712 0.249634 0.924921
-0.0329812 -0.909641 0.414085
-0.357619 -0.00344096 0.933861
0.83725 -0.535639 0.110017
0.307172 0.455464 0.835582
0.0813461 0.993545 0.0790673
0.634743 0.134717 0.76089
0.622781 0.750868 0.219865
0.475224 0.873913 0.102167
0.368051 0.768263 0.523747
-0.821561 0.105798 0.560218
-0.217034 -0.976071 0.0134574
-0.247468 0.633108 0.733439
-0.140978 -0.335997 0.931253
-0.206382 0.800659 0.562451
0.88901 0.0195234 0.457471
0.389153 -0.527198 0.755395
0.754972 -0.0239216 0.65532
-0.0830237 0.527454 0.845517
-0.123805 -0.799182 0.5882
0.563613 0.703977 0.432154
-0.343615 -0.240307 0.907844
0.484689 0.29 0.825213
0.0254427 -0.693609 0.719903
0.696412 -0.675319 0.242807
0.734218 0.580397 0.352227
0.654415 -0.594045 0.467816
-0.706184 0.528816 0.470805
-0.429174 -0.58082 0.691707
0.905595 0.222507 0.361092
-0.686913 -0.0182089 0.726512
-0.330555 0.219669 0.917866
-0.177327 0.912375 0.368953
0.0313346 0.954881 0.295332
0.794464 0.184247 0.578688
-0.168521 -0.117459 0.978675
0.116184 -0.821559 0.558159
0.803052 -0.496668 0.329284
0.208258 0.885124 0.416155
0.301332 -0.362689 0.881848
-0.383743 0.829713 0.405361
0.915482 -0.346585 0.204381
-0.512896 0.858322 0.0148666
-0.717924 0.639533 0.274922
-0.971649 -0.132237 0.19599
-0.146903 0.106766 0.983372
-0.921632 0.000368269 0.388065
0.457299 0.0748221 0.88616
-0.560281 -0.817389 0.134017
0.496603 0.487785 0.717949
-0.905962 0.223334 0.35966
