-0.556849 -0.297304 0.775583
-0.219804 -0.831328 0.51047
0.550281 -0.624658 0.55407
-0.45952 -0.518104 0.721394
-0.0804088 0.348277 0.933937
-0.771417 -0.594822 0.226059
0.617279 0.710769 0.337303
-0.29323 -0.910115 0.292756
-0.650749 0.161222 0.741979
0.524253 0.513155 0.679581
-0.0991978 0.129997 0.98654
0.120316 -0.70866 0.695216
-0.479935 0.0933949 0.872319
0.505053 0.680895 0.530381
0.0596888 0.956031 0.287127
-0.36052 0.845102 0.39475
0.708415 -0.222366 0.669852
-0.35939 -0.3688 0.85722
-0.15512 0.924758 0.347506
0.614611 -0.715073 0.333053
0.60814 -0.0613568 0.791455
-0.128228 -0.402021 0.906607
0.508515 0.844817 0.166424
-0.12255 -0.711111 0.692317
0.908931 -0.199237 0.366263
0.998126 -0.0563325 0.0239103
-0.340334 -0.690366 0.638409
-0.961445 -0.0525443 0.269932
-0.473403 0.31321 0.823279
-0.65371 0.756228 0.0279759
-0.894021 -0.423548 0.146061
-0.91723 0.373323 0.138992
0.507906 0.322615 0.798719
-0.68845 0.684832 0.238836
0.112517 0.205728 0.972119
-0.0798998 -0.92839 0.362916
-0.438866 -0.141265 0.887378
-0.209133 0.804089 0.556511
0.335679 0.46656 0.818316
0.796051 -0.341361 0.499775
0.135018 0.987833 0.0771738
0.214134 0.87671 0.430727
-0.774597 0.00818353 0.632402
-0.660843 -0.744035 0.0984844
0.959369 -0.238813 0.150263
0.720674 -0.542477 0.431681
-0.550745 0.725655 0.412437
0.6853 0.363175 0.631243
0.640348 -0.434082 0.633662
-0.867502 -0.129604 0.480253
0.687808 0.715333 0.123361
-0.232792 -0.207255 0.950186
0.366893 0.930167 0.0133726
0.425836 0.823463 0.374929
0.679087 0.542307 0.494717
0.776665 0.558022 0.292238
0.0731818 -0.0147018 0.99721
-0.632695 0.376175 0.676897
0.483438 0.109771 0.868469
0.474532 -0.851892 0.221585
0.287058 0.0436081 0.95692
-0.2883 0.0109922 0.957477
0.00184872 -0.834644 0.550786
-0.912266 -0.268938 0.308939
-0.250356 0.63424 0.731479
-0.809167 0.5823 0.0785837
0.0932146 -0.969933 0.224815
-0.590522 0.570449 0.570852
0.820779 0.381523 0.42516
0.321878 0.261221 0.910032
0.351953 -0.675127 0.64833
-0.516715 0.828724 0.214991
-0.813332 0.504396 0.28996
-0.726039 -0.210716 0.654573
0.452296 -0.496037 0.741199
-0.290078 0.234345 0.927867
-0.814303 -0.580415 0.00533414
0.162512 0.76705 0.620665
-0.488708 -0.849572 0.198472
0.332871 -0.357367 0.872631
-0.442838 0.517125 0.732445
-0.964427 0.163899 0.207405
0.281954 -0.901862 0.327334
-0.00938371 -0.223135 0.974742
-0.105114 0.985082 0.136255
-0.752809 0.433703 0.495157
-0.540257 -0.63808 0.548613
-0.469344 0.883014 0.00150868
-0.0679689 0.54927 0.832876
0.891058 0.0075952 0.453826
8.04912e-16 0.866025 0.5
0.811556 0.194759 0.550859
0.770391 -0.598695 0.219233
-0.00405894 -0.569804 0.821771
-0.40765 0.701332 0.584769
-0.118046 -0.982004 0.147424
-0.800938 -0.344658 0.489601
0.0757868 -0.997122 0.00182785
0.130959 0.418029 0.898944
0.767132 -0.00669912 0.641454
-0.998513 0.00197788 0.0544799
0.656723 0.165607 0.735724
-0.32673 -0.942349 0.0722904
-0.786904 0.22555 0.574378
-0.316577 0.929258 0.190415
-0.646562 -0.438251 0.624415
0.894433 -0.440914 0.0747327
-0.896941 0.0887555 0.43315
0.533628 -0.292532 0.793515
0.142754 0.609108 0.780134
0.225487 -0.818249 0.528795
-0.62012 -0.0583213 0.782336
-0.249316 -0.554855 0.793711
-0.427597 -0.794259 0.431641
0.897823 0.385161 0.213459
-0.713889 -0.546065 0.438379
-0.880846 0.302609 0.364057
0.977879 0.169601 0.122429
0.832184 0.549535 0.0740359
-0.971172 -0.217467 0.0976398
0.284963 -0.952458 0.107795
0.646524 -0.754403 0.113505
0.432279 -0.783523 0.446349
-0.0471298 0.722255 0.690019
0.86367 -0.408322 0.295544
0.212546 -0.187567 0.95898
0.42103 -0.127703 0.898012
0.969483 -0.0196775 0.24437
-0.613683 -0.716867 0.330899
0.114638 -0.39957 0.909507
0.919845 0.198807 0.338173
0.293273 0.928855 0.226316
-0.267103 0.446042 0.854227
0.34231 0.646029 0.682254
0.241446 -0.549902 0.799569
