0.676796 0.200532 0.708332
-0.384297 0.427398 0.81832
0.972152 0.229664 0.0466386
-0.838438 -0.183458 0.513191
-0.855396 -0.517969 0.00228851
-0.728411 0.592344 0.344306
0.0254991 0.0659363 0.997498
-0.55035 -0.700519 0.4543
0.332654 0.939425 0.0825934
-0.778874 0.00154302 0.627179
0.828659 -0.553778 0.0815789
0.212688 -0.887423 0.408954
0.550611 -0.805965 0.217366
-0.198641 0.0528116 0.978648
0.223224 0.835485 0.502131
0.19946 0.585381 0.785841
-0.553132 -0.365592 0.74859
-0.917414 -0.357839 0.174074
0.432524 0.517839 0.738082
0.77745 0.582179 0.237989
0.162302 -0.112268 0.980334
0.529888 -0.161263 0.832594
0.368403 -0.0371292 0.928924
-0.0893476 -0.979414 0.18101
0.0567895 0.447425 0.892517
-0.132801 -0.82772 0.5452
-0.826548 0.19766 0.52702
0.540029 0.0771595 0.838102
-0.635052 0.771988 0.027286
-0.716898 -0.551283 0.426784
0.710057 0.528655 0.465127
-0.418699 0.840561 0.343728
-0.90514 0.012821 0.42492
0.689496 -0.565049 0.453117
-0.809241 0.40028 0.430006
0.147051 0.251211 0.956697
-0.657281 0.520019 0.545493
-0.192141 -0.536439 0.821776
-0.870433 0.441795 0.217172
-0.462237 0.877785 0.125817
-0.580671 0.391401 0.713881
0.473287 -0.37634 0.796472
-0.411901 0.0265703 0.910841
-0.975856 0.0458257 0.213553
0.999941 0.0103063 0.00332359
0.849661 0.398037 0.345895
0.0516027 -0.998648 0.00628342
0.392659 -0.572311 0.719917
-0.457119 -0.836894 0.301082
-0.806622 -0.54855 0.220124
-0.0458039 0.617119 0.785536
-0.934102 -0.178359 0.309258
-0.0779045 0.26289 0.961676
0.332004 0.693618 0.63927
0.916712 -0.0397121 0.397571
-0.719294 -0.693563 0.0398273
-0.403309 -0.53379 0.743243
0.510203 -0.661505 0.54964
-0.141619 0.757345 0.637474
0.674379 -0.737184 0.0421037
-0.350029 -0.795325 0.494912
0.30463 0.902937 0.30316
0.247747 -0.461273 0.851968
-0.267774 0.60704 0.748197
-0.229607 -0.91069 0.3434
-0.167928 0.451078 0.876544
0.622773 0.434824 0.650447
-0.583279 -0.538881 0.607777
-0.727315 -0.367971 0.579318
0.507045 0.315119 0.80225
-0.685284 0.192172 0.702464
0.482151 -0.875969 0.0144401
-0.486465 -0.178649 0.855241
-0.916929 0.233321 0.323732
-0.129825 -0.348018 0.928455
-0.00828412 -0.923442 0.383648
0.131717 0.975165 0.178057
0.89562 -0.260912 0.360264
0.0952915 0.742749 0.662754
-0.957925 0.267208 0.104786
-0.34681 -0.35499 0.868162
0.320985 -0.256717 0.911628
0.180837 -0.645975 0.74163
-0.216308 0.872909 0.437312
-0.772347 0.622698 0.125412
0.714469 -0.654331 0.24776
0.82906 -0.468867 0.304668
0.670868 0.733455 0.10945
0.812189 0.0757649 0.578454
0.811943 -0.149108 0.564371
-0.0392097 -0.690408 0.722356
0.973125 0.0806934 0.215674
0.0304159 -0.520704 0.853196
-0.282126 -0.154047 0.946929
-0.683349 -0.186765 0.7058
-0.0609192 -0.141929 0.988001
0.434569 0.783859 0.443526
0.601562 -0.476857 0.640883
0.501962 0.837383 0.216388
-0.548534 0.698018 0.460306
0.13323 -0.967706 0.213999
0.088998 -0.809463 0.580388
-0.473845 0.582454 0.660468
0.897422 0.184754 0.400625
0.80717 0.590318 0.00128431
0.273827 -0.96172 0.0106316
0.424367 -0.810399 0.403938
-0.259152 -0.692281 0.673489
-0.264377 0.940495 0.213481
0.779205 0.313725 0.542602
-0.0696097 0.994461 0.0787526
-0.844615 -0.369987 0.386957
0.0937502 -0.323378 0.941614
0.358978 0.187513 0.914316
0.534687 0.625298 0.56843
-0.549083 -0.830294 0.0954966
0.924518 -0.356759 0.134122
0.621792 0.700808 0.349632
-0.329285 -0.933398 0.142615
-0.0565544 0.952352 0.299711
-0.65488 -0.711413 0.254998
0.293502 0.398294 0.869033
0.972422 -0.142473 0.184651
-9.71445e-17 0.866025 0.5
0.66988 -0.268389 0.692263
-0.354064 0.746633 0.563185
0.351283 -0.911002 0.216045
-0.604691 0.00392268 0.79645
-0.505033 0.217319 0.835293
0.689425 -0.0460243 0.722893
-0.985243 -0.143996 0.0925324
-0.29906 0.246358 0.921884
0.306279 -0.750112 0.586111
0.895846 0.425793 0.127119
0.77335 -0.366106 0.517587
-0.605235 0.755762 0.250028
