0.704565 -0.708799 0.0345171
0.400406 -0.526493 0.749987
-0.85857 0.474899 0.193206
-0.550199 -0.833567 0.049467
-0.841396 -0.027949 0.539695
0.982119 0.0242256 0.186699
-0.555221 0.443052 0.703871
-0.809428 0.587204 0.00415757
-0.722073 -0.415824 0.552903
0.836855 0.13634 0.530174
-0.350391 -0.933204 0.0797269
0.50018 -0.778928 0.378273
0.213506 0.440484 0.872003
0.558586 0.264123 0.78627
-0.845302 -0.243857 0.475392
-0.0342246 -0.515878 0.855978
0.532739 -0.320249 0.783346
-0.581148 0.728625 0.362453
-0.206179 -0.621515 0.755784
0.184636 -0.97445 0.127891
-0.915957 0.136585 0.377315
0.986248 -0.163289 0.0255066
0.533099 -0.833719 0.143939
0.115179 0.98966 0.0854808
-0.00808327 -0.175688 0.984413
0.490869 0.861727 0.12835
0.321705 0.946819 0.00624661
-0.0742439 0.200012 0.976976
-0.139803 0.557786 0.818126
-0.723787 0.403627 0.559658
-0.565286 -0.572319 0.594057
-0.925532 0.378668 0.000794877
0.679381 0.500615 0.536494
-0.220225 0.823901 0.522195
-0.445865 -0.854084 0.267852
0.816325 -0.555949 0.156636
-0.687414 -0.601523 0.406979
0.441484 0.828046 0.34559
0.110499 -0.358462 0.926982
-0.974077 -0.17693 0.140959
0.0758024 0.0330741 0.996574
0.369687 0.752327 0.545285
0.329788 -0.353208 0.875491
-0.451021 0.298042 0.841279
-0.585843 -0.363204 0.72448
0.186692 -0.541403 0.819774
-0.802974 0.192731 0.563993
-0.000513031 -0.999998 0.00206016
-0.943884 0.266372 0.195266
-0.935413 -0.0852675 0.34312
-0.724687 -0.19786 0.660061
0.896108 0.443782 0.00687996
-0.703085 0.0205993 0.710807
-0.427148 0.734861 0.526805
0.497862 0.590358 0.635303
0.79281 -0.0714764 0.605263
-0.23484 -0.932865 0.273154
-0.37414 -0.688445 0.621339
0.689337 0.0936556 0.718361
-0.354938 0.495922 0.792515
0.708516 -0.275665 0.649626
-0.307581 -0.832283 0.461193
0.215584 0.874231 0.435021
0.670802 -0.69572 0.256902
-0.224195 0.353468 0.908184
0.868272 -0.392762 0.303052
-0.570568 -0.131876 0.810593
-0.510093 -0.734447 0.447652
0.450697 -0.673051 0.586408
-0.599849 0.590724 0.539653
-0.746426 0.550959 0.37322
0.243584 -0.700537 0.670757
-0.907862 -0.39217 0.148288
0.0931262 -0.824639 0.557941
0.502232 0.0597833 0.862664
-0.52459 0.833912 0.17145
0.754855 -0.431678 0.49381
-0.168051 0.928964 0.329826
-0.00494651 0.405035 0.914288
0.882387 0.410842 0.22935
-0.0186035 -0.974146 0.225154
-0.381467 0.858077 0.343782
0.280647 0.932502 0.227325
0.158916 0.765196 0.623876
0.716911 0.29899 0.629797
-0.72092 -0.692989 0.00635984
-0.226095 -0.220144 0.948903
0.823871 0.357045 0.440177
0.785756 0.607736 0.115083
-0.419871 -0.292146 0.859278
-0.0587109 0.736021 0.674408
0.42893 -0.15144 0.890553
0.351326 -0.899522 0.259674
5.55112e-17 0.866025 0.5
0.924496 -0.371384 0.085916
-0.325824 0.935085 0.139479
-0.713396 0.675049 0.18808
0.950259 -0.190734 0.246228
-0.634923 -0.736233 0.234167
-0.242251 -0.430393 0.869527
-0.107345 0.986867 0.120712
0.579908 0.681552 0.44631
-0.417257 -0.51011 0.75212
0.146022 0.243802 0.958769
0.0794135 0.603573 0.793343
0.296545 0.0476379 0.95383
0.423207 0.444198 0.789673
-0.275784 0.67627 0.683082
0.0250599 -0.688914 0.72441
-0.791748 -0.581006 0.188595
-0.853751 0.353075 0.382683
0.632811 -0.618916 0.465287
0.0538968 0.95269 0.299125
0.373842 -0.927371 0.0149717
0.917611 -0.0261637 0.396618
-0.532594 0.0880141 0.841782
0.92505 0.188821 0.32959
-0.31299 0.148556 0.938066
-0.649226 0.239093 0.722039
0.965041 0.236471 0.113034
0.856034 -0.23298 0.461438
0.640382 0.731215 0.235022
0.619519 -0.112417 0.77689
0.593793 -0.484856 0.642125
0.215806 -0.162521 0.962816
0.362229 0.255379 0.896422
-0.0763421 -0.899682 0.429819
-0.144939 -0.780408 0.60824
-0.15907 -0.00847184 0.987231
0.652868 0.757383 0.0115814
0.151716 -0.91966 0.362226
-0.385897 -0.0638969 0.920327
-0.984817 0.0465896 0.167225
-0.828275 -0.433533 0.354979
0.294598 0.618719 0.728285
0.754938 0.564356 0.334023
0.307322 -0.816656 0.488494
