0.753803 0.250249 0.607582
0.155591 0.424164 0.892119
-0.2546 -0.259823 0.931489
0.569924 0.329468 0.752753
-0.332543 0.889154 0.314357
0.780814 -0.522806 0.342058
-0.223088 0.834636 0.503601
0.434803 0.797194 0.418842
-0.555351 0.601111 0.574674
0.0363242 0.610244 0.791381
0.970076 0.0683036 0.232995
0.276116 -0.943726 0.182046
-0.769395 0.275796 0.576167
0.743744 -0.405938 0.531093
0.0916707 0.0366519 0.995115
0.912568 -0.0675343 0.40331
-0.904488 -0.381158 0.191362
-0.884822 -0.0874875 0.457641
-0.133792 -0.649793 0.748244
0.646035 0.117403 0.754225
-0.472818 -0.163755 0.86581
0.0721807 -0.720171 0.690032
0.509715 -0.0481854 0.858993
-0.334788 0.692941 0.638553
0.251832 0.212037 0.944257
-0.452664 -0.681959 0.57448
-0.67589 -0.687676 0.265093
0.371548 0.377091 0.848383
0.796763 0.604127 0.0141067
0.960713 -0.178012 0.212935
0.531399 0.819 0.216456
0.290306 -0.871593 0.395029
-0.952934 0.192457 0.234258
0.621375 -0.594044 0.510885
-0.0691222 0.440321 0.895176
0.805213 0.0314218 0.592152
0.473152 -0.839432 0.26736
-0.346123 -0.574714 0.741554
0.925156 0.288682 0.246474
0.222615 0.855925 0.466727
-0.451524 0.764721 0.459705
-0.639006 -0.607153 0.472269
-0.415483 -0.378212 0.827243
0.0801873 -0.952764 0.292936
-0.191795 -0.46543 0.864054
0.838199 0.495668 0.227456
0.681781 -0.10303 0.724264
0.0657243 -0.995227 0.0721326
-0.698949 0.700474 0.144248
-0.992649 0.00176007 0.121016
-0.652189 0.172095 0.738263
0.579766 -0.450114 0.679168
0.998432 -0.0410501 0.0380493
0.270026 -0.760786 0.590162
-0.785874 0.0369736 0.617281
-0.501874 0.0596579 0.862881
0.432852 -0.619242 0.655117
0.806793 -0.191429 0.558964
0.031271 0.251922 0.967242
0.425516 0.904204 0.0367471
0.706161 0.677097 0.207065
-0.674819 -0.736601 0.0451575
-0.288954 0.397216 0.871048
-0.134836 -0.975662 0.172925
0.462549 -0.749463 0.47366
-0.0807929 -0.128243 0.988446
2.64545e-17 0.866025 0.5
0.823304 0.37039 0.430094
-0.0208106 -0.339999 0.940196
0.874223 -0.305938 0.37701
0.328629 0.909428 0.254839
0.130545 0.753103 0.64482
0.195755 -0.387971 0.900644
-0.765371 -0.200775 0.611471
0.960087 -0.279454 0.0117493
-0.324425 0.182178 0.928202
-0.809491 -0.573948 0.123731
-0.800664 0.538279 0.263046
0.541471 -0.262906 0.798554
0.110491 0.949107 0.294937
0.468461 0.52601 0.709829
-0.113256 0.940603 0.320062
-0.886294 0.137299 0.442304
0.784729 -0.60551 0.132509
-0.306179 -0.82332 0.477912
-0.861732 0.348758 0.368491
-0.825955 0.563438 0.0183241
-0.119813 -0.913433 0.388954
-0.605419 -0.294814 0.739292
-0.533412 0.8068 0.254059
0.308524 -0.00591694 0.951198
-0.201056 0.585984 0.784984
0.717573 0.56759 0.403646
-0.429492 0.516068 0.741087
0.643312 -0.698858 0.312645
-0.109105 -0.80344 0.585303
-0.980184 0.197803 0.010662
0.0905795 -0.861932 0.498867
-0.0937477 0.74239 0.663377
0.979291 0.196673 0.0480556
-0.791468 -0.508805 0.338668
-0.5547 0.831468 0.0311141
0.664126 0.456372 0.592167
-0.00724122 0.994106 0.108174
-0.720476 -0.414485 0.555982
-0.950554 -0.171255 0.259074
0.911155 0.410828 0.0318906
0.0354258 -0.535674 0.843682
0.63259 -0.768193 0.098533
-0.126515 0.0923812 0.987654
0.891578 0.155724 0.425251
0.460909 0.171466 0.870725
0.258966 0.582923 0.770154
-0.615595 0.408129 0.674147
-0.319831 -0.946273 0.0477092
-0.726402 0.480198 0.49168
0.549865 0.641814 0.534532
-0.513566 -0.842746 0.161335
-0.649682 0.65928 0.3785
0.63085 0.775673 0.0189759
-0.485395 0.298481 0.821767
-0.648894 -0.0744633 0.757226
-0.30448 -0.0410249 0.951635
-0.546935 -0.501254 0.670527
-0.857442 -0.306674 0.413212
0.396097 -0.434745 0.808767
0.240237 -0.592497 0.768917
-0.502447 -0.778135 0.376899
0.349194 0.71209 0.609091
0.349554 -0.223571 0.90985
-0.326242 -0.906108 0.269322
0.214225 0.974139 0.0718353
0.892592 -0.413441 0.179851
0.450496 -0.891416 0.0492991
-0.977533 -0.207276 0.0383006
-0.229688 0.964721 0.128677
-0.910998 0.389951 0.134239
0.13727 -0.182938 0.973494
