-0.379992 -0.655037 0.653095
0.120606 0.938351 0.323962
-0.977873 0.207017 0.0301392
-0.357481 0.698921 0.619448
0.370613 -0.924891 0.0849878
0.920898 0.389771 0.00500828
0.176939 0.579865 0.795267
0.251947 0.957286 0.14187
-0.67562 0.449037 0.584726
0.405791 -0.795228 0.450496
-0.999394 -0.017267 0.030239
-0.560914 -0.788733 0.251545
0.445948 -0.154571 0.881611
0.41136 -0.525515 0.744726
-0.556723 0.634242 0.536467
-0.416099 0.908045 0.0481255
-0.533125 -0.262661 0.804231
0.81146 0.582705 0.0445861
-0.141593 -0.708664 0.691192
0.449452 0.749604 0.485888
-0.689141 -0.127953 0.713241
-0.845603 -0.53349 0.0185415
-0.223775 0.847456 0.481397
-0.58878 -0.808218 0.0110417
0.958574 0.233603 0.16299
-0.213221 -0.182776 0.959755
0.974052 -0.165194 0.154707
0.997546 0.0374882 0.0591331
0.112638 0.0128183 0.993553
0.429238 0.221163 0.875695
0.0858514 0.740661 0.666372
-0.766194 0.242981 0.5949
0.0158872 0.991178 0.131583
0.687176 -0.520939 0.506371
0.661676 0.428537 0.615257
-0.969429 0.074771 0.233703
-0.228009 -0.973464 0.0195122
-0.828855 0.369983 0.419657
0.914432 -0.159653 0.371919
-0.337442 -0.349985 0.873867
0.661647 0.744127 0.0921798
-0.205317 0.974343 0.0921946
-0.525351 0.820668 0.224748
0.0109212 -0.187904 0.982127
0.808391 -0.146008 0.570251
-0.250404 -0.544445 0.800548
0.0733584 0.414066 0.907286
-0.58531 0.319306 0.745289
-0.474858 -0.471542 0.743073
-0.139352 0.738537 0.659654
-0.104512 0.943037 0.315846
-0.435631 0.79115 0.42931
-0.478873 0.514915 0.711015
-0.270181 0.565879 0.778963
0.503408 0.587895 0.633214
0.699999 -0.333867 0.631295
0.192858 -0.837983 0.51048
-0.966281 -0.149251 0.209822
-0.806064 0.0212494 0.591447
0.30351 -0.698258 0.648319
0.294706 0.401698 0.867056
-0.0298649 -0.838197 0.544549
-0.908082 -0.0706297 0.412794
0.871046 0.0542607 0.488195
-0.415711 -0.901386 0.121193
0.204184 0.215057 0.955018
-0.0642638 -0.982645 0.17401
-0.368627 0.376103 0.850095
-0.890015 0.153346 0.42937
-0.49029 -0.732375 0.472486
0.305924 0.694941 0.650745
0.223568 0.838145 0.497524
-0.595151 -0.561347 0.575052
-0.701892 0.682001 0.20548
-0.759933 -0.451456 0.467642
0.197128 -0.55581 0.807599
0.577052 0.759436 0.300448
-0.150766 -0.916241 0.371176
0.787539 0.442524 0.428899
0.331558 0.029593 0.942971
0.692043 -0.700848 0.172879
-0.923814 -0.35786 0.13603
0.643356 0.613124 0.458445
0.958787 0.0416956 0.281048
0.740021 0.0434797 0.671177
0.508787 -0.639384 0.576475
-0.907078 0.420576 0.0180272
-0.33213 0.0078876 0.943201
0.610695 -0.693162 0.382855
-0.619085 0.784987 0.022988
0.845547 -0.526644 0.0877262
-0.465286 0.173366 0.868017
0.631376 0.228035 0.741191
-0.0273623 -0.566557 0.823568
-0.721574 -0.67833 0.138561
0.781966 0.242492 0.574219
0.744946 0.61549 0.257347
0.359833 0.875672 0.322054
0.156204 -0.979443 0.127642
-0.926892 0.296013 0.230755
-0.529842 -0.0414837 0.847081
0.873422 0.434046 0.220768
0.823655 -0.352897 0.44391
-0.662032 0.107488 0.741727
0.234302 -0.173191 0.956613
0.552691 0.0376889 0.832533
0.106734 -0.381542 0.918169
0.529536 -0.336695 0.778606
0.496476 0.406661 0.766902
-0.666312 -0.361883 0.651973
-0.837299 0.502228 0.216093
-5.55112e-17 0.866025 0.5
-0.367973 -0.866021 0.338532
0.891742 0.249458 0.377579
0.2903 -0.910331 0.294998
-0.151723 0.414958 0.897101
0.496213 -0.832188 0.247459
-0.0201594 0.220635 0.975148
-0.0478548 0.592126 0.804423
0.565382 -0.824161 0.0331754
0.0724159 -0.935167 0.346726
0.901891 -0.363803 0.232896
0.0836204 -0.714383 0.69474
-0.265836 -0.805278 0.52996
-0.790059 0.61295 0.0099681
-0.11857 -0.382571 0.916286
0.326619 -0.361143 0.873439
0.47783 0.868745 0.130233
-0.885253 -0.30456 0.351526
-0.807699 -0.221889 0.546249
-0.112654 0.0160037 0.993505
0.941403 -0.337044 0.0126941
-0.817737 -0.514006 0.259045
-0.243479 0.215013 0.945773
-0.322541 0.90655 0.272275
-0.721281 0.566784 0.398133
0.648086 -0.147698 0.747107
0.783572 -0.541956 0.303807
-0.671353 -0.6379 0.377318
