-0.209886 0.0453404 0.976674
-0.599756 0.114425 0.791959
-0.388519 -0.143974 0.910123
0.364043 -0.665301 0.651803
-0.760144 0.0960693 0.642613
-0.807421 0.274087 0.522444
-0.548058 0.624019 0.556986
-0.06296 0.951283 0.301823
0.75819 0.638282 0.133209
0.433412 0.901012 0.0182007
-0.216317 -0.533854 0.817439
0.0403243 0.737638 0.673992
-0.475334 0.85791 0.195058
-0.72263 -0.523311 0.451611
0.617665 0.784922 0.0488571
-0.995685 -0.0695706 0.0614082
-0.198336 -0.815478 0.543745
0.991274 0.131613 0.00732808
-0.674163 -0.263223 0.690086
0.40131 0.710988 0.577448
0.455343 -0.120525 0.88212
0.316587 0.451732 0.834093
-0.794556 -0.606457 0.0298468
0.53992 0.735924 0.408536
-0.496416 -0.308283 0.8115
0.0367142 -0.549296 0.834821
-0.914502 0.223787 0.337054
0.62066 -0.706276 0.340521
0.206713 0.809549 0.549455
0.474098 -0.488822 0.732314
-0.526491 0.467584 0.710051
-0.0696133 0.214702 0.974196
0.557998 -0.606411 0.566484
-0.766597 -0.592498 0.247538
0.640115 -0.761582 0.101218
0.0383838 -0.207908 0.977395
0.721701 -0.536591 0.437286
-0.373219 0.756025 0.537712
0.852391 -0.431976 0.294662
-0.273019 0.93166 0.239728
0.993457 -0.0730478 0.0877963
-0.0938069 0.421079 0.90216
0.254804 -0.179921 0.950107
0.727193 -0.21275 0.652632
-0.259221 -0.91023 0.322933
0.297656 0.936052 0.187636
-0.124622 0.988327 0.0876325
-0.963375 -0.00189743 0.26815
-0.398069 -0.797429 0.453485
-0.909871 0.376295 0.174748
0.48483 -0.842677 0.234169
0.501532 0.0991102 0.859444
0.946079 -0.26746 0.182756
-0.794746 -0.320611 0.515352
0.146705 0.175054 0.973568
0.0186342 -0.814656 0.579645
0.633472 -0.0535188 0.771912
-0.416219 0.0741625 0.906235
-0.295352 -0.949092 0.109508
-0.883152 0.0488119 0.46654
-0.6148 -0.467702 0.63504
0.613532 0.575934 0.540257
0.149924 0.924618 0.350148
-0.0804743 -0.383788 0.919908
-0.48668 -0.872985 0.0322595
0.44744 -0.765498 0.462397
0.848304 0.470424 0.243067
0.235271 -0.8063 0.542704
-0.855529 -0.405582 0.321829
-0.294679 -0.342424 0.892138
0.466652 0.54051 0.70006
-0.897381 -0.428062 0.107099
-0.281967 0.247103 0.927057
0.270173 -0.533982 0.801167
-0.0525376 -0.915937 0.397869
-0.309697 0.446841 0.839298
-0.212147 0.87142 0.44229
-0.529392 0.757068 0.382873
0.949338 -0.0833512 0.303001
0.777033 0.0315551 0.628669
-0.951333 -0.235545 0.198708
0.941894 0.313479 0.120695
-0.305665 -0.673547 0.672981
0.503862 0.344315 0.792194
-0.354975 0.934466 0.0276704
0.00565783 0.00839336 0.999949
-0.799894 -0.113558 0.5893
0.122876 0.385543 0.914472
-0.653495 0.729216 0.20295
0.71079 0.612211 0.346374
-0.458443 -0.852999 0.249444
-0.175221 0.753721 0.633405
2.77556e-17 0.866025 0.5
0.352971 0.850314 0.390355
-0.0914463 -0.686991 0.720889
0.857768 -0.126111 0.498327
-0.0928619 -0.977274 0.190559
0.660099 0.387445 0.643549
-0.597425 -0.704131 0.383773
0.804181 -0.339161 0.488122
0.966568 0.121792 0.225637
-0.693129 0.610251 0.383622
0.891344 0.28473 0.352753
0.657324 0.185434 0.730437
-0.976307 0.170902 0.132728
-0.823245 0.431137 0.369309
0.560795 -0.283062 0.778065
-0.360888 0.612151 0.703585
0.878802 -0.470476 0.0797524
-0.636837 -0.75209 0.169701
-0.697512 0.462998 0.54691
0.773228 0.435295 0.461126
-0.474659 0.29112 0.830631
0.36809 -0.346905 0.862651
0.493251 0.841287 0.221223
0.469763 -0.8826 0.0184261
0.0824746 -0.995489 0.0469016
0.34382 0.245692 0.906324
0.312294 0.0323528 0.949434
0.895385 0.0819137 0.437695
-0.157816 0.596921 0.786626
0.114519 -0.95844 0.261299
0.156353 -0.381284 0.91114
-0.500979 -0.64626 0.575646
0.655094 -0.419127 0.628637
-0.178445 -0.172179 0.968768
0.24824 0.640781 0.726483
0.29587 -0.945267 0.13759
0.796125 0.238323 0.556225
-0.90096 -0.165632 0.401045
0.0876072 0.985513 0.145222
0.302788 -0.88668 0.349452
0.870569 0.491856 0.0136424
0.0584763 0.572349 0.817922
-0.663269 0.296925 0.686957
0.147355 -0.690771 0.7079
-0.800625 0.565867 0.196965
-0.429654 -0.507596 0.746822
-0.579357 -0.103929 0.808421
0.764414 -0.611756 0.203531
