-0.266542 -0.326793 0.906731
-0.440387 -0.627696 0.641917
-0.145244 -0.550961 0.821794
0.642567 -0.0207754 0.765948
0.0574719 0.996137 0.0663874
-0.334816 0.942223 0.0106653
0.465205 0.881488 0.0810215
-0.457499 -0.757711 0.465369
-0.619956 -0.71486 0.323464
-0.855735 -0.351343 0.379837
-0.945857 0.254827 0.201044
-0.33954 0.912316 0.228894
-0.67951 0.7331 0.0288018
0.289668 -0.526628 0.799221
-0.769389 0.210318 0.603163
-0.989896 -0.140149 0.0215313
0.156265 -0.927664 0.339147
-0.511712 0.852622 0.10577
0.597793 -0.573911 0.559705
0.229791 0.953272 0.196136
-0.102976 -0.822378 0.559544
-0.601694 0.544769 0.584116
0.13732 0.232424 0.962872
-0.432225 0.329466 0.839425
0.956576 0.281165 0.0768686
-0.54946 0.707044 0.445177
-0.0169314 -0.696121 0.717725
0.391152 -0.304243 0.868583
-0.583131 -0.802669 0.125223
0.819395 0.246511 0.517518
-0.757416 0.40877 0.509145
0.506586 0.133777 0.851748
-0.72737 -0.414637 0.546817
-0.372465 -0.134405 0.918262
0.670312 0.191797 0.716866
0.235805 -0.962092 0.137024
0.91409 0.280707 0.292648
0.0550671 -0.195992 0.979058
0.683974 0.387734 0.617933
-0.91235 -0.138899 0.385131
0.65589 0.568781 0.496282
-0.992866 0.0653884 0.0997078
0.406892 0.865394 0.29246
-0.560266 -0.0672827 0.825575
0.110367 0.0163556 0.993756
0.354238 0.481491 0.801674
0.697465 -0.630825 0.340003
-0.786109 0.596006 0.163738
-0.381825 -0.921783 0.0672777
0.52405 -0.735299 0.429775
0.913237 0.0876072 0.397898
-0.0452827 0.361089 0.931431
0.554704 0.733895 0.392048
-0.0660517 -0.92685 0.369576
-0.258941 0.0481391 0.964693
0.668619 -0.381181 0.638474
0.155785 0.437502 0.88562
-0.355611 -0.493228 0.793894
0.753267 -0.645186 0.127764
-0.430571 -0.86036 0.272745
0.115112 -0.836861 0.535176
-0.396041 0.693237 0.602141
-0.85305 0.431504 0.293444
0.183828 -0.361944 0.913895
0.626982 -0.779 0.00729868
0.8742 -0.484439 0.0330793
0.793703 0.0470345 0.606484
-0.169642 0.914008 0.368527
0.743579 -0.174547 0.645463
0.0204433 -0.984233 0.17569
0.0738395 -0.537482 0.840036
-0.440144 0.520873 0.731413
-0.470554 -0.308616 0.82664
0.619432 0.763202 0.18392
0.46517 -0.0801391 0.881586
0.764654 -0.45604 0.455337
-0.651075 -0.244777 0.718461
-0.946834 0.0665858 0.314755
0.766385 0.63748 0.079208
-0.945005 -0.256881 0.202429
0.367628 0.787663 0.494406
0.150385 0.623009 0.767622
-0.151447 -0.988225 0.0217831
0.0271332 0.959224 0.281343
0.408923 -0.638409 0.652085
-0.260194 0.46634 0.845474
-0.159459 -0.147665 0.976098
0.86292 0.468301 0.189905
-0.270152 -0.864865 0.423116
-0.452394 0.115129 0.884356
-0.935766 -0.352598 0.00417986
-0.365119 0.825952 0.429525
0.5852 -0.779562 0.223215
-0.854576 0.0260065 0.518675
-0.875343 0.249162 0.414358
-0.718568 0.582474 0.37998
0.490079 -0.455453 0.743226
0.344483 0.657464 0.670129
0.838748 -0.483673 0.250124
-0.221586 0.648416 0.728325
0.377903 -0.871122 0.313584
0.52344 0.529664 0.667433
0.196503 0.892956 0.404989
-0.867941 -0.461898 0.182559
-5.68989e-16 0.866025 0.5
-0.0496769 0.556012 0.829688
-0.746837 -0.646081 0.157522
0.34065 0.283496 0.896431
-0.800817 -0.207875 0.561677
0.733812 0.611868 0.295191
0.441027 -0.891813 0.100823
-0.758835 -0.547002 0.353494
-0.197456 0.798199 0.569113
-0.564789 -0.452807 0.689912
0.318029 0.0703074 0.94547
-0.634392 0.733477 0.244046
0.97786 0.0924313 0.18774
0.939937 -0.30812 0.146905
-0.243683 0.265214 0.932888
-0.064816 0.149121 0.986692
0.175373 0.779842 0.600908
-0.727377 -0.0412481 0.684997
0.884204 -0.298326 0.359422
0.267028 -0.143489 0.952947
0.329321 -0.79117 0.515361
0.522586 0.341468 0.781219
-0.0536016 -0.37904 0.923827
-0.614271 0.355295 0.704582
0.955523 -0.108538 0.274217
-0.0223323 0.729849 0.683244
0.99184 -0.113849 0.0573791
-0.229113 -0.947407 0.223445
-0.899835 0.429605 0.0757434
0.871394 -0.113143 0.477359
-0.146218 0.978217 0.14735
-0.632671 0.141988 0.761293
-0.615079 -0.600336 0.51115
0.580423 -0.236911 0.779091
0.200502 -0.700396 0.685014
-0.234346 -0.694136 0.68063
0.804393 0.434789 0.404858
