0.51953 0.522783 0.67586
0.132775 0.470599 0.8723
0.449855 0.317625 0.834713
0.945807 -0.226675 0.232525
-0.653605 -0.214468 0.725812
-0.693562 0.685289 0.22215
-0.0560178 0.371754 0.926639
-0.242473 0.462178 0.852994
-0.215853 0.79335 0.569214
0.162323 -0.956087 0.244026
-0.396979 -0.767455 0.503409
0.657156 -0.0570326 0.751594
0.163994 0.978079 0.128323
-0.736408 0.397072 0.547757
-0.83426 0.524441 0.170212
-0.519432 0.815382 0.255622
0.103432 -0.256672 0.960948
-0.519404 -0.0757852 0.851162
0.603235 -0.437157 0.667084
0.182152 0.0902263 0.979122
-0.512136 -0.609884 0.604779
0.921704 0.363406 0.135642
0.560033 0.825661 0.0681745
-0.190031 -0.544852 0.816716
-0.720623 0.209214 0.661009
0.389603 0.121132 0.912982
0.825843 -0.0496401 0.561712
-0.9406 0.183094 0.285916
-0.410343 0.320104 0.853904
-0.0486402 -0.991182 0.123257
-0.603963 -0.772552 0.195942
0.989787 -0.028749 0.139627
-0.0316096 0.736937 0.675222
0.528123 0.674058 0.516461
0.977594 -0.209923 0.0155576
-0.0315221 -0.42149 0.906285
-0.993828 -0.105811 0.033315
-0.403364 -0.489892 0.772854
0.776569 0.316636 0.544685
-0.593399 -0.422085 0.685363
-0.18205 0.905578 0.383128
-0.400756 0.911027 0.0970848
0.375856 0.814329 0.442269
0.874448 0.337147 0.348816
0.457882 -0.633259 0.623961
-0.388904 0.0885285 0.917015
-0.310967 -0.665676 0.678362
0.415543 -0.476626 0.774694
-0.58362 0.369696 0.722988
-0.23695 -0.882628 0.405983
-0.727803 0.558226 0.398355
0.839047 0.543359 0.0276053
0.149034 -0.988466 0.0269064
-0.828539 -0.417557 0.373055
-0.096082 -0.706601 0.701059
0.0165627 -0.0532053 0.998446
0.67321 0.649764 0.352982
-0.0615089 -0.843979 0.532839
0.756087 -0.408091 0.511659
0.336745 0.502303 0.796426
0.308153 -0.776305 0.549901
-0.228322 0.236261 0.944484
0.268125 -0.110979 0.956971
0.140238 -0.880313 0.453192
0.742751 0.130447 0.656738
0.109269 -0.758779 0.642117
0.335382 -0.873858 0.351983
0.909799 -0.404803 0.0916583
0.343871 -0.930996 0.122467
0.855996 -0.409361 0.315744
-0.989241 0.122333 0.0802271
-0.114402 -0.227083 0.967133
0.578882 0.141967 0.802958
-0.275474 -0.356944 0.892583
0.356055 0.668154 0.653295
-0.686347 -0.533149 0.494651
-0.0364013 -0.940807 0.336982
0.934974 -0.0424629 0.352167
0.633966 -0.590573 0.49931
0.193865 0.794592 0.575361
-0.201005 0.964362 0.172057
-0.848176 0.219395 0.482145
-0.380433 0.820871 0.42596
-0.754825 -0.335808 0.563447
-0.328234 -0.147312 0.933039
0.566159 -0.254608 0.783989
-0.798838 -0.121864 0.589073
-0.59472 0.802414 0.049395
0.679235 0.51286 0.52499
-0.0254891 0.162323 0.986408
0.528179 0.800134 0.284275
-0.684389 0.0032641 0.72911
-0.564369 0.700099 0.437435
-0.888656 -0.208951 0.408202
0.265001 -0.630468 0.729578
0.00151705 0.961277 0.27558
-0.0335164 0.998867 0.0337715
-0.89702 0.00877588 0.441902
0.731686 -0.231894 0.640984
0.495591 -0.750092 0.437894
0.209605 -0.440858 0.87276
-0.41385 0.687041 0.597245
-0.970752 -0.0294774 0.23827
-0.563085 0.168364 0.809066
-0.423621 0.519356 0.742169
0.983658 0.175739 0.0391596
-2.77556e-17 0.866025 0.5
0.0614104 -0.592224 0.80343
-0.242023 0.642484 0.727076
0.157161 0.648274 0.745011
0.954249 0.154407 0.25606
0.509917 -0.830134 0.225526
-0.855717 0.388517 0.341764
-0.94876 -0.244876 0.199725
-0.93426 0.333679 0.125761
0.714092 0.685922 0.13994
-0.251434 -0.947734 0.196419
0.816626 0.522411 0.245376
-0.742393 -0.602972 0.292024
-0.878494 -0.449699 0.161307
0.183553 0.904432 0.385113
0.658662 -0.68835 0.303873
0.876313 0.139323 0.461156
0.372302 -0.289484 0.881811
0.62658 0.332851 0.704704
-0.47561 -0.290298 0.830375
0.364847 0.930944 0.0151767
-0.754683 0.655962 0.012937
-0.43528 -0.896047 0.0873547
0.676585 -0.730982 0.088868
0.51574 -0.856716 0.00710108
-0.582967 -0.70486 0.404131
-0.190969 0.017556 0.981439
-0.428514 -0.851363 0.302583
0.799406 -0.573106 0.180278
0.343819 0.909261 0.23459
-0.0549462 0.571785 0.818561
-0.749873 -0.656856 0.0789359
0.866261 -0.230472 0.443255
-0.585376 0.549405 0.59623
0.471197 -0.0801415 0.87838
0.250189 0.291743 0.923196
