-0.0916465 -0.667805 0.738673
-0.419094 -0.776463 0.470602
-0.0770057 -0.841708 0.534413
0.789724 -0.481245 0.380446
0.38803 0.823903 0.413057
0.333039 0.916566 0.22134
-0.986634 0.0741644 0.145097
-2.42428e-16 0.866025 0.5
0.724835 0.652394 0.221349
-0.525445 -0.803434 0.280003
-0.698641 -0.673498 0.241457
-0.780549 -0.346947 0.519971
0.1712 0.913038 0.370207
-0.719076 0.277582 0.637085
0.0472892 0.738101 0.673031
-0.730201 0.570296 0.376256
-0.373707 0.731103 0.570816
0.31828 -0.879451 0.353927
-0.46087 0.0214767 0.887208
-0.459117 0.872703 0.166138
-0.566675 0.660803 0.492157
-0.935067 0.0264059 0.353486
-0.162119 0.771771 0.614888
0.515191 -0.856954 0.0144213
0.566748 0.698102 0.43755
-0.198632 -0.960515 0.194824
-0.207774 0.293851 0.932996
0.467988 -0.273528 0.840339
-0.0514271 -0.0402234 0.997866
-0.0894104 0.99182 0.091099
-0.147665 0.491714 0.858145
-0.0361956 -0.939171 0.341537
-0.608619 0.738307 0.290664
0.50046 -0.735354 0.456941
0.116341 0.97895 0.167693
-0.748772 -0.662251 0.0276207
0.96547 -0.160628 0.2051
-0.413117 0.236016 0.879563
0.739848 -0.365806 0.564634
-0.637722 -0.500978 0.585092
-0.12304 -0.489377 0.863349
0.86884 -0.278126 0.409589
0.803423 0.594934 0.0237829
0.261526 -0.639738 0.722731
0.915946 -0.0637249 0.396209
-0.762646 -0.156059 0.627707
0.914141 0.15512 0.374544
-0.288485 0.957475 0.00417556
-0.850379 0.168421 0.498487
0.726096 0.548214 0.415025
-0.297673 -0.357502 0.885202
0.383381 -0.47124 0.794325
0.698656 -0.0161879 0.715274
-0.476146 0.565659 0.673287
-0.805732 0.379305 0.45489
-0.21821 0.876227 0.429663
-0.0536552 0.951033 0.304397
-0.993624 -0.109939 0.0250015
-0.425049 0.822665 0.377565
0.966332 -0.25719 0.00751196
0.334819 -0.117913 0.934876
0.845936 0.36362 0.390094
0.0509294 -0.37098 0.927243
0.662793 -0.73812 0.126036
0.528425 -0.0621687 0.846701
-0.256928 -0.744871 0.615756
-0.765053 0.622352 0.165445
-0.587695 -0.806127 0.0690919
-0.0125708 -0.996452 0.0832188
0.0308159 0.381334 0.923924
-0.552868 0.372559 0.745343
0.30701 -0.773629 0.554296
0.903553 -0.371487 0.213516
0.24078 0.646696 0.723747
0.798473 -0.574091 0.181275
0.130796 -0.8736 0.468738
-0.0278516 0.177968 0.983642
-0.293029 -0.581738 0.758759
0.855622 0.476682 0.201708
0.642536 -0.558848 0.524248
0.273283 0.961823 0.0145868
-0.466452 -0.446581 0.763537
-0.748105 0.0608753 0.660782
0.919325 0.393409 0.0083869
-0.880962 -0.167209 0.442659
0.722311 0.391977 0.569756
-0.257658 0.940158 0.222969
0.549607 0.155203 0.82088
0.408975 0.695533 0.59074
0.349465 -0.926231 0.141313
0.653986 0.755425 0.0404318
0.149668 0.0482098 0.98756
-0.925155 0.238305 0.295465
0.0818235 -0.562138 0.822986
-0.401758 -0.906449 0.130153
-0.125407 -0.244129 0.9616
-0.958597 -0.158414 0.236636
0.0527785 0.572806 0.81799
-0.620395 -0.0850671 0.779663
-0.860047 0.443773 0.251765
-0.597304 0.160986 0.785692
-0.358751 0.441333 0.82251
0.506771 -0.823352 0.25549
0.709063 0.199984 0.676193
-0.631638 0.771675 0.07451
0.209847 0.255173 0.943849
0.829649 0.0617716 0.554858
0.575857 0.55277 0.602357
-0.882062 -0.348058 0.317526
0.415926 0.51607 0.748784
0.364462 0.0998152 0.925853
-0.838086 -0.515434 0.178716
0.649793 -0.230421 0.724345
-0.634194 -0.316834 0.705276
0.942136 0.274718 0.192121
-0.762516 -0.519798 0.385201
0.23485 0.45623 0.858312
-0.46259 -0.627432 0.62637
0.575109 -0.434873 0.692918
-0.272466 0.622898 0.733321
0.125009 -0.170092 0.977467
0.265062 -0.324728 0.907906
0.575532 0.365771 0.731419
-0.480069 -0.242039 0.843179
0.462894 -0.615752 0.637635
0.800768 -0.154951 0.578585
0.0893296 -0.755205 0.649373
-0.245809 0.0747479 0.966432
-0.955699 0.282627 0.0822319
0.403615 0.31522 0.858913
-0.65679 0.480866 0.580856
0.88672 -0.462099 0.0138365
0.220528 0.802784 0.553991
-0.31456 -0.134092 0.939719
-0.605187 -0.663257 0.440272
-0.875426 0.482028 0.0357427
0.66826 -0.665041 0.333389
-0.936945 -0.333308 0.105073
0.15019 -0.96222 0.227104
0.557954 0.794411 0.239997
0.472939 0.879327 0.055789
-0.242837 -0.885253 0.396683
0.980335 0.058168 0.188575
