-0.205757 0.808187 0.551813
-0.167121 0.494184 0.853143
0.0212001 0.736303 0.676319
0.29821 -0.450539 0.841478
-0.701437 -0.398725 0.590766
0.13078 -0.959222 0.250579
-0.0912434 0.310006 0.946346
-0.230157 0.140324 0.962983
-0.619396 0.169331 0.7666
-0.967093 0.0148308 0.253992
-0.947556 -0.316422 0.0448813
0.798942 -0.420687 0.429784
0.385847 0.806722 0.447574
-0.854783 0.441257 0.273201
-0.343336 -0.419598 0.840272
-0.589608 -0.585033 0.556865
-0.783845 -0.194829 0.5896
0.537914 0.304221 0.786193
0.227373 -0.254933 0.939846
0.70973 0.634361 0.30638
0.230408 0.471853 0.851039
0.659944 -0.457082 0.59628
-0.659764 0.749894 0.0486863
0.716236 -0.0824096 0.692975
-0.130982 -0.421232 0.897445
0.218303 0.652273 0.725868
0.353278 0.90985 0.217641
-0.253362 -0.738357 0.625009
-0.125425 -0.0510494 0.990789
0.678626 -0.701012 0.219199
-0.927647 0.364717 0.0803319
-0.0590239 -0.988838 0.136808
-0.503503 0.355048 0.787671
-0.3928 0.80962 0.436147
0.65369 0.121402 0.746961
-0.063895 -0.934611 0.349885
0.614643 -0.277534 0.738369
-0.0049579 0.954349 0.298654
0.492381 -0.460339 0.73868
-0.773029 0.176265 0.609391
-0.899106 -0.106006 0.424702
-0.572831 0.684223 0.451335
-0.0639428 0.993841 0.0905028
0.85648 0.437158 0.274474
0.641781 -0.766784 0.0126021
-0.948556 -0.209726 0.237185
0.114537 -0.0731496 0.990722
0.768809 -0.26488 0.582041
0.745348 0.481831 0.460756
-0.240202 -0.235551 0.94171
0.906996 -0.330793 0.260642
-0.536781 -0.412734 0.735879
0.3567 -0.765532 0.535467
0.1348 -0.990326 0.0329047
0.851334 -0.0707523 0.519832
0.342149 0.287506 0.894581
0.319498 -0.937214 0.139822
-0.392011 0.890337 0.231575
0.937926 -0.122613 0.32444
0.663984 0.738364 0.118082
-0.183403 0.668811 0.720455
-0.856018 -0.515964 0.0318543
0.943574 0.240791 0.22735
0.0114287 0.121095 0.992575
-0.422989 -0.900246 0.10314
0.428333 0.492722 0.757467
-0.988168 0.135701 0.0714765
0.984198 0.0312681 0.174289
0.196837 0.907046 0.372187
0.919142 0.0882821 0.383906
0.982803 0.183959 0.016019
-0.264226 -0.857876 0.440718
0.473909 0.11271 0.873331
0.1998 0.800751 0.564692
0.546477 -0.0908465 0.832532
-0.252237 -0.938346 0.236398
-0.377586 0.688562 0.619121
0.525479 -0.629463 0.572405
0.976702 -0.180624 0.11588
0.810877 0.574932 0.109234
-0.54741 0.54936 0.631305
-0.89279 0.113538 0.435931
-0.214591 -0.587493 0.780258
-0.71546 -0.0163957 0.698461
0.347748 -0.621833 0.701708
0.351708 -0.073653 0.933208
0.565325 0.680909 0.465586
0.14615 -0.599703 0.786763
-0.844487 -0.326709 0.424385
-0.212294 0.909722 0.356842
0.128492 0.301066 0.944907
-0.578697 0.775803 0.251474
0.0888839 -0.421621 0.902405
-0.630514 -0.214049 0.74608
-0.597852 -0.783776 0.168129
-0.616915 -0.695378 0.368599
0.160079 -0.756913 0.633607
0.850843 0.29021 0.437999
-0.824622 0.329211 0.460021
-0.879378 -0.41826 0.227492
-0.93614 0.237361 0.259424
-0.0365313 -0.698606 0.714574
0.531363 0.798518 0.282882
-0.442855 -0.839926 0.313693
-0.72332 -0.69038 0.0135303
0.919114 0.388396 0.066166
0.704213 0.329213 0.629049
-0.545717 -0.0328052 0.837327
-0.0723536 -0.834853 0.545697
-0.0222097 -0.244076 0.969502
-0.347626 -0.0437181 0.936613
-0.670239 0.367435 0.644803
0.800774 0.133463 0.583908
-0.436245 0.151351 0.887008
-0.36696 0.526216 0.767096
-0.415733 -0.590876 0.691398
0.123035 -0.881374 0.456116
-0.440368 -0.739399 0.509279
-0.480625 0.876386 0.0307795
0.905049 -0.421039 0.0600985
-0.278337 0.958837 0.0562132
0.52274 -0.757281 0.391494
0.316918 -0.88059 0.352314
-0.707686 0.513788 0.484977
0.155102 0.976525 0.149474
0.592711 0.521077 0.614143
-8.32667e-17 0.866025 0.5
0.43087 -0.276027 0.859162
-0.808204 0.581921 0.0904171
-0.74508 -0.522627 0.414388
0.792788 -0.608487 0.0350732
-0.237297 -0.971393 0.00921414
0.678876 -0.604485 0.416805
0.234473 0.109516 0.965934
-0.994384 -0.0866345 0.0607932
0.814251 -0.529026 0.239012
-0.727909 0.61976 0.293334
-0.310619 0.331823 0.890735
-0.766404 -0.60632 0.212134
0.510431 -0.83917 0.187757
0.496198 0.866386 0.0562402
-0.446354 -0.226954 0.865598
0.411923 0.665518 0.622419
0.0364041 0.570766 0.820305
