0.134813 -0.66669 0.733042
0.321626 -0.862739 0.390177
0.391786 -0.642606 0.658454
0.307729 0.270285 0.912277
-0.84691 0.486268 0.215144
-0.827114 0.561952 0.00960653
-0.986999 0.156081 0.0383592
-0.550631 0.764663 0.334808
0.555203 0.821733 0.12847
0.190998 0.963389 0.188155
0.431851 -0.879355 0.200598
0.319775 -0.947191 0.0239535
-0.113655 -0.991919 0.0563907
-0.929493 0.36796 0.0254611
-0.96867 0.0671571 0.2391
0.82349 0.566892 0.0223131
0.580316 -0.265406 0.76993
-0.569995 -0.73392 0.369416
0.879344 -0.410699 0.241
-0.996048 -0.062225 0.0633832
0.776162 0.0449292 0.62893
-0.729764 0.566194 0.383235
0.656687 -0.647675 0.386367
-0.781874 -0.434814 0.446777
-0.162308 -0.0934799 0.982302
-0.518226 -0.477927 0.709244
0.211945 0.893607 0.395658
-0.895365 -0.271391 0.353085
0.583395 -0.569969 0.578606
0.432503 -0.101548 0.895896
0.164986 0.620709 0.766485
-0.735711 -0.601623 0.311095
0.104668 0.201629 0.973853
-0.000715507 -0.969825 0.2438
-0.0850303 -0.668838 0.738529
0.136074 0.407453 0.903032
0.952974 -0.295088 0.0690159
-0.383829 0.886515 0.258393
0.186362 0.787964 0.586841
0.173095 -0.364648 0.914915
-0.0265001 0.541584 0.840229
-0.327186 -0.942106 0.0733898
-0.195532 0.641823 0.741506
-0.570017 0.640157 0.515053
-0.231833 -0.762407 0.604143
0.0132583 -0.225674 0.974113
-0.272035 0.253114 0.928402
0.879634 0.172479 0.443277
-0.904713 -0.426019 0.00159772
0.00103821 0.954375 0.298607
0.88543 -0.0480938 0.462278
0.352452 0.663645 0.659813
-0.362108 -0.174292 0.915696
-0.386224 0.66874 0.635309
0.770874 -0.60355 0.203665
-0.19155 -0.505991 0.841
0.639342 0.16673 0.750629
-0.331138 0.0417627 0.942658
0.240689 -0.780258 0.577292
0.924519 0.281095 0.257391
0.539699 -0.841763 0.0126578
0.371301 0.926026 0.067902
0.402655 0.87188 0.278736
0.774943 -0.466607 0.426312
-0.813474 -0.202494 0.545212
-0.796111 -0.599585 0.081885
0.926643 0.371601 0.0569663
0.38214 -0.313948 0.869141
0.984099 0.154411 0.0877819
0.844287 0.486015 0.225764
0.32513 0.478276 0.815808
0.713786 0.677483 0.177556
-0.891985 0.162463 0.421863
0.494169 0.321788 0.80762
0.867754 -0.495506 0.0384186
0.484926 -0.461691 0.742757
-0.686982 -0.360723 0.630821
0.0227749 -0.800363 0.599084
-0.375414 0.803564 0.461897
0.271416 0.0588465 0.960661
0.755849 0.271054 0.596005
-0.117249 -0.884391 0.45178
-0.522028 -0.852576 0.0245319
-0.191851 0.900766 0.389633
-0.525984 0.505958 0.683628
-0.493256 0.161575 0.854747
-0.834682 0.374054 0.404215
0.739426 -0.170754 0.651224
-0.547642 0.827464 0.124065
-0.555538 -0.27478 0.784776
0.0275979 -0.518216 0.854805
3.46945e-18 0.866025 0.5
0.616976 -0.760642 0.201902
-0.341273 -0.60831 0.716583
-0.910453 -0.0593205 0.409336
0.958943 0.0492551 0.279289
-0.447313 -0.861802 0.239181
-0.650166 -0.741718 0.164735
-0.865908 -0.447141 0.224205
-0.194073 0.964489 0.179157
0.615822 -0.0489915 0.786361
-0.427547 0.369347 0.825098
0.820984 0.386324 0.420403
-0.693495 -0.120548 0.710305
0.937104 -0.193477 0.290521
-0.229383 0.458691 0.858479
-0.698293 0.44272 0.562482
-0.366058 0.929576 0.0434609
-0.771688 0.237253 0.590091
-0.53241 -0.0546012 0.844724
-0.107514 0.119455 0.987001
-0.217612 -0.939638 0.264055
-0.190629 0.791599 0.580544
0.991071 -0.0815795 0.105462
0.105092 -0.993889 0.0337766
-0.809043 0.0205431 0.58739
0.107288 -0.900112 0.422241
0.0671465 -0.0137589 0.997648
-0.95423 -0.263574 0.141331
0.384716 0.787725 0.481126
0.718497 0.584595 0.376843
-0.373602 -0.382675 0.844974
-0.187191 -0.306426 0.933307
-0.614375 0.309079 0.725957
-0.331446 -0.842287 0.425084
0.677641 0.473833 0.562392
0.229751 -0.157093 0.960488
0.838489 -0.262403 0.477579
-0.0678098 0.333854 0.940183
0.282618 -0.520853 0.805506
-0.624994 -0.572088 0.531129
0.547845 0.64818 0.528893
-0.667816 0.0960947 0.738098
0.000916464 0.996579 0.0826413
0.575542 0.746415 0.33409
0.714177 -0.69982 0.0142366
0.506183 0.510406 0.695172
-0.931298 0.283624 0.228562
-0.448395 -0.704379 0.550266
0.216951 -0.951458 0.218311
0.466876 0.114833 0.876835
0.692607 -0.381998 0.61186
-0.702895 0.682954 0.198776
0.477993 -0.736206 0.479085
-0.00431661 0.732144 0.681136
