-0.035571 -0.917679 0.395727
0.194843 -0.277015 0.940903
0.161367 -0.881634 0.44349
-0.515046 0.446392 0.731752
0.152544 0.789931 0.593919
-0.613868 0.742367 0.268435
0.7861 0.618023 0.00969291
-0.645343 0.633588 0.42673
-0.297149 -0.941496 0.159023
0.944492 -0.0188865 0.327991
0.371473 -0.320189 0.871485
0.505407 -0.709866 0.490565
0.235162 0.53407 0.812076
0.423578 -0.891883 0.158514
0.222952 0.233947 0.946341
0.870441 0.433988 0.232351
0.574178 0.153025 0.804303
-0.716801 0.688159 0.112399
-0.403093 0.912172 0.0738814
-0.965154 -0.243507 0.0958246
0.0448215 0.312328 0.948916
-0.100482 -0.970321 0.219954
-0.759167 0.589948 0.275005
-0.957996 0.0377475 0.284288
-0.0308228 -0.210895 0.977023
-0.370104 0.382629 0.846533
-0.0912181 0.975537 0.200016
0.243728 -0.960968 0.13091
0.508427 0.73285 0.452142
0.771634 -0.429251 0.469387
0.508107 0.335757 0.793155
0.369396 -0.685319 0.627602
0.665284 0.294787 0.685928
-0.865474 0.413673 0.282541
0.762154 -0.559739 0.32529
-0.646424 0.483142 0.590516
-0.455225 0.853934 0.252127
0.29956 -0.902959 0.308106
0.981619 -0.118434 0.149658
-0.14461 0.914829 0.377061
-0.25938 0.248152 0.93335
-0.53222 -0.739661 0.411877
0.406121 0.196056 0.89254
-0.520316 0.263713 0.812236
-0.51309 -0.636527 0.575823
0.418762 0.506781 0.753533
-0.900538 -0.34425 0.265561
0.79727 0.234543 0.556192
-0.806144 0.00239405 0.591714
0.066138 -0.554216 0.829741
0.86651 -0.397035 0.302529
-0.491388 -0.369293 0.788772
-0.685478 -0.0731925 0.724406
0.618951 -0.0353617 0.784633
-0.184286 0.819786 0.542208
0.939486 0.252016 0.232065
0.522727 -0.565861 0.637619
-0.215717 -0.135312 0.967035
-0.419681 -0.861076 0.287083
-0.0865867 0.172435 0.981208
0.258506 0.965169 0.040302
0.282924 0.0491465 0.957882
-0.219671 0.974089 0.0538017
0.838517 0.0447899 0.543031
0.847642 0.344379 0.403616
-0.316424 -0.435137 0.84293
-0.570981 0.815644 0.0933008
-0.738502 -0.376458 0.55937
-0.246658 -0.59808 0.762536
0.112153 0.665443 0.737975
-0.669142 0.1248 0.732581
0.85077 -0.505984 0.14202
-0.777813 -0.190022 0.599082
0.773589 0.600256 0.203106
2.77556e-16 0.866025 0.5
0.588802 -0.78985 0.171607
0.330795 -0.137931 0.933568
0.935081 0.348748 0.0632325
0.751735 -0.090097 0.653282
0.054665 0.489978 0.870019
-0.139588 -0.730581 0.668406
0.926413 -0.212051 0.311117
0.47698 0.629096 0.613781
-0.115977 -0.493569 0.861939
0.0155523 -0.827894 0.560669
-0.172377 -0.841563 0.511917
-0.669633 -0.551661 0.497254
-0.886299 0.111639 0.449456
-0.428678 -0.541484 0.723208
-0.782522 0.195584 0.591105
0.766886 -0.270556 0.581967
-0.496126 0.75848 0.422572
0.109182 -0.956235 0.271466
-0.811395 -0.542024 0.218742
0.650139 -0.579738 0.491145
0.460047 0.00910479 0.887848
0.98381 0.0757657 0.162409
-0.585557 -0.777728 0.22861
-0.384941 0.590055 0.709687
0.0345395 -0.385755 0.921954
-0.470844 -0.876538 0.0999361
-0.84808 0.516512 0.118217
0.668392 0.735511 0.110798
0.383343 -0.517927 0.764722
0.331746 0.373959 0.866083
-0.982631 0.146401 0.114033
-0.931343 0.230529 0.281881
0.389507 0.850724 0.352921
-0.532923 -0.18286 0.826169
0.0442072 -0.994769 0.0920936
0.335938 0.778823 0.529699
-0.0693682 0.614259 0.78605
-0.950367 -0.15614 0.269114
-0.800506 -0.453556 0.391762
-0.594665 -0.466018 0.655134
-0.99245 -0.0479775 0.112875
-0.762878 0.478656 0.434634
0.0493006 -0.704847 0.707644
-0.894043 -0.0826213 0.440297
-0.688871 -0.646294 0.32827
0.939472 -0.31091 0.143972
-0.0394202 0.754796 0.654774
-0.220944 0.69236 0.686892
0.224538 -0.628635 0.744581
0.128041 -0.0988522 0.98683
-0.520289 0.63064 0.575841
0.0511191 0.943042 0.328722
-0.719167 -0.68393 0.122631
-0.362 0.743132 0.56277
-0.326944 0.853296 0.406194
0.644049 -0.233776 0.728389
-0.854915 -0.273277 0.440953
0.258502 0.936418 0.237271
0.866172 -0.137428 0.480478
0.654201 -0.422667 0.627195
0.500859 -0.176823 0.847274
0.585596 0.470468 0.660104
0.197762 -0.773496 0.602157
0.299063 0.665667 0.683702
-0.129134 0.39108 0.911252
0.210338 0.881691 0.42235
0.63398 0.582608 0.508564
0.417422 0.899184 0.131256
-0.0620461 -0.0199207 0.997874
-0.182267 -0.323159 0.928626
-0.365611 -0.254271 0.895363
0.0948686 0.985051 0.143784
0.472497 -0.816713 0.331249
0.903413 0.157978 0.398608
0.72091 0.10828 0.684517
0.733598 -0.660221 0.161067
-0.647074 -0.285843 0.706816
-0.277561 0.931533 0.23496
-0.238154 0.522917 0.818438
0.340172 -0.811541 0.475063
-0.243043 0.0573865 0.968317
-0.658503 0.313065 0.684371
-0.358458 -0.809748 0.46456
-0.389684 -0.0625655 0.918821
-0.155229 -0.987295 0.0339547
0.0962403 0.0931234 0.990992
-0.934823 0.335033 0.117724
-0.239132 -0.9088 0.341905
0.228452 -0.45188 0.862331
0.521562 -0.380906 0.763468
-0.899941 -0.426771 0.089292
0.543623 0.803073 0.244024
0.730206 0.41666 0.541473
-0.411033 0.130182 0.902278
0.765548 0.519247 0.379893
-0.845101 0.302357 0.440891
0.628066 -0.700065 0.339768
-0.33723 -0.703133 0.626003
-0.54949 0.0108423 0.83543
0.655545 0.674982 0.338615
