0.872007 -0.10219 0.478708
0.640891 0.714924 0.279539
0.159771 -0.867814 0.470503
0.949181 -0.00467697 0.314694
-0.349087 0.735716 0.580396
-0.796705 0.458646 0.39358
-0.0793844 -0.996647 0.0198279
-0.667387 0.536605 0.516381
0.689998 -0.368928 0.622732
0.733218 0.670353 0.1141
0.23708 0.967138 0.0918524
-0.989802 0.0412132 0.136359
0.381256 -0.902255 0.201446
-0.853302 0.278513 0.440801
-0.906388 0.414426 0.0819309
-0.209602 -0.226589 0.95117
0.558172 -0.820217 0.125254
0.252564 -0.965071 0.0696376
-0.873538 -0.106507 0.47496
0.0921576 0.970746 0.221719
0.824733 -0.290888 0.484973
-0.736143 0.362989 0.571255
0.205017 -0.939248 0.275284
-0.371679 0.0696514 0.925745
0.495813 0.731968 0.467325
-0.190844 0.833033 0.519263
0.944028 -0.293827 0.149925
0.947204 0.287887 0.141156
-0.637844 0.264684 0.723255
-0.488119 0.605639 0.628444
-0.821049 0.529284 0.213862
0.983237 -0.103188 0.150327
-0.886531 -0.462042 0.0240884
0 0.866025 0.5
0.504235 -0.103621 0.857327
-0.174081 0.717202 0.674772
0.485092 0.0896596 0.869855
-0.0388984 -0.115748 0.992517
-0.836091 -0.508331 0.206281
-0.16706 0.347036 0.922853
-0.964057 0.233861 0.126105
-0.405963 -0.733129 0.545633
0.770643 0.462536 0.438372
-0.16406 -0.907842 0.385886
0.662684 -0.70753 0.245462
-0.782424 -0.0180974 0.622483
-0.721204 -0.549156 0.422247
0.349613 0.403179 0.845706
-0.606892 -0.488998 0.626549
-0.373114 -0.925555 0.0642891
-0.00407085 0.44925 0.893397
-0.568849 0.816236 0.10084
-0.319902 -0.512826 0.796664
-0.769935 -0.211258 0.602139
-0.663174 -0.122297 0.738406
-0.447179 -0.590666 0.671674
0.345749 0.72212 0.599167
0.612182 -0.24558 0.751614
0.157699 0.905866 0.393113
0.419919 0.901566 0.104143
-0.843285 -0.395073 0.364401
0.243412 -0.660848 0.709951
0.502393 0.453533 0.736145
-0.897524 0.351724 0.265971
0.072791 -0.987357 0.140812
-0.748577 -0.392471 0.534414
-0.638342 -0.312918 0.703279
0.16311 0.153487 0.974596
-0.634928 -0.763399 0.118693
0.640087 0.32142 0.697838
0.702218 -0.709842 0.0549032
-0.155956 0.553277 0.818268
-0.029817 -0.855604 0.516771
0.00608316 0.267936 0.963418
0.426829 -0.630719 0.648082
-0.714059 -0.651311 0.256735
0.337244 -0.856172 0.391454
0.586707 0.801737 0.113984
-0.10818 -0.971552 0.210673
-0.0760857 0.989157 0.125614
0.765193 0.199416 0.612138
-0.925241 -0.339169 0.169981
-0.949177 -0.0285857 0.313442
0.59304 -0.547509 0.59037
0.648645 0.482357 0.58872
-0.569188 -0.745937 0.345837
0.8788 0.092039 0.468231
0.78708 0.00607721 0.616821
0.316744 0.0310674 0.948002
-0.342363 0.260674 0.902683
0.496769 0.277993 0.822156
-0.314704 0.442716 0.839621
-0.702773 0.622082 0.345143
0.92702 -0.198004 0.318477
0.147791 -0.23167 0.961502
-0.226959 -0.809433 0.541579
0.447737 -0.289526 0.845994
0.36715 -0.503097 0.782365
-0.87606 0.0881049 0.474085
-0.414785 0.810891 0.412807
0.649992 0.615051 0.446343
-0.398863 -0.834684 0.37975
0.536824 -0.423674 0.729603
0.427017 -0.904204 0.00846081
-0.770827 0.175918 0.612273
0.863792 0.487543 0.127146
-0.530726 -0.0298729 0.847017
-0.51822 0.164203 0.839336
0.868686 -0.473248 0.146361
0.190771 0.515194 0.835573
0.866918 -0.383122 0.318858
-0.263692 0.951112 0.16079
0.649724 -0.630981 0.423936
-0.214593 -0.0336299 0.976124
0.14002 -0.0392027 0.989372
-0.274683 -0.680485 0.679331
0.103992 -0.77014 0.629341
0.335417 0.222058 0.915525
-0.376395 -0.124864 0.918007
-0.591587 0.446468 0.671335
0.844186 0.283122 0.455184
-0.484091 -0.850546 0.205493
-0.18994 0.159293 0.968787
0.327134 -0.162531 0.930896
0.490182 -0.722008 0.488289
-0.4104 0.911057 0.0393271
0.0431851 -0.643601 0.764142
-0.517282 -0.222927 0.826271
-0.431328 0.872654 0.22898
0.87478 0.386017 0.292834
0.480192 0.825275 0.297215
-0.556226 0.688171 0.465868
0.27312 -0.362801 0.890944
-0.580373 0.761953 0.287391
-0.708591 0.686843 0.161696
-0.976694 -0.152413 0.151127
0.507024 -0.803371 0.312286
-0.0156092 0.0774343 0.996875
-0.14262 -0.59304 0.792441
-0.294368 -0.924473 0.242275
0.932029 0.189907 0.308639
-0.937396 0.16556 0.306396
-0.0650418 0.940853 0.332515
-0.573677 -0.641117 0.509768
-0.359 -0.325248 0.874833
0.0247306 -0.936952 0.348581
0.332265 0.83401 0.440486
0.501697 0.606946 0.616374
0.349795 0.574275 0.74017
0.180256 -0.523615 0.832668
0.775959 -0.557342 0.295394
-0.00521149 -0.483081 0.87556
-0.771128 -0.632667 0.071369
0.181649 0.341183 0.922279
-0.809151 0.586916 0.0283416
-0.255012 0.901808 0.348872
0.984572 0.0914345 0.149192
0.175821 0.808974 0.560936
-0.32194 0.603194 0.729734
-0.488222 -0.420462 0.764755
0.315165 -0.76482 0.56189
-0.919852 -0.220687 0.324299
0.659431 -0.0567823 0.749618
0.189823 0.680332 0.707895
0.749369 -0.469431 0.466991
0.3098 0.91336 0.264191
-0.662072 0.0721839 0.745956
0.752906 -0.184958 0.631604
0.772416 0.571481 0.277099
-0.0318577 -0.305885 0.951535
-0.0905011 -0.742831 0.663334
0.0164411 0.753119 0.657679
-0.185029 -0.410636 0.892828
-0.482677 0.351882 0.801999
0.637534 0.13642 0.758248
0.0277023 0.611525 0.79074
