-0.71756 -0.296792 0.630097
-0.488176 -0.861784 0.137885
-0.754724 0.632145 0.175455
-0.195738 0.695428 0.691423
0.573722 0.278327 0.77031
0.245442 -0.359987 0.900093
-0.576764 -0.405409 0.709216
-0.296089 -0.829931 0.472806
-0.38967 0.435042 0.811724
-0.119886 -0.979499 0.161895
-0.578935 0.166254 0.798244
0.39507 0.0839958 0.914803
-0.294524 -0.045302 0.95457
0.671332 -0.447212 0.591029
-0.65817 0.305716 0.688004
-0.852568 -0.149704 0.500716
-0.783928 0.522763 0.334928
0.0339642 0.944975 0.325374
0.0969521 0.504225 0.858113
-0.064358 -0.670459 0.73915
0.333894 0.889407 0.312201
-0.275806 0.148365 0.949694
-0.473676 -0.751431 0.459328
-0.11472 0.0477587 0.992249
0.551874 -0.393782 0.735099
0.766827 -0.481114 0.42486
0.0133751 -0.792833 0.609293
0.471854 -0.878506 0.0747006
0.426938 -0.865009 0.263596
-0.703699 0.710492 0.0027803
-0.235931 0.970545 0.0487756
0.40989 -0.722293 0.557031
-0.309925 -0.938058 0.154897
0.857697 0.474299 0.198486
0.383668 -0.472358 0.793522
-0.152119 0.914925 0.373861
-0.82698 0.359714 0.432099
0.523713 -0.751177 0.401818
-0.445784 0.0606274 0.893085
-0.867757 0.467685 0.168134
-0.249833 0.33891 0.907041
0.326371 -0.842439 0.428695
0.822893 -0.514337 0.241465
0.0459047 -0.0620489 0.997017
-0.76766 -0.509262 0.389038
0.764588 0.392553 0.511182
0.98461 0.114933 0.131655
0.128973 -0.681995 0.719895
0.817504 -0.304439 0.488881
0.704983 -0.0798598 0.704714
-0.301525 -0.237302 0.923456
-0.329797 0.847509 0.415888
0.387322 -0.110479 0.915301
-0.368555 -0.697868 0.614123
0.794061 0.607793 0.00733797
0.507375 0.801304 0.316989
-0.926107 -0.0107386 0.377108
0.593585 -0.773671 0.221561
0.692064 -0.638111 0.337434
0.907483 -0.165923 0.385934
-0.790401 0.226483 0.569185
0.996556 -0.0630648 0.0538421
0.349362 0.798731 0.489873
-0.601799 -0.027029 0.79819
0.081021 0.986663 0.141177
0.0314316 -0.253766 0.966755
0.223015 0.0155031 0.974692
0.921347 -0.370233 0.118517
-0.95628 -0.255113 0.142992
0.582999 -0.208334 0.785308
-0.89467 -0.435027 0.101568
-0.36426 0.600263 0.712039
0.657216 0.104139 0.746473
0.221844 -0.782642 0.581598
0.407459 0.273312 0.871365
-0.184303 0.819812 0.542163
-0.0151267 -0.946429 0.322558
0.937821 0.298139 0.177779
-0.603066 -0.21914 0.767
0.544432 -0.025108 0.838429
-0.137794 -0.342362 0.929409
-0.545182 0.463857 0.698293
-0.79418 -0.601198 0.0885366
0.0855272 -0.983384 0.160127
0.200866 -0.532762 0.822081
-0.0756215 0.425532 0.901778
-0.877236 -0.383701 0.288497
0.887245 -0.343214 0.308222
-0.647875 -0.753258 0.113402
0.298362 -0.945224 0.132408
-0.117509 -0.51772 0.847442
-0.418623 0.903393 0.0929294
0.892968 0.0256953 0.449385
-0.185409 -0.76359 0.61851
-0.459458 -0.13295 0.878193
0.423178 -0.292814 0.857427
0.272543 0.952127 0.138468
0.713117 -0.266048 0.648601
-0.630455 0.715717 0.30046
-0.81663 -0.338125 0.467747
0.458109 0.434818 0.775287
-0.534166 -0.596785 0.598761
-0.420512 0.252396 0.871473
0.141345 0.65453 0.742706
0.452842 0.87935 0.147236
-0.997393 0.0591608 0.0413152
-0.0474185 0.614167 0.78775
-0.51419 0.622547 0.589952
0.206294 -0.930318 0.303236
0.63085 -0.775304 0.0305384
-0.716592 -0.646772 0.261117
0.961977 -0.0173935 0.272575
0.961704 -0.19489 0.192725
0.506934 0.571336 0.645441
0.317221 -0.635085 0.7043
-0.357574 0.736942 0.573636
0.493493 -0.564362 0.661785
-0.497529 0.748245 0.438856
-0.631958 -0.640543 0.436272
-0.746128 -0.105091 0.657457
0.867331 0.35328 0.350613
-0.586552 0.799363 0.130293
3.60822e-16 0.866025 0.5
-0.461974 0.843808 0.273072
0.605458 -0.611286 0.509657
-0.289896 0.927264 0.236944
-0.292402 -0.432496 0.852906
0.725876 0.251913 0.640034
0.184298 0.778977 0.599357
0.0510461 -0.435134 0.898917
-0.252991 -0.614837 0.746974
-0.45124 -0.321918 0.832317
-0.0933987 0.239483 0.966398
0.770551 0.521905 0.365878
-0.568554 -0.769694 0.290374
0.650532 0.558507 0.514662
-0.219171 0.528531 0.820134
-0.702792 0.442551 0.556985
0.615184 0.772485 0.157528
-0.00389061 0.752789 0.658251
0.747764 0.634858 0.194434
0.0823774 0.31995 0.943846
0.346292 0.681222 0.644995
0.822644 -0.121601 0.555401
-0.838508 0.0396567 0.543444
-0.924103 -0.198651 0.326452
-0.979817 -0.0672822 0.188231
0.931481 0.16822 0.322561
0.84368 -0.534604 0.049012
0.182499 0.88209 0.434295
0.647921 0.672792 0.357141
-0.212977 -0.922154 0.322912
0.210734 -0.178267 0.961152
-0.12999 -0.145929 0.980718
0.104377 -0.880961 0.461533
-0.106266 0.975259 0.193847
-0.654667 0.602306 0.45677
-0.398835 -0.862749 0.310796
-0.893813 0.178075 0.411567
-0.827999 0.560727 0.00187118
0.790398 0.0710237 0.608463
-0.96378 0.120168 0.238092
-0.718754 0.0848303 0.69007
0.515489 0.697621 0.49759
-0.680032 -0.474138 0.55924
-0.423831 -0.52168 0.740417
0.300436 0.548824 0.780084
0.630913 0.421422 0.651424
0.902214 0.431061 0.014015
0.0667929 0.131295 0.989091
-0.91394 0.306164 0.266415
0.735073 -0.661402 0.14905
0.241143 0.207448 0.948059
-0.106142 -0.872085 0.477704
-0.9654 0.245152 0.0889037
0.2534 0.391514 0.884593
0.844508 0.21637 0.489887
