-0.821465 0.152122 0.549595
-0.769002 -0.621397 0.150002
0.0336246 0.742003 0.669553
-0.92066 0.114309 0.373255
0.201379 -0.908078 0.367207
0.692598 -0.687307 0.218902
0.284595 0.926677 0.245512
0.552587 -0.765772 0.328998
-0.585096 0.335027 0.738525
-0.853604 -0.520883 0.00640432
-0.999765 0.020895 0.00569572
-0.916511 0.387627 0.0987544
0.962461 -0.266216 0.0529028
-0.181617 0.883303 0.432194
0.78629 -0.53867 0.302626
0.272292 -0.0561125 0.960577
-0.37328 0.85848 0.351673
-0.0455492 0.949683 0.309882
0.886598 -0.185052 0.423911
-0.735992 0.320644 0.596241
0.656985 -0.627565 0.417772
2.22045e-16 0.866025 0.5
0.368882 -0.363224 0.855567
-0.626625 -0.711507 0.317962
0.0251341 -0.954726 0.296423
-0.821695 0.55354 0.135684
-0.40729 0.898409 0.164243
-0.859223 0.427957 0.280338
-0.983062 -0.122057 0.136717
0.10535 0.976448 0.188283
0.584463 -0.551691 0.595013
0.365342 -0.823365 0.434275
0.697928 -0.715681 0.0264254
-0.937068 0.254395 0.239138
0.69328 0.707115 0.139109
0.963341 0.259422 0.0683659
-0.168771 -0.944 0.283515
-0.453371 -0.0102996 0.891263
0.0360667 -0.879032 0.475397
-0.474432 -0.200746 0.857097
0.0832494 -0.137985 0.986929
0.927495 0.269175 0.259418
0.11121 -0.585989 0.802651
0.560642 0.484927 0.671213
-0.840211 -0.394599 0.371936
0.356836 0.737048 0.573958
-0.49628 0.742781 0.449425
0.782316 -0.286924 0.552862
0.828206 0.278192 0.486502
-0.40741 -0.519371 0.75118
0.708303 0.193964 0.678738
0.558099 0.790776 0.251393
-0.0700139 -0.644032 0.761788
0.436184 0.23167 0.869524
0.809693 -0.0960029 0.578948
0.689753 -0.192606 0.697957
0.574127 0.310952 0.757422
-0.474994 -0.763493 0.437561
-0.531792 0.171354 0.829358
-0.333551 -0.92506 0.181682
0.914442 0.121854 0.385937
-0.0859512 0.50375 0.859563
-0.569615 -0.510738 0.643961
0.810634 -0.574569 0.11289
0.13642 0.918383 0.371434
0.824908 0.0967774 0.556921
0.704216 0.00190138 0.709984
-0.170502 -0.34988 0.921148
0.78173 0.572192 0.247982
-0.67773 -0.348931 0.647247
-0.258858 0.964236 0.0569324
-0.538542 0.798873 0.267908
0.43874 0.888731 0.132906
0.0553758 -0.754462 0.654004
0.217512 0.682032 0.698227
-0.0408757 -0.486708 0.872608
-0.27291 0.526059 0.80547
-0.684242 0.707504 0.176781
0.838848 0.416743 0.350226
-0.144057 0.784874 0.602678
0.311639 0.850971 0.422764
-0.776642 -0.187722 0.601322
0.978859 0.0997474 0.178566
0.940977 -0.23481 0.243777
-0.453951 0.493549 0.741847
-0.721783 -0.473757 0.504563
0.718669 0.513482 0.468883
-0.868581 -0.0285707 0.494722
-0.757884 -0.000850084 0.652388
-0.295966 -0.196996 0.934664
0.300132 -0.533407 0.790821
-0.5259 -0.365866 0.767836
0.234009 -0.685695 0.689248
0.565823 -0.812465 0.140516
-0.858842 0.292753 0.42034
-0.0759857 0.0162744 0.996976
0.401291 0.593505 0.697651
0.275647 0.959745 0.0539207
-0.359831 0.158021 0.919539
-0.238116 0.360572 0.901825
0.848717 -0.37026 0.377607
0.246475 -0.951806 0.182525
-0.753642 -0.565104 0.335679
0.571196 0.622989 0.534434
-0.421653 0.331141 0.844129
-0.230096 0.940859 0.248678
0.730551 -0.466537 0.498637
-0.943152 -0.324734 0.0707957
0.54338 -0.280767 0.791144
0.490768 -0.460871 0.739422
0.813642 0.578654 0.0560944
-0.74843 0.584541 0.313313
-0.275482 -0.654495 0.704092
-0.76169 0.456783 0.459542
-0.495652 0.624281 0.603822
0.237722 -0.246489 0.939538
-0.107673 -0.174886 0.978684
0.424192 0.428261 0.797906
0.071335 0.599792 0.796969
-0.354501 -0.366956 0.860042
0.413637 -0.177441 0.892983
0.500442 -0.702786 0.505618
-0.874602 -0.213769 0.435171
0.654116 0.663551 0.363087
0.173475 -0.4232 0.889274
-0.266375 -0.00685485 0.963845
-0.319372 0.663919 0.676176
0.107468 0.434988 0.894
0.569793 -0.0896626 0.816883
-0.929318 -0.26623 0.255909
-0.563567 0.822534 0.0763492
-0.634319 -0.762038 0.130146
0.411377 -0.875771 0.252574
-0.172899 0.182533 0.967878
0.41589 -0.907395 0.0605834
0.580318 0.814088 0.0221582
0.99008 -0.0832344 0.113201
-0.322746 0.787155 0.525569
0.0205324 -0.318043 0.947854
0.279324 0.343667 0.896588
0.484661 0.762084 0.429339
-0.944335 -0.0724862 0.320901
0.889072 -0.415276 0.192604
-0.124243 -0.987295 0.0990598
0.704843 0.373301 0.603193
0.437226 0.0268347 0.898951
0.177422 0.810753 0.557854
-0.488384 -0.834031 0.256658
-0.603286 -0.627647 0.492042
-0.4453 -0.656359 0.609017
-0.976635 0.207927 0.0543244
-0.0499948 0.33125 0.942217
-0.637125 0.610182 0.470903
0.123921 0.24599 0.961318
0.886839 0.432728 0.16206
-0.228648 -0.511931 0.828038
0.0700005 -0.991395 0.110618
-0.978728 0.0699966 0.192852
-0.327609 -0.870077 0.36829
0.205482 -0.812993 0.544811
0.580989 0.118634 0.805219
-0.13775 0.652468 0.745191
0.952335 -0.0491501 0.301069
-0.61717 0.00169903 0.786828
-0.0771841 0.989522 0.122018
-0.311505 -0.780681 0.541758
-0.625667 0.479881 0.615025
-0.486624 -0.871144 0.065607
0.648536 -0.379019 0.66011
-0.684557 0.170398 0.708764
-0.867969 -0.458719 0.19028
0.114888 0.0539915 0.99191
0.256629 0.527484 0.809878
-0.158084 -0.871673 0.463891
0.28515 0.137719 0.948537
0.416315 -0.6232 0.662045
-0.635605 -0.188269 0.748706
-0.136912 -0.767142 0.626697
