-0.551367 -0.813058 0.186897
-0.210531 -0.415956 0.884679
-0.380226 -0.882111 0.278043
-0.431107 0.576963 0.693729
0.329193 0.560606 0.759838
-0.25762 0.921728 0.289911
0.946105 0.151435 0.286273
-0.375864 0.829182 0.413744
0.707556 -0.506085 0.493197
-0.0613052 -0.533871 0.843341
-0.0222839 -0.905187 0.424428
0.225447 0.279487 0.933307
-0.0858111 -0.994904 0.0529458
0.0433418 0.0134478 0.99897
0.875153 -0.0685527 0.478965
0.343375 -0.216402 0.913928
-0.328145 0.938287 0.109265
0.0504716 0.982694 0.178227
-0.0733961 0.16836 0.982989
-0.452017 0.859872 0.237279
-0.873735 0.476869 0.0958319
-0.382207 -0.251311 0.889247
-0.367271 0.440963 0.81894
0.310878 0.87449 0.37232
0.643915 0.349156 0.680781
0.336949 -0.789906 0.512362
0.534448 0.827999 0.169653
0.372892 -0.0245061 0.927551
-0.163415 -0.829066 0.534738
0.516646 -0.127774 0.846611
0.846016 -0.504612 0.172117
-0.624302 0.75816 0.188255
0.308203 -0.886276 0.345726
-0.488583 0.685134 0.540257
-0.0677754 0.942424 0.327481
0.595768 -0.799898 0.072273
-0.236219 -0.956643 0.170395
0.741602 -0.595459 0.308958
0.19076 0.832794 0.519677
-0.357119 0.262683 0.896361
-0.897588 -0.417088 0.142735
0.19636 -0.104407 0.974957
-0.53978 0.414079 0.732923
-0.878312 -0.350875 0.324738
0.384897 0.171029 0.906975
-0.99286 0.118732 0.0114458
0.440916 -0.897527 0.00616314
0.63624 -0.233541 0.735294
-0.842513 0.345736 0.413084
-0.415935 -0.584223 0.696908
0.476741 -0.794094 0.377005
-0.795593 -0.147628 0.587569
0.977071 -0.187224 0.101392
-0.80946 0.209812 0.54841
0.301392 -0.400167 0.865464
0.0699329 0.755598 0.651292
0.851559 -0.260267 0.455092
0.0184655 -0.801167 0.598156
0.666183 0.743853 0.0536955
-0.502617 -0.0944506 0.859334
0.174537 0.984278 0.0270899
-0.82356 -0.566877 0.0200026
-0.25716 0.108395 0.960271
0.646298 0.708135 0.28433
0.00759349 -0.177295 0.984129
0.239918 0.948493 0.206883
0.588905 -0.417325 0.692121
0.769515 -0.149803 0.62081
-0.690997 -0.294943 0.659948
-0.141256 0.97931 0.144912
0.918035 -0.33014 0.219589
-0.947919 -0.0134893 0.318226
-0.684003 -0.463661 0.563168
0.200045 0.459993 0.865094
-0.708073 0.373023 0.599572
0.981576 -0.01427 0.190541
0.456799 -0.867306 0.197776
-0.907516 0.164204 0.386589
0.875851 0.12564 0.465939
0.258913 0.709249 0.65569
0.0974757 -0.988209 0.118077
-0.0299216 -0.361043 0.932069
0.93663 -0.159741 0.31178
0.424591 -0.501405 0.753867
0.0364673 0.324506 0.945181
-0.627824 -0.623015 0.466571
0.609191 -0.663511 0.434327
0.52708 0.260673 0.808849
-0.551992 -0.445285 0.705001
-0.511184 -0.77416 0.373319
-0.664262 -0.69 0.2875
-0.952114 -0.193971 0.236335
-0.823306 0.491891 0.283214
-0.802745 -0.32219 0.501791
-0.734761 0.501964 0.456244
0.374766 -0.659404 0.651718
-0.191243 0.865019 0.463862
-0.412549 -0.906704 0.0876974
0.159629 -0.863016 0.479293
0.158823 -0.292678 0.942929
0.828018 -0.429016 0.361015
0.386232 0.918747 0.0820304
0.932374 -0.360622 0.0251267
-0.249471 0.639966 0.726779
-0.391109 -0.430381 0.813515
-0.519121 0.852948 0.0547142
0.872216 0.302361 0.384469
-0.112296 -0.702246 0.703023
0.220707 0.0886599 0.971302
-0.763109 0.631415 0.137768
0.622577 0.518085 0.586503
-0.756468 0.0313471 0.653279
0.49731 0.466781 0.731299
0.0096141 0.500198 0.865858
-0.951008 0.306103 0.0434055
-0.990903 -0.035826 0.129721
-0.891637 -0.169724 0.419735
-0.548133 0.751457 0.367236
-0.465928 -0.69636 0.545888
0.844342 0.460315 0.274221
-0.91543 0.327804 0.233522
-0.966288 -0.25232 0.0511987
0.62009 -0.741475 0.256327
0.133738 0.61876 0.774113
0.739814 -0.660967 0.125692
-0.0575373 0.650557 0.757275
-0.292172 -0.719009 0.630604
-0.198921 -0.232536 0.952028
-0.310559 0.752778 0.580413
0.382946 0.765724 0.516739
-0.121459 0.774174 0.62121
3.46945e-17 0.866025 0.5
0.247881 -0.579902 0.776059
0.984601 0.151089 0.0879341
-0.968662 0.143096 0.203023
0.580763 0.666386 0.467594
0.546585 -0.583711 0.600439
0.19795 -0.740232 0.642552
0.120157 -0.47059 0.874132
0.535297 0.0659073 0.842089
-0.342588 -0.819546 0.459324
0.877025 0.473261 0.0827732
0.373634 0.373441 0.849081
-0.175687 0.324982 0.929258
0.465659 0.626642 0.624885
0.667648 0.15253 0.728684
0.727368 0.565406 0.388911
-0.32784 -0.0720231 0.941984
-0.548992 -0.270616 0.790806
-0.66491 -0.118342 0.737489
0.488496 0.796572 0.356152
-0.0561996 -0.968282 0.243459
0.73388 -0.338471 0.588946
0.479881 -0.31677 0.818151
0.282182 -0.945554 0.162178
-0.868405 0.00791708 0.495793
0.123097 0.924404 0.361004
-0.183987 0.500649 0.845872
-0.204777 -0.911361 0.357055
-0.438936 0.0860963 0.894384
-0.600907 0.535381 0.59353
-0.795542 -0.567373 0.212605
-0.604824 0.0578624 0.794255
-0.140143 -0.050674 0.988834
-0.674978 0.737838 0.00069868
-0.706182 -0.701247 0.0977714
0.77282 0.610528 0.173218
-0.240184 -0.577504 0.780257
0.0676867 -0.650749 0.75627
0.761146 0.410656 0.502014
0.932092 0.314124 0.180363
0.665587 -0.04139 0.745172
-0.531284 0.23705 0.813354
0.785191 0.0441697 0.617676
-0.699598 0.63806 0.321624
0.126712 -0.943788 0.305301
-0.772238 -0.498951 0.393315
-0.685306 0.206826 0.698268
0.773138 0.236672 0.588424
