-0.922832 -0.385196 0.00249413
-0.609503 -0.143323 0.779721
-0.842613 -0.521535 0.134182
-0.218695 0.791782 0.570311
0.374578 0.39388 0.839375
0.204016 0.94892 0.240685
0.778158 -0.325797 0.536961
0.028436 0.945426 0.324593
0.186647 -0.737693 0.648824
-0.539999 -0.325089 0.776349
-0.599969 -0.708691 0.371207
0.099186 0.228439 0.968493
-0.205266 0.103789 0.973187
0.55686 -0.453995 0.695554
-0.061238 -0.25575 0.964801
0.200158 0.978569 0.0483653
0.514338 0.829199 0.218827
0.415662 -0.889127 0.191516
-0.214662 0.293669 0.931493
0.0264058 0.990459 0.135255
-0.663541 0.0854792 0.74324
-0.269432 0.657755 0.703395
0.621015 0.625446 0.472395
0.538757 0.0430911 0.841359
-0.268933 -0.785696 0.557097
0.828571 0.447536 0.336425
0.0604375 -0.106386 0.992486
-0.701993 -0.558675 0.441688
0.143019 -0.27744 0.950038
0.379597 -0.844619 0.377524
-0.155104 0.98717 0.0379196
-0.301755 -0.871881 0.385704
-0.170435 0.895649 0.410809
0.359983 0.873031 0.328981
0.0453503 -0.978016 0.203537
-0.738074 -0.671375 0.0670959
0.212934 -0.852298 0.477752
0.464858 0.668814 0.580168
-0.374244 0.509977 0.774509
0.0881842 -0.995998 0.0145325
-0.136941 -0.07789 0.987512
-0.402552 0.713895 0.572979
-0.979487 0.191618 0.0623455
0.178265 0.051162 0.982652
-0.115598 -0.988778 0.0946308
0.212167 -0.441659 0.871735
-0.60545 0.775046 0.180922
0.513515 0.857678 0.0262937
-0.818604 -0.202018 0.537658
0.940638 -0.225212 0.253928
-0.123912 -0.876795 0.464626
-0.870337 0.351833 0.344567
0.591089 -0.803295 0.0730124
0.670829 -0.65064 0.355888
-0.683687 0.658101 0.315398
-0.180134 -0.395787 0.900502
0.293332 0.680584 0.671388
0.442637 -0.607431 0.659621
-0.555115 -0.621375 0.552938
0.920126 0.294896 0.25769
-0.671445 0.277305 0.687215
0.653521 0.749292 0.107112
-0.390043 0.334773 0.857784
0.827985 0.301277 0.47294
-0.331099 -0.041525 0.942682
0.643283 0.705861 0.296558
0.0875974 -0.578347 0.811074
0.393015 -0.452317 0.800592
-0.880793 0.181135 0.437487
0.364901 0.92125 0.134708
0.51827 -0.728061 0.448691
-0.856816 0.513308 0.0487895
-0.939962 0.0231074 0.340496
0.190487 0.387019 0.902181
-0.527976 0.750391 0.397686
0.743471 -0.495812 0.448799
-0.134259 -0.949289 0.284297
-0.747335 0.651286 0.131595
0.662914 -0.290897 0.689872
0.421512 0.544384 0.725241
-0.470371 -0.876066 0.106111
-0.445462 -0.184261 0.876135
0.600271 -0.582311 0.54826
-0.1056 -0.558048 0.823062
-0.0337275 0.365377 0.930248
-0.954249 -0.152279 0.257331
0.0383514 -0.827511 0.560138
0.365412 0.0428111 0.929861
-0.858088 -0.0129925 0.513338
-0.915876 -0.351449 0.19405
-0.974771 -0.210969 0.0728987
-0.48068 0.874393 0.0662091
-0.946814 0.19739 0.254127
-0.446257 0.857209 0.256999
-0.204 -0.678322 0.705877
0.185018 0.886532 0.424064
0.826973 -0.557133 0.075622
0.779216 0.626307 0.023707
-0.443431 -0.760265 0.474727
-0.258668 -0.222157 0.940073
0.35795 -0.749448 0.556955
0.777545 0.5909 0.215082
0.562076 -0.783664 0.264464
-0.0460047 0.75554 0.653485
-0.746306 -0.0707387 0.661834
0.773208 -0.148265 0.616576
-0.63535 -0.457959 0.621775
-0.0145707 0.0731474 0.997215
0.633726 0.186752 0.750676
0.883939 0.446002 0.140479
-0.760562 0.491253 0.424519
0.468957 0.224316 0.854261
0.0566118 0.51934 0.85269
-0.287406 -0.95777 0.00859966
-0.918477 0.363263 0.156331
-0.141054 0.962793 0.230505
-0.880877 -0.288859 0.374988
0.861041 -0.0123944 0.508384
0.0502764 -0.919786 0.389187
0.24272 0.545586 0.802136
0.222407 -0.928062 0.298724
0.108093 0.669181 0.735196
-0.772503 -0.387867 0.502791
-0.520168 0.0142328 0.853945
0.96766 -0.244483 0.062149
3.88578e-16 0.866025 0.5
0.586552 0.512518 0.627122
0.15493 0.791487 0.591223
0.254368 -0.960881 0.109562
0.332109 0.793035 0.510686
-0.296135 -0.531163 0.793832
0.858438 -0.368689 0.356585
0.707287 0.320608 0.630044
-0.0117096 -0.70841 0.705704
-0.388076 -0.656962 0.646373
-0.366745 -0.361265 0.857313
0.261296 -0.123046 0.957384
0.986765 -0.0696543 0.146435
-0.82399 -0.466963 0.320914
0.941886 -0.0402101 0.333517
0.290041 0.222252 0.930849
-0.202052 0.473226 0.857457
0.957266 0.281312 0.0671194
0.553772 0.364191 0.7488
0.995157 0.0956206 0.0228051
0.442644 -0.130654 0.887128
0.792832 0.150289 0.590618
0.710845 -0.682947 0.168175
-0.537992 0.215825 0.814852
-0.784938 0.143683 0.602684
-0.785803 0.326612 0.525204
0.72843 0.465921 0.502302
0.970173 0.111682 0.215156
-0.615921 -0.765593 0.185765
0.272585 -0.597882 0.753813
0.0206545 -0.42231 0.906216
-0.308637 -0.929905 0.200051
-0.824893 0.510923 0.241885
0.497402 0.763263 0.412335
-0.0956321 0.617144 0.781017
-0.734924 -0.627675 0.256731
-0.533274 0.401892 0.74438
-0.353838 0.832413 0.426483
0.803142 -0.532505 0.267211
-0.658224 0.451855 0.602136
-0.385727 0.142663 0.911516
0.907013 0.140443 0.396992
-0.692803 -0.277263 0.665694
-0.47507 -0.500804 0.723536
0.71078 0.0144267 0.703266
0.87868 -0.192545 0.436861
0.334766 -0.292421 0.89578
-0.508799 0.568378 0.646583
0.508682 -0.295984 0.808478
-0.312632 0.939247 0.141694
-0.469608 -0.831897 0.295662
-0.988199 0.0190765 0.151981
-0.62144 0.608823 0.4931
0.607499 -0.129617 0.783674
0.902504 -0.396136 0.169006
