0.48307 -0.603043 0.634809
0.90735 -0.420373 0.00178181
-0.516471 -0.75111 0.411206
-0.510549 -0.126827 0.850444
-0.892978 -0.417339 0.168578
-0.149157 0.66533 0.731497
-0.789362 -0.576567 0.210899
0.526256 0.390897 0.755152
0.594677 -0.44712 0.668164
0.933819 -0.183433 0.307139
-0.215588 -0.288295 0.932957
0.0580912 -0.464184 0.883832
0.0855843 0.519259 0.850321
0.275141 -0.150106 0.949613
-0.968013 -0.0985636 0.230731
0.50987 0.771086 0.38139
-0.0952102 -0.565301 0.819372
-0.831228 -0.555496 0.0219969
0.322648 -0.762427 0.560895
-0.37306 -0.751462 0.54418
-0.851253 0.034801 0.5236
-0.311707 0.195947 0.929755
0.818062 0.076497 0.57002
-0.824038 0.331979 0.459076
0.0841851 -0.141755 0.986316
0.868721 -0.364705 0.335132
0.178428 0.0285139 0.98354
0.498764 0.671375 0.548169
0.499089 0.842956 0.200837
0.902662 0.140402 0.406803
0.864658 0.502354 0.0027031
-0.634307 -0.729602 0.255609
-0.914683 -0.273349 0.297716
0.790979 0.521199 0.320476
-0.486817 0.853294 0.18681
0.601352 0.517476 0.608765
-0.796602 -0.140572 0.587932
-0.189878 -0.771938 0.606678
0.776234 0.612526 0.149237
0.170818 -0.313676 0.934039
-0.349039 -0.855857 0.381682
-0.112527 -0.131574 0.984899
0.886634 0.425869 0.180321
0.487057 0.873324 0.00896733
0.273445 0.193285 0.942268
-0.996936 -0.0666601 0.0409244
0.64136 -0.677231 0.360576
-0.33187 0.810714 0.482291
-0.161901 0.986507 0.0243279
0.809642 0.265307 0.523538
0.205658 -0.97371 0.0979464
0.337086 0.893728 0.296011
0.174534 0.802961 0.569905
-0.153332 -0.98525 0.075979
0.455714 -0.152189 0.877019
-0.707678 -0.306757 0.636468
0.275498 0.521152 0.807776
0.841864 -0.24094 0.482921
-0.653149 0.756126 0.0408663
-0.751159 0.5084 0.421057
-0.887072 0.45254 0.0911635
0.166469 -0.859833 0.482675
-0.983017 0.0842684 0.163022
0.638787 0.764021 0.0906793
0.172764 0.960932 0.216245
-0.0333922 -0.709376 0.704039
-0.698438 0.377505 0.608008
0.247933 -0.477367 0.843
-0.935614 0.0525003 0.349099
0.454526 0.183927 0.871537
0.178989 0.361279 0.915118
0.355712 -0.911765 0.205313
-0.963223 -0.247243 0.105222
0.326787 0.700393 0.634556
0.516802 -0.848137 0.116531
-0.400018 -0.285724 0.870831
-0.3144 -0.932117 0.179753
0.00843682 0.752861 0.658125
0.870062 0.341886 0.355115
-0.109017 0.515963 0.849646
-0.664914 -0.143281 0.733048
0.992023 0.0780503 0.0989923
-0.326355 0.938046 0.116453
0.428139 -0.473791 0.769558
0.163176 0.661072 0.732364
0.546122 0.0155917 0.837561
-0.255846 -0.459858 0.850337
0.667587 -0.74263 0.053181
0.680936 0.343929 0.646559
-0.211865 0.0355933 0.976651
0.506116 -0.806243 0.306298
0.329956 0.938279 0.103736
0.80922 -0.587031 0.0236125
0.373655 -0.9275 0.0112144
-0.452826 -0.890223 0.0495071
0.69727 0.0322698 0.716082
-0.825153 -0.444193 0.34902
0.00131186 0.946473 0.322779
-0.953941 0.272857 0.124685
0.89211 -0.0561183 0.44832
0.356986 -0.319919 0.877617
0.437425 0.557058 0.705936
-0.917918 0.243049 0.313615
0.342809 0.811917 0.472518
-0.580528 -0.614215 0.534534
0.495904 -0.722523 0.481705
-0.786601 0.615079 0.0541843
-0.291068 0.54418 0.786859
0.75343 -0.411752 0.512644
-0.0224534 -0.301188 0.9533
-0.486563 0.215718 0.846595
-0.859627 0.426037 0.282018
0.0311674 -0.982485 0.183719
-0.422414 0.0376988 0.905619
-0.436252 -0.452711 0.777648
0.954447 0.293261 0.0550324
-0.711787 -0.697835 0.0799146
0.743237 -0.638657 0.199288
-0.00072714 0.99107 0.133338
0.154604 0.987845 0.0161085
-0.456004 0.566905 0.686061
0.745568 0.446778 0.494488
-0.563603 -0.305892 0.767321
0.653434 0.611341 0.446414
-0.592711 -0.464332 0.658095
0.768491 -0.529871 0.35869
0.304815 -0.636639 0.708363
-0.336787 0.890821 0.304979
-0.702404 -0.599638 0.383488
-0.733771 0.0304643 0.678714
-0.72456 -0.457947 0.51507
0.657057 0.702161 0.274311
-0.827357 -0.29722 0.476593
0.629533 -0.143916 0.763529
-0.163948 0.79804 0.579874
-0.642223 0.231266 0.730798
0.614645 0.202289 0.762424
0.780734 -0.111481 0.614838
0.530184 -0.309257 0.789471
-0.0154058 0.0364839 0.999215
-0.489771 0.789185 0.370555
0.857342 -0.482127 0.18033
-0.483436 0.690425 0.538148
-0.318336 -0.123144 0.939946
-0.25324 -0.635104 0.729734
-0.76641 0.593164 0.24652
-0.588899 0.0551367 0.806324
-0.635101 0.736248 0.233636
-0.11264 0.202984 0.972682
-0.550156 0.402741 0.731524
0.173272 0.899566 0.400947
0.146602 -0.751552 0.643178
0.338097 -0.856058 0.390967
0.184706 -0.937603 0.294591
-0.167987 0.959154 0.227606
-0.778272 0.200474 0.595065
-0.628649 0.659383 0.412328
0.984302 -0.118593 0.130707
0.365527 0.356617 0.859776
0.365562 0.0211875 0.930546
0.948995 0.213149 0.232327
-0.898097 -0.124363 0.421848
-0.434285 -0.609897 0.662889
0.938738 -0.306911 0.156772
-0.0123002 -0.832114 0.554468
-0.478875 -0.845266 0.237074
1.11022e-16 0.866025 0.5
0.0119121 -0.923643 0.383068
0.12496 -0.614104 0.779269
-0.611682 0.547717 0.570833
0.637189 -0.567615 0.521349
0.702343 -0.285794 0.651948
-0.388324 0.383512 0.837928
-0.318778 0.697593 0.641673
0.0819664 0.203352 0.975669
-0.166853 -0.87934 0.446006
-0.014975 0.365968 0.930507
0.960706 0.0070354 0.277478
-0.141977 -0.953017 0.267585
-0.208812 0.359887 0.909329
-0.171498 0.895181 0.411388
