0.69339 -0.587467 0.417245
0.147139 0.976237 0.159097
0.011378 0.484547 0.874691
-0.0671443 -0.946098 0.316844
-0.669567 0.323825 0.668444
-0.183488 0.981401 0.0564239
-0.273687 0.540083 0.795868
0.362377 -0.686518 0.630378
-0.612354 0.759229 0.220439
-0.450329 -0.111085 0.885926
-0.807683 -0.589606 0.00368497
-0.385334 -0.920613 0.0631655
0.604868 0.777799 0.170774
4.16334e-17 0.866025 0.5
-0.93381 0.146345 0.326468
0.660229 0.618887 0.425531
-0.448427 0.863711 0.230036
-0.500736 0.771197 0.393088
0.117477 -0.534274 0.837108
-0.517659 0.0685062 0.85284
0.12914 -0.989752 0.0609432
-0.36355 -0.285296 0.886813
-0.942077 -0.0480323 0.331939
-0.59703 -0.653381 0.465456
-0.695996 -0.494977 0.52018
0.942666 0.326143 0.0707923
-0.735489 -0.196989 0.648268
0.547341 0.0883531 0.832233
0.710349 -0.702508 0.043439
-0.662786 0.128268 0.737741
0.96955 -0.244888 0.00142467
0.498214 0.86638 0.0341749
0.976265 0.0239756 0.215247
-0.644533 -0.367631 0.670391
-0.543105 0.83777 0.0563754
-0.265583 0.936935 0.227198
0.299395 -0.559661 0.772749
-0.792916 -0.326287 0.514608
-0.279756 -0.455897 0.844923
-0.541412 0.6468 0.537142
0.85396 -0.0243758 0.519768
0.963148 -0.191803 0.188566
0.294032 0.295955 0.908821
0.331957 -0.221751 0.916859
-0.873151 0.0507804 0.484798
0.728363 -0.643892 0.234286
-0.238286 -0.154864 0.958768
-0.202333 0.174322 0.963677
-0.753037 0.62586 0.203064
-0.43263 0.427775 0.793625
0.411003 -0.783206 0.466546
-0.987065 0.160318 0.0010637
0.731793 0.0579889 0.679055
0.640985 0.502416 0.580273
0.917665 0.100231 0.384506
0.869675 0.288148 0.400794
-0.549413 -0.53501 0.641802
0.860943 0.502619 0.0784295
-0.468622 -0.411128 0.7819
-0.0467456 -0.179894 0.982575
0.831516 -0.483552 0.27342
0.232115 -0.387018 0.892379
0.502034 0.68396 0.529302
0.746463 0.654691 0.119043
0.893052 -0.307351 0.328623
-0.684626 0.517103 0.513704
-0.412652 0.608369 0.677942
-0.0709402 -0.494971 0.866009
-0.384422 0.202038 0.900778
0.578534 -0.378647 0.722444
-0.236435 -0.954075 0.183956
0.00776561 0.99965 0.0252777
0.459939 -0.88298 0.0938217
-0.0905233 0.331713 0.939027
-0.854966 -0.142497 0.498726
-0.0956603 0.617304 0.780887
0.326379 0.940745 0.0920571
-0.458937 -0.786221 0.413805
-0.928901 -0.330069 0.16792
0.441219 -0.0621407 0.895245
-0.66641 -0.745581 0.00263154
-0.276135 0.363388 0.889774
-0.789533 0.503913 0.350299
0.572101 -0.732095 0.36978
-0.844867 -0.505472 0.175206
-0.7827 0.183497 0.594734
0.273513 -0.886168 0.374028
-0.139093 0.917031 0.373775
0.643926 -0.496543 0.582069
0.0463435 -0.797584 0.601425
-0.156086 -0.332158 0.930219
-0.733909 -0.585015 0.34516
-0.882552 0.334051 0.330926
0.0705289 -0.0156334 0.997387
0.884341 0.399373 0.24175
-0.289924 -0.796158 0.531109
-0.985112 0.0531208 0.163501
-0.247674 -0.895704 0.369286
-0.695362 0.717471 0.0413173
0.297782 -0.936046 0.187469
-0.538632 0.264665 0.799892
0.779683 0.557793 0.284537
-0.320952 0.0209354 0.946864
0.44275 -0.85018 0.284897
0.822068 0.166004 0.544653
-0.402684 -0.879775 0.25267
0.0986322 0.62607 0.773504
-0.370172 0.926799 0.0633714
0.82701 -0.554565 0.0922633
-0.604053 -0.741499 0.292059
0.19315 0.856961 0.477819
0.772856 0.450588 0.446837
0.0791212 0.938028 0.337407
-0.837249 -0.420156 0.349975
-0.442214 -0.684879 0.579126
0.147082 -0.192501 0.970212
0.0448737 -0.354152 0.934111
0.289407 0.596922 0.748283
0.997663 -0.0560224 0.0391123
-0.768962 -0.00546997 0.639271
-0.635708 -0.0618437 0.769448
-0.544084 -0.829068 0.128914
-0.137947 -0.75211 0.644439
0.375908 0.119672 0.918897
0.442259 0.86692 0.229907
0.842386 -0.216853 0.493317
0.598775 -0.779738 0.182966
-0.561392 -0.240322 0.791886
0.928668 -0.100597 0.35701
0.0880642 -0.895271 0.436731
-0.871262 0.456573 0.180122
0.103595 0.318021 0.942407
0.752179 -0.132635 0.645472
0.917039 -0.374659 0.136639
-0.0989283 -0.865462 0.49111
0.379248 0.813415 0.441051
-0.789851 0.35387 0.50091
-0.951782 0.258261 0.165566
-0.821383 0.569601 0.02973
-0.326918 0.858752 0.39455
0.473554 0.26833 0.838896
0.390134 0.441448 0.808034
-0.0595708 0.976646 0.206434
0.732277 0.331162 0.595065
0.269764 0.912434 0.307719
0.644213 0.223734 0.731391
0.988822 0.137525 0.0576061
-0.196114 0.822414 0.534016
0.327948 0.724413 0.606363
-0.730247 -0.66254 0.166674
0.786813 -0.420294 0.451972
-0.123508 -0.0013074 0.992343
0.261389 -0.0350739 0.964596
-0.191933 -0.611451 0.767652
0.545293 0.759298 0.355136
0.561078 0.399597 0.724924
0.410385 -0.405908 0.816592
-0.565316 0.488365 0.664768
-0.655284 0.653818 0.37832
-0.909613 -0.239796 0.339266
0.531989 -0.650619 0.541924
0.476004 -0.541441 0.693009
-0.00567107 0.163134 0.986588
-0.0536491 -0.990349 0.127792
0.468563 0.564673 0.679406
-0.926757 0.375466 0.0121249
0.138747 0.758546 0.636677
0.204482 0.463771 0.862035
0.62004 -0.0844724 0.78001
-0.375521 0.7481 0.54711
0.948646 0.21598 0.231133
0.725559 -0.321814 0.608276
0.116125 -0.960493 0.252921
-0.378378 -0.574257 0.725988
-0.239253 0.696747 0.676241
-0.00410411 -0.659803 0.751427
0.505864 -0.233854 0.83031
-0.976194 -0.141302 0.164554
0.232795 -0.804753 0.546058
0.179847 -0.693587 0.697562
-0.0553253 0.756804 0.651297
0.188126 0.145114 0.971365
