-0.354517 0.52521 0.77361
-0.810187 0.569787 0.137621
0.653351 0.531871 0.538744
0.531144 -0.162399 0.831572
0.957429 0.196784 0.211202
0.0241412 -0.82732 0.561212
0.886463 0.358934 0.292148
-0.586153 -0.44499 0.677059
-0.493652 0.389175 0.777722
-0.879402 0.279891 0.385114
0.273069 0.0283334 0.961577
-0.970517 0.240799 0.0106099
0.0377478 0.258247 0.965341
-0.177523 -0.670548 0.720313
-0.234904 -0.0168918 0.971872
0.9783 0.206417 0.0179344
0.970541 -0.136061 0.198839
-0.645309 -0.728706 0.229269
0.207115 0.341036 0.91695
0.922243 0.373087 0.101359
-0.167083 0.66456 0.728315
0.51356 0.52912 0.675491
0.832425 -0.307338 0.461098
0.274792 -0.452241 0.848509
-0.813703 -0.0488577 0.579224
0.748447 -0.572393 0.334953
-0.0488244 -0.068374 0.996464
-0.780653 0.43513 0.448601
-0.173905 -0.213306 0.961383
-0.614209 -0.672455 0.412979
0.844595 0.535405 0.0010877
-0.649697 -0.759287 0.037106
-0.910069 -0.0580362 0.410374
0.76384 0.524138 0.3766
0.952075 0.0261881 0.30474
-0.873853 -0.423962 0.237984
-0.90769 0.412411 0.0775646
-0.68506 -0.519665 0.51053
0.812757 -0.143691 0.564605
0.338103 0.568681 0.749859
-0.878008 -0.475976 0.0504793
-0.101336 0.12385 0.987113
0.508843 0.669673 0.540941
-0.212379 0.976416 0.0388232
0.142297 -0.114184 0.983216
-0.950463 -0.283814 0.126763
-0.298954 -0.34426 0.890007
0.47445 0.868496 0.143572
0.991541 -0.129683 0.00545025
-0.497557 0.686561 0.53016
0.173985 -0.944779 0.277708
-0.84186 -0.220792 0.492466
-0.0149956 0.948249 0.317172
-0.49975 -0.85904 0.110903
-0.320984 -0.863211 0.389661
0.339418 0.897794 0.280645
-0.412235 0.0346631 0.910418
0.757584 0.021018 0.652399
-0.364579 -0.627762 0.687748
-0.776956 0.278786 0.564463
0.642921 -0.719316 0.263129
0.00430638 0.74633 0.665562
0.949847 -0.298764 0.0923645
-0.351856 -0.935995 0.0104735
0.173206 0.516058 0.838858
0.617474 -0.625904 0.476413
-0.146343 0.315068 0.937719
0.910658 -0.301024 0.282995
-0.47538 -0.286063 0.831975
-0.238552 -0.516485 0.822397
-0.173393 0.8928 0.415745
0.993419 0.0350864 0.109029
-0.450371 -0.751272 0.482448
0.131115 0.991234 0.0162639
-0.344277 0.881458 0.323273
0.453179 0.00559717 0.891402
0.488055 0.79404 0.362359
-0.147777 -0.865619 0.478398
-0.916951 -0.245414 0.314601
0.303273 0.948043 0.0961199
0.014108 -0.703232 0.71082
0.685006 -0.149057 0.713126
-0.987946 0.0867153 0.128234
-0.324402 0.361326 0.874189
-0.281601 -0.765673 0.578313
-0.533324 -0.100428 0.839928
0.34483 0.203504 0.91634
-0.512881 0.822461 0.245989
-0.729731 -0.347244 0.588994
0.207777 -0.29073 0.933973
-0.340511 0.797124 0.498643
-0.681853 0.706301 0.190303
-0.579461 0.812532 0.0633708
0.612345 0.790107 0.0276551
-0.189314 0.954401 0.230824
0.615028 0.757341 0.219489
-0.685694 -0.0613881 0.725297
0.897217 0.194852 0.396275
-0.180084 -0.977587 0.109057
0.884984 -0.465365 0.0154368
-0.86185 0.118875 0.493034
-0.283254 0.17682 0.942604
-0.531072 -0.609507 0.588612
0.85661 -0.472241 0.207865
-0.488524 -0.818977 0.301034
0.690885 0.361527 0.62608
-0.345306 0.676041 0.650948
0.186973 -0.74993 0.634544
-0.65729 0.419312 0.626217
0.0861072 0.0718639 0.993691
0.442071 -0.484986 0.75456
0.76419 -0.629579 0.140158
0.158531 0.905278 0.394132
0.41355 -0.315868 0.853934
0.520042 0.179485 0.83507
-0.992517 -0.116442 0.0367679
-0.0283488 0.991388 0.127853
0.832621 0.518525 0.194614
-0.606024 0.704395 0.369543
0.343832 -0.779739 0.523246
-0.813868 -0.399874 0.421567
0.616894 0.0176972 0.786847
-0.755232 -0.563728 0.334419
0.67502 0.188293 0.713367
-0.650531 0.569442 0.502539
-0.172631 0.508022 0.843868
0.162289 -0.982882 0.0872029
0.806695 0.358668 0.469681
0.718997 -0.316 0.619022
0.802241 0.189646 0.566078
-0.777324 -0.611665 0.147082
0.872142 0.025356 0.488596
-0.585195 0.0841624 0.806513
0.0122522 -0.92332 0.383835
0.591096 -0.502871 0.630655
-0.636793 -0.249729 0.729472
-0.740815 0.114189 0.661932
-0.455889 0.218275 0.862857
0.0149304 -0.260273 0.96542
0.332326 -0.928493 0.165709
-0.748082 0.57989 0.322647
0.346132 -0.870109 0.350862
0.342386 -0.150306 0.927459
0.374964 0.398585 0.836978
0.640496 -0.764406 0.0738094
0.57295 -0.341238 0.745174
0.484165 -0.874211 0.0366009
0.0783495 -0.43172 0.898599
0.467944 -0.650141 0.598619
-0.339366 -0.918291 0.203894
0.00418926 0.603269 0.797527
-0.165496 0.794879 0.583763
1.63064e-16 0.866025 0.5
-0.0169847 -0.999842 0.00521016
0.729598 -0.468335 0.498347
0.493743 -0.839234 0.227823
-0.94255 0.26645 0.201504
-0.421128 -0.4652 0.778614
-0.356539 -0.159883 0.920498
-0.970642 -0.0802473 0.226748
0.146433 0.966707 0.209847
0.908149 -0.140994 0.394191
0.54739 0.355859 0.757449
-0.861639 0.432475 0.265601
0.174959 0.670749 0.720754
0.633272 0.667724 0.391293
-0.16221 -0.940289 0.299242
0.167533 0.801004 0.574739
7.24181e-05 0.4374 0.899267
0.49952 -0.764507 0.407443
-0.513333 0.545066 0.662867
-0.630287 0.258278 0.732141
0.313502 -0.625499 0.71447
0.183849 -0.86957 0.458309
-0.112712 -0.396746 0.910982
0.33495 0.711521 0.617694
-0.0489643 -0.560272 0.82686
0.740557 0.66394 0.103732
-0.942416 0.109154 0.316129
-0.371856 0.918538 0.134209
0.323411 0.826374 0.460989
0.14231 -0.585584 0.798022
-5.71764e-05 -0.980181 0.198103
