0.394727 0.573751 0.717635
0.909838 -0.0596389 0.410655
-0.446726 0.877196 0.175966
0.418504 0.395416 0.817619
-0.0834915 -0.996335 0.0185761
-0.824562 0.261176 0.501881
-0.838841 0.536722 0.0909719
0.191209 0.811188 0.552642
0.211733 -0.742568 0.635423
0.819529 -0.161379 0.549845
0.424226 0.0181235 0.905375
0.103981 0.226831 0.968368
0.913186 -0.406119 0.0340363
-0.541729 0.701242 0.463453
0.126898 -0.964552 0.231379
-0.985487 -0.139287 0.0970276
0.729646 -0.611192 0.306692
-0.317308 -0.679676 0.66133
-0.460008 0.618163 0.637391
-0.693994 0.607003 0.387194
0.22792 0.673046 0.703606
-0.58707 0.758447 0.28303
0.973062 0.0681962 0.220227
-0.0675928 0.316039 0.946335
-0.534136 0.454715 0.712694
0.0980702 0.411191 0.906259
0.371854 -0.362343 0.854653
0.72702 -0.675507 0.123014
0.576719 0.0943457 0.811477
0.601527 -0.760266 0.245277
-0.864325 -0.398258 0.307137
-0.137685 -0.752577 0.64395
-0.818984 0.500238 0.281118
-0.485816 -0.582786 0.651416
0.229609 -0.259043 0.938177
-0.440738 -0.0303925 0.897121
-0.306006 -0.164876 0.937644
-0.132062 -0.437268 0.889582
0.267398 0.315323 0.910533
0.029965 -0.691536 0.72172
0.471076 0.840249 0.268458
-0.31042 -0.359976 0.879805
0.837605 -0.517659 0.174491
0.631791 0.745098 0.213704
-0.934087 -0.328772 0.139251
-0.134603 -0.254909 0.957551
-0.629001 -0.452358 0.632243
0.456674 -0.811404 0.364791
0.814271 0.225264 0.534994
-0.771601 -0.635914 0.0156685
-0.278911 0.672828 0.685209
0.194864 -0.440322 0.876439
0.84127 0.539303 0.0376402
-0.482701 -0.713764 0.507485
-0.258886 -0.900268 0.349993
0.704232 -0.52413 0.478899
0.117818 -0.901956 0.415445
-0.997405 0.0511436 0.0506812
0.568497 -0.100044 0.81658
0.985626 0.162961 0.0445563
-0.463025 -0.242282 0.852589
-0.478354 -0.426746 0.767506
-0.600491 -0.717695 0.352596
0.333312 0.842416 0.423366
-0.835646 -0.524812 0.162077
0.916933 -0.335848 0.215499
0.438141 -0.721365 0.536344
0.299427 -0.90583 0.299692
-0.763681 -0.44605 0.466723
-0.136013 0.978333 0.156092
0.873777 0.441933 0.202998
-0.729441 0.653663 0.201595
-0.123968 -0.865221 0.485823
0.785135 0.49922 0.366527
-0.686955 0.374376 0.622845
-0.36137 0.520357 0.773719
-0.181651 -0.966018 0.183883
0.0371368 -0.344394 0.93809
0.109973 -0.993145 0.0396061
-0.0885443 0.935765 0.341327
-0.576026 0.0877428 0.812709
0.0973348 0.0341005 0.994667
-0.24658 0.404976 0.88045
-0.424547 0.829317 0.363308
0.886538 -0.25157 0.388283
-0.734304 0.678765 0.00865121
-0.049 -0.944554 0.32468
0.557693 -0.579231 0.594533
0.678443 0.509818 0.528963
-0.0739843 0.126302 0.989229
0.196655 -0.604511 0.771941
-0.964447 0.183842 0.189854
2.498e-16 0.866025 0.5
0.86834 0.323522 0.375925
-0.908603 -0.0567833 0.413782
-0.636734 -0.59073 0.495589
0.552541 0.462441 0.693431
0.526755 0.619747 0.581758
-0.267924 0.0302771 0.962964
0.572881 0.818492 0.0433402
0.768177 0.606519 0.205033
0.484601 -0.469754 0.737898
-0.540337 -0.82002 0.188689
-0.718953 -0.00255342 0.695054
0.253827 0.498548 0.828868
0.407701 -0.175581 0.896076
-0.731065 0.187728 0.655974
0.825959 -0.4399 0.352532
-0.919414 0.366929 0.141563
0.0428667 -0.817684 0.574069
0.295472 0.922096 0.249871
-0.309415 -0.802331 0.510419
0.064876 0.971711 0.227086
-0.970836 0.239718 0.00352678
0.910061 0.134112 0.392177
0.153654 0.908598 0.388381
-0.590459 0.274268 0.759035
-0.623281 0.547406 0.558452
0.711596 -0.0351737 0.701708
-0.416158 0.162663 0.894625
-0.0737928 0.493486 0.866617
0.0834923 0.589263 0.803616
-0.133186 0.779295 0.61234
-0.101585 -0.0663316 0.992613
-0.591267 -0.10584 0.799501
-0.305175 0.950139 0.0640584
0.7208 0.692166 0.0368049
0.694699 0.344985 0.631172
-0.69216 -0.698423 0.18199
-0.746673 -0.579689 0.326251
0.4072 0.908788 0.0910612
0.0288963 -0.536476 0.843421
-0.223104 0.85966 0.459575
-0.138342 -0.612059 0.778617
0.710449 0.158785 0.685601
-0.426876 0.347576 0.834846
0.963947 -0.125711 0.234528
-0.812322 -0.119697 0.570794
0.206613 0.974732 0.0849038
-0.315033 -0.53085 0.786735
-0.917674 0.134849 0.37375
0.644854 -0.412264 0.643585
-0.282091 -0.959231 0.0173099
-0.370519 0.758353 0.536299
-0.837366 0.0711547 0.541992
0.372236 -0.621166 0.689633
0.542681 -0.290867 0.787968
0.780277 -0.349449 0.518703
0.585954 -0.808315 0.0573152
0.571912 0.284327 0.769464
-0.23788 0.221792 0.945633
-0.601276 0.79371 0.0921486
-0.438638 -0.825773 0.354536
0.998024 -0.0310114 0.0546504
0.942975 0.260081 0.207742
0.932228 0.360036 0.0363931
-0.625516 -0.779996 0.0183269
-0.745316 -0.30082 0.594988
0.269758 0.12578 0.954678
0.0188048 0.999024 0.03997
0.287247 -0.829807 0.478445
-0.0981054 0.650029 0.75355
0.592935 -0.684394 0.424304
0.0697621 -0.15832 0.98492
0.428483 0.210856 0.878602
-0.273033 0.919935 0.281375
-0.368366 -0.911088 0.185
0.502252 0.746629 0.43622
-0.769219 0.443102 0.460394
0.0498304 0.742831 0.667622
0.972413 -0.223585 0.0665036
0.365852 0.729196 0.578295
0.827331 0.0327888 0.560757
0.694054 -0.228091 0.682835
0.45062 -0.87424 0.180682
-0.887054 0.324209 0.328669
-0.611994 -0.288741 0.736269
0.286228 -0.951709 0.111007
-0.858674 -0.25855 0.442528
0.259772 -0.0684055 0.963244
-0.971482 -0.00484463 0.237063
0.660238 0.647889 0.379903
-0.940779 -0.193107 0.278647
-0.462588 -0.886433 0.0158012
