-0.00150115 -0.710126 0.704073
-0.26267 0.144933 0.953939
-0.885926 -0.0711726 0.458333
0.949382 0.186491 0.252777
0.547923 0.595748 0.587252
-0.654728 -0.211268 0.725739
-0.571715 0.292223 0.766647
-0.866191 -0.259126 0.427278
0.108651 -0.979285 0.17087
-0.823974 -0.524084 0.215413
0.518711 0.726623 0.450508
-0.0864572 0.765187 0.637976
-0.180272 0.639232 0.747586
-0.2877 0.731252 0.618465
-0.527269 0.495093 0.690558
0.186268 0.870442 0.455669
0.284334 -0.953593 0.0990662
-0.379891 -0.175989 0.908136
0.0924705 -0.930077 0.355535
0.250256 -0.46372 0.849903
0.236331 0.359646 0.902664
-0.879891 0.465711 0.0943605
0.896383 -0.339704 0.284777
-0.00640607 -0.284031 0.958794
0.182302 -0.305879 0.934454
-0.978697 0.1363 0.153542
-0.884606 0.126354 0.448895
0.582201 -0.756957 0.296746
0.41466 0.0162856 0.909831
-0.419743 0.397923 0.815765
-1.66533e-16 0.866025 0.5
-0.369453 -0.929237 0.00480441
-0.261943 -0.524716 0.809975
0.489342 0.479976 0.728126
0.176256 0.97824 0.109452
-0.616864 -0.393726 0.681512
0.0399684 0.361162 0.931646
-0.137293 0.990499 0.00791422
-0.217551 -0.969328 0.114343
0.420894 -0.486106 0.765865
-0.927582 0.314469 0.201747
0.837412 -0.546015 0.0246662
-0.575274 0.698862 0.425033
-0.962374 0.271099 0.0184737
-0.136304 -0.412268 0.900809
0.27538 -0.917512 0.286945
0.298542 0.765511 0.56997
-0.486328 0.818785 0.305084
0.114631 0.773978 0.62275
0.876906 0.221561 0.426552
0.71264 -0.620212 0.327844
-0.680835 -0.0216416 0.732117
0.860109 -0.0863742 0.502745
-0.0589446 0.203634 0.977271
-0.372077 -0.623069 0.688
0.010532 0.651951 0.758188
-0.786292 -0.156986 0.597579
0.330449 0.193834 0.923705
-0.102708 0.930447 0.351739
0.594635 0.00952498 0.80394
0.358893 0.930143 0.0776538
0.144464 0.204848 0.968074
0.537804 -0.69764 0.473355
0.128013 -0.598727 0.790657
-0.418927 0.0273803 0.907607
0.746254 0.645808 0.16136
-0.0706885 -0.968868 0.237273
-0.363279 0.588915 0.721947
0.888057 0.366169 0.277984
0.232572 -0.855324 0.462958
-0.870867 0.306197 0.384491
-0.503505 -0.288347 0.814456
0.315224 0.503778 0.804265
-0.567215 0.107369 0.816541
-0.0392285 -0.997948 0.0506046
-0.755046 -0.342042 0.559386
0.409891 -0.819799 0.399898
-0.333615 -0.358283 0.871971
0.590108 -0.464881 0.660044
-0.720608 0.589821 0.364465
0.931385 -0.143695 0.334475
0.234336 0.0352252 0.971517
0.117269 -0.132738 0.984189
-0.413103 -0.734808 0.537961
0.943286 0.316059 0.101578
-0.42356 0.217327 0.879412
0.446995 -0.867524 0.218168
0.269207 0.924981 0.268211
-0.774856 0.611229 0.161239
-0.250821 0.485528 0.837467
0.979455 -0.0100935 0.201411
-0.965514 -0.240933 0.0986626
0.73471 -0.0269869 0.677845
0.200719 0.646093 0.736393
-0.473272 0.660759 0.58259
-0.701884 0.164657 0.692998
-0.252097 -0.0458756 0.966614
-0.402615 -0.895356 0.190365
-0.0663694 -0.57049 0.818618
0.447242 0.863293 0.233878
-0.540569 -0.101588 0.835144
-0.189277 -0.673827 0.714235
0.988523 0.132051 0.0733754
-0.190923 0.845362 0.49891
0.802087 0.396746 0.446373
-0.0617996 0.506689 0.859911
0.862611 0.488187 0.132573
-0.246343 -0.92231 0.297757
0.523029 0.852142 0.0171914
0.996489 -0.0802131 0.0240029
0.69088 0.551188 0.467843
-0.630086 0.556828 0.541233
0.585454 0.315378 0.746847
-0.542165 -0.560978 0.625589
-0.591499 -0.749308 0.297769
0.791376 0.529051 0.306316
-0.0965467 -0.904347 0.415736
0.300243 -0.632504 0.713998
0.63417 -0.171101 0.754024
-0.802814 0.0338074 0.595271
-0.764221 0.43828 0.473156
-0.811259 -0.583707 0.033853
0.451265 -0.891943 0.0282571
0.417087 0.343526 0.841444
0.129466 0.50978 0.850508
0.762643 0.272449 0.586641
0.964195 -0.212429 0.158749
0.0513142 -0.849821 0.524568
-0.204019 -0.239762 0.949152
-0.19654 0.962333 0.18785
0.660223 0.431871 0.614486
-0.904116 -0.352175 0.241966
-0.29041 0.893557 0.34237
-0.945571 -0.168747 0.278245
-0.199103 0.323285 0.925119
-0.645434 0.722306 0.248374
-0.713171 -0.609547 0.346178
0.529983 -0.329457 0.781394
-0.713959 -0.679739 0.167984
-0.122976 -0.800405 0.58671
0.829109 -0.516618 0.213736
-0.546342 0.828413 0.123463
0.73225 -0.665879 0.142883
0.368123 0.836353 0.4062
-0.839532 0.464651 0.281578
-0.072406 -0.107258 0.991591
0.925116 0.0428819 0.377256
0.663286 -0.555672 0.501278
0.303964 -0.140771 0.942226
-0.429678 -0.825248 0.366527
0.733128 -0.387019 0.559232
-0.563218 -0.8174 0.12101
0.504273 0.173061 0.846025
0.682929 0.1538 0.714111
0.0448619 0.0440281 0.998023
0.657786 0.677963 0.328153
-0.688416 -0.51491 0.510833
-0.449561 -0.464718 0.762845
0.472573 -0.613585 0.632604
0.915857 -0.388684 0.100652
-0.792393 0.258346 0.552603
-0.672442 0.384522 0.632427
-0.379825 0.908609 0.173672
0.606329 0.776366 0.172109
0.36487 -0.312687 0.876982
0.172551 -0.752095 0.636066
-0.905574 -0.419531 0.0626854
-0.685066 0.727472 0.0383332
-0.952407 0.0208964 0.304112
0.761179 -0.205948 0.614974
-0.811791 -0.438084 0.386106
0.381869 0.629821 0.676389
0.0840852 0.946193 0.312487
-0.269028 -0.840883 0.469616
0.824173 0.09326 0.558607
0.846941 -0.271867 0.456923
0.0629321 -0.449262 0.891181
0.595522 -0.795816 0.109681
-0.578637 -0.66654 0.470004
-0.989836 -0.0536463 0.131708
-0.391415 0.791611 0.469199
0.477868 -0.158598 0.863996
0.795476 -0.460611 0.393771
-0.0103563 0.988432 0.151313
0.350825 -0.745759 0.566361
