0.507178 0.8252 0.248629
0.235807 0.262856 0.935576
0.801049 -0.207582 0.561454
-0.835712 0.543601 0.0779911
-0.377665 -0.923756 0.0635898
-0.720314 0.233278 0.653245
0.732314 0.152134 0.663755
0.371658 -0.102738 0.922667
0.893482 -0.0924319 0.439483
0.992395 -0.0105945 0.122638
-0.791171 0.0610536 0.60854
-0.31075 -0.202789 0.928607
-0.148232 -0.116692 0.982044
-0.132888 -0.30366 0.943468
0.206612 -0.248049 0.946458
-0.611817 -0.21402 0.761496
0.514473 0.379017 0.769197
-0.384646 -0.888104 0.251634
0.177752 0.884597 0.431152
-0.294716 0.376792 0.878163
0.433682 -0.740074 0.514014
0.28783 0.683467 0.67084
0.147914 0.790006 0.59499
0.628995 -0.753223 0.192405
0.715214 -0.552897 0.42752
0.681376 -0.338439 0.648989
-0.231382 0.700235 0.675376
0.193789 -0.059786 0.97922
-0.455844 -0.291831 0.840858
0.616503 0.616718 0.489472
-0.588155 0.348982 0.729579
-0.709067 -0.471054 0.52472
0.805503 0.266944 0.529061
-0.136068 0.281459 0.949877
-0.479133 -0.707438 0.51958
0.0454373 0.949951 0.309077
-0.796706 -0.579943 0.170075
0.574309 -0.613188 0.542374
0.748357 -0.614668 0.249289
0.0920512 -0.545318 0.83316
0.606021 -0.701333 0.375326
0.460505 0.662614 0.590658
-0.625092 -0.0238754 0.780186
-0.0642344 -0.635711 0.76925
-0.477654 -0.104179 0.872349
-0.778335 0.57218 0.258467
-0.0295672 -0.962017 0.271384
0.641022 0.0193588 0.767278
-0.572757 0.800332 0.177252
0.0416926 0.35125 0.935353
0.748094 0.554042 0.36523
-0.306231 -0.0127391 0.951872
0.78941 -0.0236105 0.613412
-0.268407 0.546712 0.793135
-0.430105 -0.468552 0.771666
-0.383008 0.749276 0.540268
-0.771899 -0.528606 0.353197
-0.829427 -0.355006 0.431302
-0.121833 0.459187 0.879945
0.348218 0.871694 0.344809
0.424465 0.226576 0.876637
-0.958307 0.0876079 0.271978
0.0241506 -0.200109 0.979476
0.74268 -0.666485 0.0649976
-0.890853 0.407458 0.200894
0.28369 -0.843812 0.455523
0.555826 -0.479977 0.678734
0.668469 0.332695 0.665179
-0.454853 0.276618 0.846517
0.14611 -0.97282 0.179648
0.483966 0.0445517 0.873952
0.870122 0.0923476 0.484107
0.581833 0.502665 0.639373
-0.114273 0.975081 0.190153
0.265272 -0.588454 0.763775
-0.0919698 0.619911 0.779264
0.102521 0.668901 0.736248
0.829377 0.523747 0.19448
-0.925885 0.377507 0.0150008
0.311808 0.0873755 0.946119
-0.732443 -0.301407 0.610476
-0.8897 -0.453976 0.0483785
0.271549 -0.739495 0.615961
0.00995517 -0.0102088 0.999898
0.477415 -0.864635 0.156469
0.922627 -0.332616 0.195257
-0.487613 0.784473 0.383191
-0.456534 0.0857148 0.885567
-0.990732 -0.135565 0.00852737
0.0523218 -0.380966 0.923107
0.542291 -0.132422 0.82969
0.342413 0.397752 0.851203
0.133295 -0.92188 0.363826
0.489275 0.759799 0.428153
-0.84136 -0.18055 0.509426
0.589293 0.203177 0.781955
0.636074 0.702451 0.319332
-0.523338 -0.778392 0.346733
-0.291895 -0.385747 0.875212
-0.876717 -0.419002 0.236232
-0.820714 0.428547 0.377858
-0.150243 0.0935739 0.984211
-0.960464 0.238449 0.143704
-0.202709 -0.911231 0.358563
-0.950586 -0.286718 0.119078
0.610624 -0.7919 0.00573117
-0.920691 -0.245213 0.303643
-0.821628 0.278764 0.49721
0.233909 -0.423669 0.875095
-0.564428 0.518015 0.642714
0.838974 0.386411 0.383158
0.951327 0.306946 0.0275882
-0.907523 0.263989 0.326668
0.22229 0.949125 0.223044
-0.312913 0.86085 0.401277
0.688773 -0.156358 0.707915
0.402991 -0.458413 0.792121
-0.673046 -0.689931 0.266467
-0.436094 0.455797 0.775933
-0.305256 0.193419 0.93242
-0.69877 0.560081 0.445007
0.526988 0.849697 0.0172562
0.459359 -0.819853 0.341804
-0.0353303 -0.892462 0.449736
0.417457 0.539687 0.731073
-0.393924 -0.627692 0.671436
-0.708876 0.41537 0.570055
0.956995 -0.151553 0.24737
-0.260047 -0.554629 0.790419
0.885141 -0.273177 0.376696
0.0757547 0.168834 0.982729
0.11292 -0.692556 0.712471
0.970662 0.17492 0.164978
-0.132634 0.918612 0.372237
0.643529 0.753445 0.134875
-0.0438019 -0.771041 0.635277
-0.358829 -0.827664 0.431526
-0.541576 -0.824925 0.161847
-0.741985 -0.116694 0.660182
0.424442 -0.61826 0.661516
-0.0493145 -0.995261 0.0838065
0.239035 0.550574 0.799832
-0.71622 0.687674 0.118884
-0.683018 -0.726153 0.0786665
-0.0461051 0.756178 0.65274
0.876012 0.482181 0.0102483
-0.286257 0.951918 0.109125
-0.63721 -0.629494 0.444635
-0.40346 0.616159 0.676438
-0.549688 0.658772 0.513676
0.0565731 0.522448 0.850793
0.925295 -0.37917 0.00764997
0.854228 -0.501626 0.136625
-0.88731 0.105449 0.448957
0.914223 0.214792 0.343598
0.724378 0.448691 0.523405
-0.224324 -0.958799 0.174307
0.0643728 0.990339 0.122823
0.541853 -0.316953 0.778419
0.380904 -0.288831 0.878344
-0.217934 -0.703044 0.67693
-0.923455 -0.0685419 0.377535
1.11022e-16 0.866025 0.5
0.3857 0.913457 0.129741
0.976948 -0.203611 0.0641421
0.11643 -0.828615 0.547577
0.780832 -0.384941 0.49206
-0.195079 -0.824732 0.530812
0.30392 -0.911397 0.277468
-0.409657 0.880861 0.237202
0.312746 -0.945635 0.089239
0.951805 0.0309754 0.305135
-0.597991 0.165677 0.784193
-0.592633 -0.395036 0.701949
-0.975879 -0.0970566 0.195549
0.769827 0.636186 0.0513298
-0.644418 0.694536 0.319914
-0.457381 0.887758 0.0518501
-0.994538 0.059001 0.0861029
0.322974 0.792489 0.517348
0.912304 0.351778 0.209653
0.834473 -0.44885 0.319669
-0.104052 -0.478869 0.871698
-0.183039 0.823492 0.536989
-0.561803 -0.559723 0.609169
0.23193 0.972211 0.031847
