0.747254 -0.385377 0.541384
-0.0396004 -0.170413 0.984577
-0.289558 -0.804163 0.519112
0.386211 0.902458 0.190816
-0.0830257 0.764336 0.639451
0.00483633 -0.685218 0.728322
-0.361637 -0.353927 0.862528
-0.130438 -0.884138 0.448649
0.0633886 -0.980849 0.184167
-0.237354 0.810315 0.535772
-0.535799 0.309023 0.785764
-0.454402 0.161064 0.876115
-0.614643 0.119874 0.779644
-0.524525 -0.20899 0.825347
-0.525131 0.600739 0.602785
0.156753 -0.436094 0.886144
0.899349 -0.411476 0.147844
0.703887 -0.0456123 0.708846
0.0250737 0.368558 0.929266
-0.81413 -0.512348 0.273296
0.803249 0.583419 0.120056
0.448319 -0.174118 0.876751
0.557215 -0.0236546 0.830031
-0.577711 -0.769025 0.273588
-0.455002 -0.70033 0.55001
0.992136 0.0981583 0.0776563
0.402698 0.342622 0.84879
-0.360839 -0.170301 0.916947
-0.606478 0.438289 0.66339
0.484336 -0.514078 0.707914
0.0149203 0.651078 0.758864
-0.697649 0.655797 0.288472
0.165675 -0.746557 0.644364
-0.0698013 0.200901 0.977122
-0.890578 0.396465 0.222903
0.790579 0.0904535 0.605642
-0.688717 -0.633962 0.351796
-0.572119 -0.815451 0.087863
-0.777937 -0.13839 0.612914
-0.711698 -0.682135 0.167861
0.475492 -0.350379 0.806934
0.96676 -0.247129 0.0655974
-0.355035 0.6397 0.681714
-0.859135 0.00250636 0.511742
-0.443975 0.485762 0.752942
0.359242 0.854868 0.37436
0.952124 0.279891 0.122963
-0.164476 -0.609272 0.775716
0.623481 0.679039 0.387529
0.0208088 0.0336222 0.999218
0.482377 -0.656522 0.579906
-0.365271 0.330481 0.870264
-0.136166 -0.766637 0.627477
0.215469 0.362482 0.906741
-0.745707 0.387235 0.54219
0.476262 0.49526 0.726562
-0.701403 0.705214 0.103474
-0.571735 0.787617 0.229738
0.121463 0.208279 0.970498
0.959994 0.0870814 0.266136
0.740301 -0.218816 0.635669
-0.0321171 -0.363913 0.930879
-0.119291 0.96924 0.215276
0.821734 -0.568409 0.040796
-0.511725 -0.0208645 0.858896
0.211436 0.942728 0.25799
-0.908899 -0.379295 0.173315
0.93291 -0.255346 0.253925
-0.611801 -0.593842 0.522543
0.165915 -0.597953 0.784171
-0.0765003 0.512948 0.855004
-0.194643 -0.447108 0.873046
0.0248121 -0.835114 0.549518
0.979651 -0.0839857 0.18229
0.32356 -0.490339 0.809245
0.835437 0.248415 0.490239
-0.775154 -0.317823 0.546008
0.669551 0.713935 0.204935
0.308896 0.196986 0.930473
0.391496 0.0095097 0.920131
0.520459 -0.746235 0.415037
0.241504 0.967834 0.0705169
-0.198525 -0.268684 0.942548
-0.570302 0.704072 0.42313
-0.866328 -0.348565 0.357741
-0.342542 0.0190281 0.93931
0.553198 0.82729 0.0977938
-0.270148 -0.952287 0.14202
0.549632 0.598812 0.58252
-0.268324 0.49045 0.829133
-0.658827 -0.0744895 0.748598
-0.338685 -0.529723 0.777616
0.12706 -0.260669 0.95703
-0.968604 -0.24344 0.0504324
0.580873 -0.812872 0.0427223
0.624021 -0.370894 0.687776
-0.436021 0.824963 0.359613
-0.00338426 -0.533176 0.845997
0.623644 -0.52723 0.577145
0.410996 0.911637 0.00112698
-0.904282 0.42561 0.0336213
-0.686933 0.264438 0.676901
-0.571858 0.820069 0.021577
0.180103 0.881395 0.436699
-0.258664 0.191038 0.946888
0.064431 0.987523 0.143694
0.707114 -0.695698 0.126472
-0.995577 0.0906898 0.0245488
-0.436878 0.888745 0.138814
-1.11022e-16 0.866025 0.5
-0.661818 -0.261507 0.702575
0.204802 0.647386 0.73413
0.330042 -0.768268 0.548486
0.387465 -0.900881 0.195662
0.0332774 0.944 0.328264
0.795142 -0.560984 0.230317
0.838923 -0.0874639 0.537176
0.635152 0.436426 0.637271
-0.303514 -0.681703 0.665703
-0.647121 -0.436137 0.625316
0.11686 0.516016 0.84857
-0.165807 0.356297 0.919544
0.29475 0.78008 0.551903
0.703801 0.710205 0.0165381
0.84977 -0.40875 0.332889
-0.828255 -0.553588 0.0868017
-0.989212 -0.0698807 0.128746
0.308619 -0.319804 0.895812
-0.856914 0.327231 0.39827
0.116429 0.774663 0.621564
-0.11423 -0.96072 0.252921
-0.812911 0.2079 0.544016
-0.279494 -0.90177 0.329687
-0.161742 -0.0229077 0.986567
-0.872937 -0.182263 0.452506
0.220277 -0.933408 0.283243
0.719651 0.264616 0.641935
0.238048 -0.966552 0.0954504
0.733846 -0.533426 0.420627
0.899834 0.435705 0.0214483
-0.938607 -0.0397552 0.34269
-0.959764 0.258658 0.109312
-0.415222 0.739552 0.529768
-0.750535 -0.482561 0.451478
0.275279 -0.139519 0.951187
0.521079 0.804443 0.285215
0.912404 0.26736 0.309901
0.48393 0.165813 0.859254
0.548511 -0.803527 0.231258
0.821041 0.413271 0.393825
0.418641 -0.908126 0.00683433
-0.810825 0.561152 0.166349
0.303878 0.501967 0.809745
0.381291 0.647567 0.659753
0.210927 0.0390511 0.976721
-0.416532 -0.908736 0.0264537
-0.153567 0.906626 0.392998
0.191386 -0.866799 0.460469
0.328238 -0.642229 0.692677
0.892782 0.0714223 0.444792
-0.494221 -0.555339 0.668837
-0.519842 -0.389133 0.760487
-0.908971 0.143043 0.391549
-0.296622 0.917174 0.266095
0.643038 0.130101 0.754703
0.855554 -0.25691 0.449472
-0.0993997 -0.992941 0.0647125
-0.944706 -0.208792 0.252857
-0.434607 -0.80978 0.394173
-0.971343 0.099825 0.215701
0.69756 0.529963 0.482234
0.0366158 -0.929598 0.366752
-0.175937 0.638138 0.749551
-0.672355 0.555901 0.488788
-0.268518 0.95982 0.0815091
0.666618 -0.676642 0.312691
0.468588 0.740302 0.482057
0.760456 0.572551 0.306419
-0.0881091 0.995712 0.0281733
0.605643 -0.199104 0.770425
0.364069 -0.850762 0.379023
-0.430606 -0.876622 0.214738
-0.751238 0.0658747 0.656736
0.569811 0.306907 0.762315
0.876699 0.432033 0.211532
-0.791857 0.500687 0.349679
0.925521 -0.0997325 0.365327
