-0.136325 -0.613794 0.777607
-0.570609 0.206492 0.794837
-0.96933 -0.169441 0.178014
0.786407 0.375162 0.490731
0.785148 -0.550212 0.284271
0.250214 0.744912 0.618465
-0.820086 -0.235831 0.521385
-0.819506 0.275741 0.502372
-0.916877 -0.353491 0.185419
0.677225 -0.69887 0.230103
0.172203 -0.919591 0.353127
-0.775581 -0.629842 0.0421098
0.898976 0.401202 0.175723
0.249895 0.852147 0.45978
-0.383133 0.807211 0.449021
-0.490234 0.680462 0.544649
-0.561457 0.737088 0.376122
-0.779297 0.473091 0.410952
-0.082166 0.936155 0.341851
0.356835 -0.872464 0.33388
-0.625026 -0.132936 0.769201
0.957402 0.21922 0.187949
0.0915866 -0.852953 0.51389
0.790006 -0.604765 0.100747
0.80582 0.571362 0.15556
0.0218461 -0.312551 0.94965
-0.113177 0.49661 0.860563
0.793545 -0.145044 0.590973
-0.276883 -0.168437 0.946026
-0.0891624 -0.160101 0.983066
-0.99027 0.022933 0.137259
0.548031 -0.605987 0.576577
0.0957301 0.192263 0.976663
-0.706072 0.410993 0.576669
-0.270648 0.904849 0.328629
-0.229779 -0.972154 0.0460202
-0.438375 -0.465079 0.769109
0.164873 0.637801 0.752347
-0.747098 -0.412899 0.520921
-0.306976 0.4676 0.828925
-0.117161 -0.972574 0.200932
0.211794 -0.314736 0.925248
0.847828 -0.387018 0.362497
-0.765307 0.633552 0.113653
-0.363882 -0.322955 0.873665
0.283648 -0.817051 0.501967
-2.77556e-17 0.866025 0.5
-0.658696 0.752369 0.00783637
-0.19062 0.848704 0.493321
0.65824 0.417015 0.626753
0.643063 -0.446153 0.622429
-0.870829 -0.0540869 0.488602
0.657357 0.121659 0.743695
-0.394339 0.301711 0.868025
0.98399 -0.149132 0.0975876
0.881733 -0.444962 0.156701
-0.026823 -0.999057 0.034144
-0.490137 -0.594333 0.6376
-0.316148 0.727003 0.609521
0.952242 0.304885 0.0167317
-0.909458 -0.220171 0.35272
-0.0104136 0.353043 0.935549
-0.327789 0.933083 0.148023
0.29945 0.204453 0.931949
0.193338 0.980727 0.0282112
-0.200612 0.336886 0.919925
0.442218 -0.53525 0.719687
-0.0566991 -0.472518 0.879495
-0.687446 0.059228 0.723816
0.566413 0.778963 0.26906
-0.0187383 -0.932647 0.360303
-0.647387 0.596749 0.47411
0.697844 0.543277 0.46676
0.179151 -0.743301 0.644522
-0.97969 0.193813 0.051418
-0.696718 -0.274951 0.66256
-0.0259929 0.639861 0.768051
0.950185 -0.0968109 0.296269
-0.807678 0.10143 0.580834
0.0742943 -0.977193 0.198931
-0.844284 -0.400225 0.356377
0.361263 -0.685263 0.632379
-0.546745 -0.307465 0.778804
0.40182 -0.277014 0.872814
-0.868417 0.494857 0.0311172
0.785473 0.0584668 0.616128
-0.0957115 0.186831 0.977719
-0.188229 0.00380571 0.982118
-0.466333 -0.72801 0.502529
0.812584 0.483436 0.325571
-0.706999 0.241 0.664885
0.460391 -0.746508 0.480381
0.0487734 0.982191 0.181446
-0.565636 0.528303 0.633208
0.856171 0.18211 0.483536
0.475984 0.178334 0.861183
-0.129895 0.751531 0.646783
0.262552 -0.948168 0.179006
-0.715165 0.632015 0.298488
-0.901827 0.120028 0.415092
-0.5404 0.0231116 0.841091
-0.324666 -0.923332 0.205059
-0.251722 -0.475164 0.843122
0.234759 0.948562 0.212413
-0.761964 -0.0962516 0.640427
-0.320473 -0.609467 0.725153
0.887558 0.307969 0.342629
-0.446879 0.851612 0.273963
0.932819 -0.27619 0.231446
0.559308 0.577787 0.594421
-0.398094 0.58416 0.707303
0.163709 -0.986317 0.0194587
0.704967 0.641497 0.302496
-0.208936 -0.910395 0.35711
0.441648 -0.882359 0.162447
0.376728 0.925732 0.033123
0.937932 0.0959973 0.333268
0.428338 0.712188 0.556162
-0.835857 0.498555 0.229753
0.350284 -0.936638 0.00311434
0.669102 -0.741888 0.0436523
0.270096 0.495498 0.825548
-0.637727 -0.570092 0.517976
-0.555005 -0.800622 0.225775
0.577234 0.689227 0.437911
-0.108406 -0.85341 0.509842
0.133834 -0.484722 0.864369
0.375595 0.0288087 0.926336
-0.94857 -0.0366356 0.31444
-0.924836 0.351623 0.145053
0.528345 -0.791552 0.307078
0.0781613 0.504928 0.859615
-0.215938 0.619057 0.755076
0.493213 0.465564 0.734841
0.881328 -0.0233774 0.471927
-0.0114284 -0.762046 0.647422
-0.464939 -0.160292 0.870712
0.367814 0.607085 0.704387
-0.881247 -0.472415 0.0150538
-0.496274 0.863573 0.0891868
-0.955184 -0.295933 0.0068132
-0.524464 0.3886 0.75758
-0.702554 -0.679282 0.212119
0.289234 -0.140903 0.946832
-0.63726 -0.768626 0.0558023
-0.201241 -0.736572 0.645728
0.775723 -0.337896 0.532991
0.726542 -0.50877 0.461833
0.108733 0.928439 0.355216
-0.371896 -0.00309583 0.928269
0.742081 0.244842 0.623994
0.532949 -0.371526 0.760219
0.00148391 0.0232794 0.999728
-0.415441 -0.839103 0.351161
0.558427 -0.187822 0.808011
0.877014 0.480458 0.00275831
-0.463152 -0.882738 0.0791449
0.180284 0.353718 0.917813
0.392695 0.350452 0.850279
-0.283181 0.165851 0.944618
0.986688 0.0321128 0.159423
0.946408 -0.322055 0.0243362
0.425842 0.814403 0.394216
-0.744131 -0.563455 0.35887
-0.607047 -0.444146 0.65896
0.319254 -0.445904 0.83621
0.877051 -0.210829 0.431663
-0.95377 0.179902 0.240743
-0.882841 0.333207 0.331005
0.414967 0.883813 0.216047
0.101488 -0.141929 0.984661
0.0541924 -0.6327 0.772499
0.543801 0.000573899 0.839214
-0.829792 -0.523934 0.192194
0.0614433 0.759908 0.64712
-0.141886 0.976148 0.164328
0.540491 0.837636 0.0789632
-0.295667 -0.814834 0.498625
0.582811 0.297638 0.756137
0.68334 -0.0673548 0.726987
0.68258 0.719345 0.128948
-0.169058 -0.325925 0.930157
0.625411 -0.663271 0.411014
-0.60866 -0.697581 0.378039
-0.618702 0.761058 0.194934
0.192057 0.0267856 0.981018
0.67934 -0.268147 0.683077
0.243054 -0.60382 0.759162
