-0.578338 0.298132 0.75937
0.33837 0.266966 0.90235
0.28473 0.887808 0.36156
-0.112295 -0.933969 0.339252
-0.888858 -0.448441 0.0939808
0.444755 -0.674139 0.589687
0.108815 0.73951 0.664292
0.556684 0.491614 0.669641
0.0986905 0.931696 0.349574
-0.959901 -0.274742 0.0557446
-0.931102 0.247969 0.267509
-0.188666 0.967584 0.167888
-0.0989045 -0.995051 0.0096007
0.56035 -0.702002 0.439547
0.821181 -0.134893 0.554496
0.748006 0.00441171 0.663677
0.854327 0.0636931 0.515818
0.722295 0.374548 0.58138
0.806465 -0.439941 0.395052
-0.974439 0.0693487 0.213683
0.0720018 0.483698 0.872268
-0.286629 -0.958041 0.00122506
-0.857408 0.259923 0.444175
0.0960039 -0.995242 0.016656
-0.414495 -0.0114429 0.90998
0.366205 -0.277786 0.888104
-0.582613 -0.70093 0.411411
-0.147642 0.175065 0.973424
-0.23404 0.00414286 0.972218
0.472875 0.880575 0.0312603
0.467796 0.817906 0.334958
-0.866264 -0.262401 0.425126
-0.0134723 -0.326023 0.945266
0.610656 0.316656 0.72583
0.869909 -0.260778 0.418633
-0.744653 0.665892 0.0456005
-0.305236 0.485986 0.818931
0.373105 -0.56899 0.732832
0.868789 -0.493422 0.0417222
-0.0797325 0.763559 0.640797
0.436714 -0.092358 0.894847
-0.819651 0.545658 0.17444
-0.502565 -0.169708 0.847719
0.62817 0.775014 0.0689558
-0.787169 -0.5941 0.165557
0.896764 0.329611 0.295249
-0.231124 0.336457 0.912895
-0.915041 0.0792941 0.395489
0.684668 -0.500418 0.529917
0.964677 0.196171 0.175825
0.760388 -0.327267 0.560988
-0.0343262 -0.86527 0.50013
-0.778254 -0.429227 0.45835
0.295568 0.699173 0.650996
-0.307375 -0.737925 0.600822
0.328006 0.0578202 0.942904
-0.375109 0.613835 0.694622
0.697438 -0.177766 0.694247
0.188037 0.834439 0.518029
0.182304 -0.307262 0.934
0.946543 -0.197842 0.254783
-0.0926933 -0.50003 0.861033
0.758981 -0.650184 0.0347716
0.260083 -0.13367 0.956289
-0.774667 -0.228114 0.589792
-0.507016 0.14502 0.849649
0.275086 0.450221 0.849487
0.373893 -0.908687 0.185718
-0.853441 0.417185 0.312401
0.759008 0.191109 0.622402
0.0791957 -0.936518 0.341559
-0.821364 0.111061 0.559488
0.623551 0.738374 0.256883
-0.00304512 0.631089 0.775705
0.462708 -0.408543 0.786762
-0.573498 -0.813821 0.0937857
0.388402 0.554719 0.73582
-0.913666 0.383855 0.133676
2.77556e-17 0.866025 0.5
-0.854999 -0.0718224 0.513633
-0.11823 0.500417 0.857674
-0.552023 -0.343267 0.759894
0.836071 0.498654 0.228757
-0.405079 -0.797436 0.447222
0.0719144 -0.159169 0.984629
-0.044462 0.00914016 0.998969
-0.483968 0.679519 0.551388
-0.00738891 -0.984096 0.177486
0.450792 0.387103 0.804324
-0.933942 -0.103652 0.342066
0.807116 -0.550285 0.213895
0.849674 0.526942 0.019672
0.63874 0.130018 0.758358
-0.312307 -0.898299 0.309069
0.109211 0.99395 0.0116422
-0.188836 -0.627958 0.75499
0.625801 -0.355386 0.694315
-0.974382 0.211084 0.0776039
0.84609 0.258972 0.465903
0.472029 0.651864 0.593517
0.158001 0.323667 0.932886
-0.679506 0.69908 0.222617
-0.412312 0.319325 0.853247
0.685834 -0.698252 0.205123
0.186414 0.60306 0.775608
-0.480454 0.462153 0.745371
-0.197914 -0.965223 0.170808
0.914238 -0.0750476 0.398166
-0.712511 -0.7012 0.0254281
0.156821 -0.854043 0.496002
0.598088 -0.0525145 0.799708
0.184206 -0.965504 0.184037
-0.743942 0.570076 0.348659
-0.999214 0.0276637 0.0284018
0.623939 -0.781473 2.68417e-05
-0.404958 -0.903316 0.141525
0.340933 -0.801497 0.491292
0.796327 0.438431 0.416703
0.189393 -0.600923 0.776545
-0.267782 0.747028 0.608475
-0.466921 0.833613 0.295084
0.267173 -0.899962 0.344511
-0.762949 0.432466 0.480502
-0.605376 -0.0102668 0.795874
-0.280774 -0.478599 0.831931
0.37163 0.784083 0.497096
0.722099 0.599705 0.344859
-0.981117 -0.113377 0.1567
0.283365 -0.44598 0.849003
0.535952 -0.2333 0.811374
0.0707362 -0.763919 0.641424
-0.501501 -0.817571 0.282973
-0.748234 0.283407 0.599856
-0.041412 0.344079 0.938027
0.987913 -0.133182 0.0793175
0.257337 -0.720837 0.643562
0.00200972 0.985421 0.170121
0.973629 -0.0101593 0.227909
0.191704 0.963808 0.185264
0.480379 0.143957 0.865166
0.920792 0.374069 0.110515
-0.289786 0.90301 0.317171
-0.390697 -0.324558 0.861405
-0.376646 0.914639 0.146875
-0.636319 0.434161 0.637654
-0.734095 -0.582376 0.349204
-0.849819 -0.445631 0.28146
0.70788 -0.602106 0.369289
0.748783 0.646866 0.144527
0.0436107 0.178457 0.982981
-0.223409 -0.852582 0.472432
-0.680502 -0.392335 0.618862
-0.1194 -0.165963 0.978877
-0.583666 0.713396 0.387815
-0.539181 -0.511424 0.669126
-0.561356 0.817419 0.129252
0.0954446 -0.468591 0.878244
0.00183787 -0.638998 0.769206
0.146636 0.0171196 0.989042
0.453636 -0.824535 0.338165
-0.189715 0.859528 0.474573
-0.192166 0.637443 0.746149
-0.655081 -0.184131 0.732778
-0.657129 -0.716004 0.235625
0.572897 0.693896 0.43623
0.660412 0.544148 0.517453
0.997206 0.0558004 0.0496567
0.543977 -0.821842 0.16931
-0.308328 -0.168672 0.936207
-0.68392 0.144601 0.715083
0.374388 0.906879 0.193399
-0.372559 -0.595834 0.711465
-0.0917405 0.939291 0.330631
0.542835 -0.523805 0.656475
0.894128 -0.381017 0.235291
0.463636 -0.885992 0.00772289
-0.639503 0.576079 0.509086
-0.120707 -0.761941 0.636299
-0.481905 -0.665186 0.570347
0.28668 -0.957764 0.0224213
-0.333423 0.161987 0.928757
-0.929619 -0.275417 0.244856
-0.373057 0.805911 0.459713
0.296399 0.954733 0.0251482
0.927379 0.128894 0.351219
-0.2036 -0.328422 0.922326
-0.648774 -0.55677 0.518748
0.945706 -0.319146 0.0615317
-0.745963 -0.0296275 0.665328
