0.981376 -0.190975 0.0207329
-0.529451 0.822734 0.206859
2.77556e-16 0.866025 0.5
-0.370231 -0.928841 0.013552
0.623424 -0.492214 0.607509
-0.828078 -0.546129 0.126605
0.50499 0.847737 0.162254
-0.440209 -0.694682 0.568887
0.219597 -0.892061 0.394975
-0.623795 0.425465 0.655636
0.0683196 -0.521184 0.850705
0.834172 0.0734699 0.546589
-0.508037 -0.141462 0.849639
0.910378 0.410964 0.048176
0.689815 -0.722256 0.0500174
0.479599 0.545199 0.687563
0.369209 -0.000217849 0.929346
-0.0713994 0.416272 0.906432
-0.938025 0.00857662 0.346463
