0.401423 0.467355 0.787679
0.926606 -0.017584 0.375622
-0.862259 0.472208 0.183107
-0.226718 -0.921169 0.316303
-0.580804 0.296753 0.758026
0.834917 0.347922 0.426456
0.578665 0.120216 0.806657
0.973188 0.0780557 0.216362
-0.976846 0.213932 0.00215532
-0.636135 0.113471 0.763188
-0.0654718 -0.0363435 0.997192
0.0918439 0.0728152 0.993108
0.123082 -0.115992 0.985595
0.444088 -0.0312039 0.89544
-0.391969 -0.107836 0.913636
0.617756 0.571382 0.540277
-0.196234 -0.848783 0.490978
-0.981396 0.102638 0.162255
0.149444 0.965944 0.211232
-0.138877 0.519979 0.842814
0.632634 -0.578888 0.514454
0.336194 0.828265 0.448276
0.169896 0.904386 0.391434
0.75114 -0.639873 0.162332
0.860066 -0.389116 0.329961
0.848138 -0.137946 0.511501
-0.166337 0.799731 0.576856
0.413812 0.157906 0.896563
-0.213232 -0.153814 0.964818
0.621957 0.755295 0.206636
-0.451652 0.43676 0.777979
-0.504323 -0.415201 0.757143
0.860121 0.438945 0.259842
0.0430814 0.455595 0.889144
-0.251813 -0.626465 0.737653
-0.0143219 0.993177 0.115735
-0.653562 -0.601225 0.459766
0.75775 -0.436985 0.484624
0.860531 -0.482667 0.162843
0.347987 -0.354224 0.868004
0.762863 -0.554107 0.333175
0.487795 0.806861 0.333213
-0.426076 0.080208 0.901125
0.194926 -0.469151 0.861337
-0.0771989 -0.974798 0.209306
-0.252388 0.033649 0.967041
-0.770381 0.541835 0.336048
0.066051 -0.9943 0.0836889
0.160902 -0.885515 0.435859
0.787678 0.231444 0.570962
-0.62059 0.765935 0.167961
0.202118 0.53638 0.819417
-0.958353 -0.270383 0.091942
-0.702496 -0.705156 0.0962005
-0.9858 -0.0878724 0.143099
0.729653 0.680524 0.0670241
-0.0813648 0.154108 0.984698
0.902335 0.171349 0.395513
-0.155223 0.670705 0.725301
-0.180168 -0.337938 0.923763
-0.349474 0.806703 0.476548
-0.595588 -0.511741 0.61919
-0.110274 -0.993861 0.00892471
-0.656936 -0.331654 0.677083
0.017404 0.615939 0.787601
0.296473 0.950845 0.0894326
0.575266 0.436638 0.691676
-0.87623 0.0561849 0.478606
-0.424915 -0.902963 0.0640764
0.268876 0.0061597 0.963155
-0.869815 0.359577 0.337825
0.488646 -0.705172 0.513768
0.752519 -0.280992 0.595616
0.749411 0.518648 0.411566
-0.287141 0.401733 0.869575
0.311476 -0.899204 0.307271
0.656492 0.263845 0.706685
0.935853 0.265252 0.231991
0.246523 -0.959343 0.137433
0.637238 0.6715 0.378174
-0.198448 0.97941 0.0370587
0.505512 -0.395113 0.767036
-0.701658 0.712508 0.00287279
0.0022255 0.754828 0.655919
0.173837 0.811012 0.558605
-0.941145 0.289482 0.174487
0.500657 0.305089 0.810101
-0.530459 -0.234399 0.814659
-0.787398 -0.51134 0.344291
0.498786 -0.571899 0.651263
0.234299 0.194236 0.952563
-0.826365 0.563129 0.00246035
0.611684 -0.769193 0.184891
0.978948 -0.203242 0.0188209
-0.490265 0.799857 0.346221
-0.254476 0.223371 0.940929
-0.936487 -0.217866 0.27482
0.307707 -0.179176 0.934458
0.726619 0.0874188 0.681456
0.46744 0.591146 0.657303
0.333416 -0.813212 0.47699
0.466263 0.871124 0.154084
-0.674373 -0.146705 0.72367
0.716394 0.409111 0.565162
0.591372 0.806027 0.024506
-0.918235 0.395684 0.0166999
-0.323594 -0.7347 0.596241
-0.0346896 -0.223945 0.973984
-0.737591 -0.437894 0.514012
-0.254008 -0.958369 0.130421
-0.765397 0.422312 0.485614
0.0622257 0.278114 0.95853
-0.927163 0.177002 0.330211
0.00640384 -0.833541 0.55242
-0.852792 -0.339239 0.397067
-0.788266 -0.258601 0.558356
-0.719564 0.300442 0.626069
0.478024 -0.214559 0.851738
-0.470782 0.586019 0.659504
0.843851 0.528726 0.0914527
-0.838605 0.24378 0.487148
-0.327783 0.893424 0.307168
0.844055 0.0522405 0.533705
0.627393 -0.250393 0.737347
-0.497911 -0.677967 0.540782
-0.30879 0.563758 0.766045
-0.112378 0.35127 0.929506
-0.811519 -0.561683 0.161085
-0.650278 0.574986 0.496517
0.629647 -0.689434 0.358086
0.185857 -0.781934 0.595009
0.379315 -0.92526 0.00369792
0.494055 0.711745 0.499328
-0.146308 -0.510307 0.847455
-0.612727 0.458409 0.64376
0.99952 -0.0130549 0.0281007
-0.000261359 -0.403057 0.915175
0.975317 -0.111696 0.190473
0.270016 0.371139 0.888452
0.3609 -0.520499 0.773843
-0.167945 0.95975 0.225111
-0.89124 -0.397337 0.218666
0.202856 -0.626554 0.752516
-0.139226 -0.750991 0.645468
-0.376264 -0.819277 0.432678
-0.553308 -0.045016 0.831759
0.640342 -0.430928 0.635817
-0.896612 -0.441628 0.0324135
0.104395 -0.957816 0.267752
0.335689 0.7206 0.60667
-0.757052 0.631554 0.167367
-0.544631 -0.752355 0.370593
-5.55112e-17 0.866025 0.5
-0.379493 0.925175 0.00604542
-0.431613 -0.579645 0.691174
-0.32098 0.702781 0.634879
-0.504222 0.698337 0.508021
0.174671 0.687438 0.704925
-0.565445 -0.803275 0.187142
0.922448 -0.386004 0.00953574
-0.770544 0.115832 0.626773
0.930653 0.359972 0.0656134
0.756192 0.607864 0.242229
-0.0492467 -0.919299 0.390466
0.739459 -0.102986 0.665277
0.602615 -0.0694449 0.795005
0.034928 -0.567142 0.822879
-0.798093 -0.0715428 0.598273
-0.00431047 0.946151 0.323696
0.345682 -0.686392 0.63982
0.915341 -0.206425 0.345746
-0.40262 -0.879746 0.252874
-0.690987 -0.66511 0.283135
0.0406569 -0.713497 0.699478
0.477463 -0.805495 0.351008
-0.460514 0.87104 0.170926
0.44853 -0.876377 0.175454
0.982965 0.176221 0.0522023
-0.424401 0.268251 0.864827
-0.362504 -0.294765 0.88414
-0.885535 -0.140977 0.442667
-0.643748 0.685456 0.340203
-0.548912 0.835867 0.00470599
-0.948893 -0.0127014 0.315342
0.321243 0.906465 0.274087
0.937188 -0.299066 0.17955
0.158359 -0.298892 0.941056
-0.167076 0.896049 0.411318
0.548299 -0.83611 0.0170075
-0.331404 -0.471501 0.817226
