0.524036 0.561331 0.640542
0 0.866025 0.5
-0.856463 0.507462 0.0946238
-0.215713 -0.964574 0.151873
-0.804549 0.0117821 0.59377
-0.394924 0.91845 0.0219925
0.895689 0.413374 0.1639
0.788392 -0.00141023 0.615172
-0.995583 -0.0932451 0.0109492
-0.747461 -0.663402 0.0346362
0.386635 -0.922232 0.00157438
-0.490233 -0.631854 0.60036
-0.310805 -0.142157 0.939783
0.979552 -0.19352 0.0550321
-0.534126 0.571443 0.623027
0.303167 -0.24175 0.921763
0.120516 -0.762969 0.635102
0.479173 0.87165 0.103054
0.682773 -0.587412 0.434474
-0.011301 0.402728 0.91525
