-0.748098 -0.658794 0.0796201
-0.382189 0.921249 0.072333
0.773025 -0.597267 0.213784
0.377396 -0.675116 0.633869
0.313229 0.949384 0.0236009
-0.810192 0.137216 0.569878
-0.388423 -0.0413438 0.920553
0.956381 0.139048 0.256907
-0.678476 -0.42289 0.600695
-0.986526 -0.134406 0.0932801
-0.0891152 0.449991 0.888576
-0.525499 0.638131 0.562708
-0.257799 -0.958155 0.124413
0.730185 -0.219719 0.646957
-1.66533e-16 0.866025 0.5
0.442203 0.228017 0.867447
0.318115 -0.939716 0.12545
-0.195613 -0.73322 0.651248
0.144579 -0.257472 0.955408
-0.827589 0.555747 0.0790016
0.541291 0.668727 0.509713
