-0.853886 -0.140265 0.501203
-0.398944 -0.794591 0.457677
0.865052 -0.493409 0.0907351
-0.426242 0.872357 0.239398
0.81645 0.169906 0.551852
0.333057 -0.590114 0.735417
0.825729 -0.0104963 0.56397
-0.20771 0.839421 0.502225
0.300947 -0.165393 0.939189
0.594253 0.772208 0.224851
-0.113843 0.920131 0.374698
-0.67264 -0.60326 0.428524
0.806363 -0.187144 0.561031
0.549362 -0.711647 0.437904
-0.190719 -0.97855 0.0778859
-0.0122604 0.971168 0.238081
0.637815 -0.434687 0.635798
-0.28496 0.731025 0.62
0.481282 0.0864405 0.872293
-0.738541 -0.437021 0.51339
-0.618872 -0.0529779 0.783703
0.437933 0.853548 0.282259
0.881649 -0.397706 0.254019
-0.439834 -0.848792 0.293426
0.956204 0.125454 0.264453
0.0569107 -0.881913 0.467964
0.143958 -0.970596 0.192923
-0.588333 0.411125 0.696305
-0.0989355 0.534763 0.83919
-0.907234 0.386331 0.166359
-0.917856 0.264688 0.295771
0.960867 -0.0534489 0.271804
-0.498465 -0.179236 0.848179
-0.582679 0.659403 0.47505
-0.1557 0.978754 0.133412
0.102334 -0.390391 0.914944
-0.144774 0.0529358 0.988048
0.674873 0.657814 0.334406
-0.0719166 -0.42333 0.903117
-0.793001 -0.495389 0.354597
-0.783024 0.194402 0.590831
0.334589 0.0103795 0.942307
-0.994473 0.0514613 0.0915135
-0.236109 -0.817657 0.525062
0.754874 -0.648348 0.0990492
-0.572807 -0.798084 0.18696
-0.804378 -0.593925 0.0151383
-0.806453 -0.560075 0.189603
-0.114447 -0.898492 0.423809
0.188514 0.661749 0.725638
0.454184 0.697473 0.5543
0.690357 -0.268741 0.671704
-0.649331 -0.382708 0.657194
-0.0249121 -0.989709 0.140908
-0.517211 0.290018 0.805222
-0.846831 0.526504 0.0753036
-0.281186 -0.888299 0.363125
-0.424946 0.164117 0.890217
0.0778249 0.551249 0.830703
0.162158 0.965357 0.204427
0.2739 0.903878 0.328608
-0.840731 -0.308833 0.44474
0.03629 0.996952 0.0690659
0.533719 0.750109 0.390487
0.482439 0.284609 0.828402
0.705981 0.258238 0.659472
-0.887768 -0.363546 0.282314
-0.126661 -0.573928 0.809051
0.68568 -0.600856 0.410872
-0.71002 0.074827 0.700194
-0.832206 0.306548 0.462019
-0.010143 -0.682782 0.730551
0.209306 0.977277 0.0334796
0.0120101 -0.950564 0.310296
0.865049 -0.298248 0.40341
0.983614 -0.144877 0.107303
0.133623 -0.22294 0.965631
0.331941 0.370737 0.867392
-0.269717 0.486208 0.831176
-0.349992 0.599265 0.719991
-0.167799 0.659396 0.73283
-0.954695 -0.247004 0.165973
0.60577 -0.0145288 0.795507
0.172821 -0.0505255 0.983656
0.207571 0.848417 0.486932
-0.315879 0.0256696 0.948452
0.796572 -0.553388 0.243382
-0.514987 -0.677845 0.524704
-0.0151901 0.398658 0.916974
0.79442 -0.461139 0.395282
-0.991401 -0.123342 0.0437101
0.94071 -0.322868 0.104022
0.540001 -0.793564 0.280455
-0.212528 -0.28986 0.933174
-0.592147 0.77945 0.2045
0.101531 0.924856 0.366514
0.799268 0.538672 0.266464
0.680126 -0.687104 0.255571
0.213921 -0.913518 0.346009
-0.922056 -0.196776 0.333305
-0.0402632 -0.259699 0.96485
-0.642151 0.51811 0.564981
0.586425 0.376373 0.717251
-0.000171986 -0.0893738 0.995998
-0.760681 -0.25877 0.595318
0.441597 0.467115 0.766026
0.316685 -0.931873 0.176982
-0.156758 -0.954233 0.254689
-0.754443 -0.0898368 0.650188
0.992547 0.0323361 0.117496
-0.429962 0.739748 0.517597
-0.357897 0.327941 0.874279
0.727713 0.665764 0.164898
0.840132 0.534254 0.0935517
-0.660319 0.245194 0.70983
-0.966192 0.222658 0.129984
-0.258211 0.927219 0.271279
-0.176033 -0.715665 0.675896
-0.460893 -0.585703 0.666731
0.0876679 0.260598 0.961459
-0.499528 0.862801 0.0777629
-0.377419 -0.31371 0.871287
-0.844402 0.42319 0.328475
0.72113 -0.0943086 0.686351
0.476827 -0.868964 0.132428
-0.526841 -0.340397 0.778825
-0.562024 -0.741875 0.36572
0.922537 0.377266 0.0812091
0.887583 0.228602 0.399922
0.582923 -0.190693 0.789834
0.728707 0.0831379 0.679761
-0.326992 0.938857 0.107811
0.606739 0.168513 0.776834
-0.0849317 0.219508 0.971907
-0.66996 0.669621 0.320565
0.220655 -0.498604 0.838275
-0.73623 0.534482 0.415084
-0.788997 0.56617 0.238613
0.218976 -0.97521 0.0318665
-0.719026 0.683638 0.125064
-0.973895 -0.0756448 0.214023
0.331067 0.929546 0.162292
0.392783 -0.781748 0.484346
-0.187181 0.353858 0.916378
0.636949 0.769126 0.0523528
-0.691249 -0.672002 0.265686
-0.2908 -0.599346 0.745801
0.897929 -0.124593 0.422138
0.428773 -0.263457 0.864143
-0.342439 -0.148833 0.927677
-0.456939 -0.885487 0.0843761
0.105012 0.781089 0.615527
-0.497767 0.605039 0.621415
-0.0928526 0.776986 0.622632
0.587182 -0.5863 0.558094
0.66657 0.462906 0.584297
0.161535 -0.641196 0.750183
0.494209 -0.519761 0.696854
-0.352128 0.846696 0.398887
-0.403155 -0.467796 0.786532
0.0297114 0.0858262 0.995867
-0.258937 0.194017 0.946208
0.763966 -0.358036 0.536811
-0.609631 -0.53859 0.581611
0.527537 0.558511 0.640133
0.100129 -0.774028 0.625184
-0.476523 -0.00560462 0.879144
0.270081 -0.723108 0.635744
0.0452654 -0.541005 0.8398
0.351631 0.200477 0.91442
-0.343265 -0.708942 0.616093
-0.173854 -0.122062 0.977177
0.624761 -0.773006 0.110162
0.490963 0.863829 0.112936
-0.696232 -0.711826 0.0925461
0.368855 0.614167 0.697671
0.263903 0.524401 0.809542
-0.923099 -0.0263308 0.383659
0.735688 0.522005 0.431594
-0.72191 0.361293 0.590181
-0.319921 -0.928373 0.189138
0.842463 0.396804 0.364422
-0.83607 0.0303246 0.547785
0.537585 -0.36033 0.762341
0.376394 0.813125 0.444021
0.385766 -0.438399 0.811783
-0.435924 0.454441 0.776823
-0.893981 0.144233 0.424257
-0.649352 -0.219085 0.728247
0.938766 -0.229431 0.25706
0.60472 0.624507 0.494272
0.0120855 0.682625 0.730669
-0.960763 0.0959095 0.260262
0.923593 0.298523 0.24054
0.781234 0.3422 0.522085
0.271206 -0.336572 0.901757
0.20148 0.124461 0.971553
0.906491 0.0529019 0.418897
-0.576761 0.122579 0.807664
0.224052 -0.83381 0.50454
-8.32667e-17 0.866025 0.5
0.466815 -0.0905449 0.879708
0.161194 0.409437 0.897986
0.383471 -0.863748 0.326938
-0.242408 -0.449047 0.859997
-0.51223 0.77825 0.363245
-0.0661306 -0.814161 0.576861
-0.897208 -0.426045 0.116203
0.289584 0.74263 0.603855
0.435168 -0.662774 0.609393
0.973637 0.207567 0.0945927
