0.488544 0.526949 0.695449
0.204689 0.973887 0.09822
0.745385 -0.657844 0.1079
0.132476 -0.536538 0.833413
-0.997473 -0.0111653 0.0701641
-0.585382 0.809882 0.0376598
0.30695 -0.927172 0.21479
0.920619 0.355424 0.16166
-0.183498 -0.415077 0.891089
-0.714672 0.561126 0.41759
-0.716275 -0.644291 0.268026
-0.20836 -0.56475 0.798526
0.42878 0.84743 0.313066
0.364646 -0.930398 0.0373254
-0.23147 -0.695425 0.680298
-0.164373 -0.250027 0.954184
-0.865283 0.282342 0.414208
0.420964 0.762312 0.491599
0.133594 0.554094 0.821664
0.559269 -0.774196 0.296377
-0.622595 -0.655421 0.427551
0.968937 -0.0948212 0.228406
0.094607 0.113163 0.989062
-0.41016 -0.00717748 0.911985
0.639416 -0.0769293 0.765002
0.59754 0.0931203 0.796414
0.0138843 0.671381 0.740982
0.171848 -0.20927 0.962639
-0.0569356 -0.728922 0.682225
-0.505346 0.774391 0.380715
0.844904 -0.188784 0.500498
-0.387301 0.482624 0.785539
-0.826584 -0.506939 0.244483
-0.346914 0.8277 0.441094
0.555551 0.740836 0.377525
0.341 0.277555 0.898155
-0.766701 0.408498 0.495276
0.793385 0.183097 0.58053
0.0345827 0.99801 0.052722
-0.428371 -0.854278 0.29446
0.7506 0.653797 0.0956543
0.659181 0.714116 0.235626
-0.612657 -0.22381 0.757997
-0.755822 -0.388897 0.526775
0.467751 -0.867777 0.167848
0.264947 0.773312 0.576014
-0.00645888 0.257568 0.966239
0.61706 -0.252157 0.745422
-0.112725 0.390055 0.913866
-0.558326 -0.0573778 0.827635
-0.36204 -0.739174 0.567934
-0.512862 -0.64463 0.566944
0.527057 0.637982 0.561417
-0.189785 -0.811647 0.552458
-0.746494 -0.530718 0.401353
-0.868464 0.0928859 0.486973
0.88861 0.136361 0.437925
-0.969297 -0.0110269 0.245647
0.656726 0.610242 0.443076
-0.233658 0.916817 0.323807
0.237915 0.420555 0.875517
0.434651 0.12664 0.891651
-0.27929 0.947643 0.154823
0.13186 -0.960208 0.246197
-0.316457 -0.844439 0.432178
0.958487 0.28512 0.00287887
0.842494 0.51502 0.157983
-0.578602 0.653322 0.488251
-0.770938 0.0673284 0.633341
-0.52143 -0.841122 0.143612
0.814704 -0.358189 0.456024
-0.254689 0.0605954 0.965123
-0.143677 -0.0765195 0.986662
-0.312758 -0.153667 0.93732
0.758573 0.465159 0.456283
-0.919551 0.305949 0.24662
-0.642548 0.510078 0.571798
0.442538 -0.538586 0.716997
-0.53028 -0.505602 0.680565
-0.218087 0.516502 0.828048
0.236398 -0.896383 0.374985
0.254789 0.930507 0.263133
-0.50423 0.131793 0.853453
0.836837 0.305601 0.454216
-0.25912 0.755929 0.601189
0.303011 -0.445906 0.842231
-0.388086 -0.611877 0.689199
-0.883029 -0.463517 0.0735646
0.874423 -0.387981 0.291299
0.199045 -0.976515 0.0824647
0.639214 0.501774 0.582777
-0.425641 0.715386 0.554124
0.194125 -0.0338375 0.980393
-0.911661 -0.0596304 0.406594
-0.49678 0.580394 0.645253
0.375909 0.657658 0.652824
-0.824525 -0.0851404 0.559383
0.835871 0.00791574 0.548869
0.811998 -0.539545 0.222601
-0.0446246 -0.962645 0.267064
0.321657 0.541998 0.776386
0.595475 -0.418235 0.685921
0.0101951 -0.28305 0.959051
-0.181986 0.231784 0.955593
0.730283 -0.296567 0.615415
-0.786087 -0.60916 0.104844
0.169563 0.272879 0.946988
0.728455 0.0532225 0.683023
-0.03361 -0.597026 0.801518
0.949897 -0.261839 0.170695
-0.106136 0.977673 0.181357
0.955457 0.0727714 0.286018
0.0601473 -0.913657 0.402012
0.124875 0.915087 0.383435
0.762248 -0.515453 0.391517
-0.597342 0.252066 0.761344
0.278481 -0.597179 0.752214
-0.0842484 0.7745 0.626939
0.498676 -0.0371601 0.865991
-0.952168 0.296939 0.0721402
0.0934026 0.777157 0.622337
0.383858 0.912362 0.142302
-0.875358 0.455657 0.161633
-0.977267 0.142697 0.156802
0.987949 -0.150079 0.0378417
-0.167508 -0.975972 0.139353
0.106867 -0.677271 0.727931
-0.933558 0.142061 0.329073
0.162362 -0.835652 0.524713
0.971209 0.18548 0.149501
-0.450666 0.323239 0.832116
0.323665 -0.280415 0.903664
-0.553526 0.805278 0.212451
0.348625 -0.10661 0.931179
0.479617 -0.213243 0.851173
0.695891 -0.661925 0.278551
0.463405 -0.382477 0.799354
0.729151 0.348602 0.588911
-0.479874 -0.760945 0.436673
0.9139 -0.0551702 0.402173
-0.351979 0.200383 0.914307
-0.664251 -0.736895 0.125527
0.536202 0.826154 0.173081
0.913904 -0.221689 0.340048
-0.0585378 0.935882 0.347417
-0.773029 0.582564 0.251088
0.404222 -0.848665 0.341134
-0.163236 0.657824 0.73527
0.851002 0.423731 0.310239
-0.500225 -0.36509 0.785165
0.031665 -0.104615 0.994009
-0.334928 -0.322205 0.885442
-0.922797 -0.214478 0.320071
0.6156 -0.777619 0.127845
-0.440586 0.89147 0.105665
-0.00877159 -0.44746 0.894261
0 0.866025 0.5
-0.543882 0.427282 0.722235
-0.286291 0.363194 0.886638
0.289045 0.859153 0.422266
-0.116461 -0.901158 0.417553
-0.844798 -0.241555 0.477459
-0.0421242 0.536797 0.842659
-0.399761 0.873538 0.277711
-0.790564 0.231083 0.567106
0.0658717 0.971961 0.225726
-0.335297 0.629842 0.700625
-0.582643 -0.759546 0.289167
0.633695 0.772819 0.0343769
-0.745988 -0.230548 0.62478
0.250274 -0.72932 0.636754
0.897978 -0.4237 0.118796
-0.702583 -0.0791744 0.707183
0.334419 -0.800516 0.49733
0.593275 0.383868 0.70758
-0.911071 -0.354226 0.210886
0.268611 0.125527 0.955035
0.0237652 -0.994076 0.106058
-0.95216 -0.302117 0.0460087
0.428459 0.403594 0.808415
-0.801703 0.592873 0.0759887
-0.64771 -0.528189 0.54908
-0.688016 0.711217 0.144238
-0.0815581 0.0898957 0.992606
0.526626 0.255454 0.810807
0.637102 -0.630535 0.443313
-0.0138893 -0.836643 0.547572
0.208427 0.671465 0.711121
-0.844282 -0.385106 0.372669
0.417528 -0.676197 0.606982
0.918282 0.251479 0.305806
-0.467646 -0.206907 0.859358
0.673108 0.225107 0.704452
-0.973688 -0.165071 0.157107
-0.649031 0.691778 0.316547
0.699974 -0.458183 0.547819
0.568231 -0.568466 0.594946
-0.682474 0.351296 0.640953
0.0637517 0.410684 0.909546
0.995405 0.0183882 0.093977
-0.240971 -0.925238 0.293032
-0.362456 -0.476231 0.801143
-0.834797 0.437861 0.333755
-0.646012 0.0811459 0.759002
-0.176616 0.858374 0.481664
0.757906 -0.122754 0.640711
0.15417 -0.378868 0.912519
-0.136949 0.990555 0.00679262
0.757239 0.580385 0.299571
0.495972 -0.737512 0.458352
-0.646601 -0.372019 0.665965
-0.348995 -0.924732 0.151899
