0.0746919 -0.543121 0.836326
0.582577 -0.768868 0.263526
-0.985824 -0.0743836 0.150391
-0.466568 0.446118 0.763736
0.993292 -0.108254 0.0406384
-0.886315 0.441533 0.13962
-0.355316 -0.85814 0.370603
-0.162481 0.604859 0.77958
0.905505 0.233672 0.354201
0.0139449 0.998847 0.0459285
-0.258199 0.701009 0.66477
0.342894 -0.797692 0.496095
-0.341656 0.77761 0.52782
-0.0522083 0.496066 0.866714
0.801374 0.525167 0.286354
0.289366 -0.695938 0.65722
0.337028 -0.278784 0.899273
-0.941873 0.177904 0.285001
-0.0539035 0.974748 0.216702
-0.161806 -0.964771 0.207451
0.473007 -0.865906 0.162698
-0.718591 -0.579986 0.383723
0.0417804 0.07818 0.996063
0.291844 0.501964 0.814162
-0.471058 -0.236131 0.84991
-0.316647 -0.31163 0.895891
0.50252 -0.288677 0.814947
-0.2488 0.230279 0.940781
-0.484085 0.675243 0.556515
0.920782 -0.0655019 0.384538
-0.698138 -0.368293 0.613973
0.634942 0.133358 0.760963
0.189176 0.981704 0.0216733
0.854567 -0.200716 0.478987
0.180164 -0.80355 0.567317
-0.00521581 -0.227262 0.97382
0.829746 0.389229 0.400028
-0.387234 -0.559553 0.732769
0.714127 -0.673198 0.191904
0.311064 -0.929213 0.199505
-0.334632 0.937538 0.0950982
-0.460828 -0.886692 0.0376206
-0.0219556 -0.948531 0.315923
0.0873573 -0.891739 0.444038
0.734646 -0.678275 0.0154353
0.265204 0.755874 0.5986
0.234833 0.915967 0.325357
-0.95204 0.276641 0.130728
0.404635 -0.572674 0.712962
0.215994 0.0499147 0.975118
-0.585686 -0.108578 0.803233
0.61311 -0.784948 0.0891776
0.384263 0.0266606 0.922839
0.35289 0.622421 0.698613
-0.288349 0.874949 0.388998
-0.116861 0.920163 0.373689
0.127623 -0.674063 0.727566
-0.458384 0.796114 0.395079
0.121105 0.975111 0.185719
0.665377 0.669016 0.331196
-0.489152 -0.628642 0.604599
0.651349 0.75608 0.0639376
0.0170215 -0.774961 0.63178
0.841275 -0.366933 0.39701
0.169328 -0.25311 0.952504
-0.179885 -0.195928 0.963978
0.891024 -0.392375 0.228292
-0.791851 0.595752 0.134356
-0.399801 0.881646 0.250717
-0.436284 -0.874186 0.213203
-0.184944 -0.908604 0.374478
0.883296 0.091038 0.459891
0.583995 0.648773 0.487897
-0.944245 -0.326189 0.044749
-0.803736 -0.244534 0.542412
0.238135 0.357684 0.902969
0.0625599 0.373719 0.92543
0.118621 0.534792 0.836616
-0.158435 -0.748954 0.643402
0.851656 0.510995 0.116475
0.822631 0.250227 0.510553
-0.679884 0.199502 0.705661
-1.38778e-17 0.866025 0.5
0.546717 -0.000710656 0.837317
-0.873392 -0.473222 0.1151
-0.812415 0.507435 0.287213
0.52046 -0.739229 0.427389
0.45653 0.464314 0.758942
-0.328999 -0.699896 0.63396
0.745965 -0.180357 0.641099
-0.514568 0.266039 0.815134
-0.17415 0.836454 0.519631
-0.869693 -0.30435 0.388595
-0.0480597 -0.659487 0.750178
0.827353 -0.0448246 0.559891
-0.134008 0.102241 0.985692
0.580205 0.782894 0.224585
0.7778 0.115748 0.617762
0.246163 -0.558462 0.792164
0.506012 0.771491 0.385686
-0.309392 -0.94449 0.110521
-0.545847 -0.48115 0.685963
-0.940927 -0.174728 0.290045
-0.674107 0.728373 0.122688
0.200204 -0.415529 0.887273
-0.694978 0.00345792 0.719023
-0.194244 0.394019 0.898342
0.315163 0.190262 0.92977
-0.69775 -0.189279 0.690883
0.108097 -0.0905309 0.99001
-0.436947 -0.404274 0.803517
-0.399847 0.597919 0.694705
-0.830252 -0.46875 0.301586
0.796945 -0.530285 0.289268
-0.584566 -0.668342 0.460002
-0.705637 0.651078 0.279595
0.599429 -0.609165 0.519233
-0.885809 -0.117344 0.44897
0.606023 0.430853 0.668657
-0.611632 0.363578 0.70265
0.00264516 -0.989468 0.14473
0.642255 -0.312092 0.700077
-0.344501 -0.139136 0.928418
0.52425 -0.442063 0.727834
0.417287 -0.846601 0.33036
0.930384 0.36135 0.0617341
-0.776448 -0.59958 0.19399
-0.555475 0.534005 0.637406
0.742043 0.647843 0.172255
-0.71431 0.553686 0.428012
-0.515097 -0.784651 0.344962
0.561151 0.294557 0.773528
-0.405038 0.155488 0.900982
0.972313 -0.0889993 0.216073
-0.293039 0.0287843 0.955667
-0.461878 -0.0123155 0.886858
-0.951624 0.00184274 0.30726
-0.576951 0.0996762 0.810674
-0.221606 -0.621179 0.751683
-0.227845 0.944413 0.237005
-0.648317 -0.528026 0.548519
0.405768 0.323523 0.854801
0.251588 -0.891772 0.376094
-0.772559 -0.43174 0.465568
0.737714 -0.49965 0.454014
0.956969 0.224106 0.184354
-0.891201 0.34816 0.290768
0.611894 -0.154177 0.775768
0.331574 -0.943136 0.0235115
-0.254627 -0.82032 0.512094
0.0857245 0.774904 0.626239
-0.076307 0.268412 0.960277
0.0080792 0.650576 0.759398
0.471544 0.873989 0.117428
-0.986176 0.10222 0.130414
0.95731 -0.250712 0.143878
-0.304189 0.501897 0.809672
0.650095 -0.461289 0.603812
0.698343 0.26794 0.66372
0.480943 0.162614 0.86154
0.448266 -0.681031 0.579011
-0.576911 0.772719 0.264725
0.402463 0.87119 0.28116
0.166819 -0.98298 0.0769584
0.909108 -0.41321 0.0527163
0.443294 -0.136852 0.885868
0.920385 -0.229673 0.316453
0.716565 0.539711 0.441866
0.677669 -0.639749 0.362609
0.706565 -0.0202155 0.707359
-0.160773 0.984137 0.0750026
0.143359 -0.957248 0.251244
0.347212 0.826051 0.443941
-0.692671 0.445414 0.567285
-0.915797 -0.336089 0.219908
0.431446 0.713233 0.552407
-0.805088 0.401148 0.436935
-0.101258 -0.520742 0.847688
-0.0672608 -0.0621697 0.995797
0.0267531 -0.393286 0.919027
0.980004 0.19873 0.00995948
-0.708637 -0.702487 0.0659287
0.0596254 0.935689 0.347751
0.992134 0.0542841 0.112801
0.143554 0.220486 0.964769
-0.148718 -0.365035 0.919039
-0.885115 0.0599431 0.461497
-0.595611 0.685628 0.418522
0.370654 -0.434678 0.820774
0.293866 0.942392 0.159813
-0.766993 0.283884 0.57544
-0.427199 -0.755529 0.496666
-0.155154 -0.987395 0.0312916
0.182102 0.663498 0.725678
-0.272317 -0.473572 0.8376
0.955344 0.077695 0.285099
-0.798044 -0.0757564 0.597818
-0.789463 0.102037 0.605257
0.733975 0.399286 0.54941
0.280316 -0.114296 0.953079
-0.582037 -0.800466 0.143134
-0.655936 -0.703832 0.272707
-0.513453 0.849995 0.117791
-0.0888661 0.753359 0.651577
0.893739 0.382504 0.234354
0.512712 0.578242 0.634636
0.763204 -0.333874 0.553216
-0.587591 -0.318391 0.743885
-0.363115 0.343941 0.86594
0.823333 -0.555712 0.115357
-0.0760319 -0.859203 0.505953
-0.86848 0.235108 0.436425
0.176706 0.857676 0.482874
