0.460939 -0.615139 0.63964
-0.83961 -0.334806 0.427738
-0.247173 0.21048 0.945835
-0.84871 0.186335 0.494945
-0.0367818 -0.961021 0.274017
0.00794662 0.435726 0.900045
0.911149 0.400102 0.098623
-0.15863 0.955903 0.247155
-0.137907 0.519807 0.843079
0.63698 -0.747599 0.188021
-0.932141 0.121444 0.341123
-0.276516 0.591125 0.757701
0.159934 0.346818 0.924196
0.737225 0.663281 0.128675
0.624659 -0.684786 0.375326
0.674244 -0.305175 0.672505
-0.799814 -0.0999102 0.591875
-0.157147 0.893101 0.421515
0.104367 -0.993706 0.0406851
-0.418192 -0.785455 0.456262
0.369608 -0.0484252 0.927925
0.456699 0.444419 0.770661
-0.0933795 -0.45698 0.884562
0.0786266 -0.497519 0.863883
0.798874 -0.262516 0.54119
0.0548868 0.0332827 0.997938
-0.378212 0.453887 0.80681
0.991848 0.112668 0.0595252
-0.35916 -0.608161 0.707915
0.822622 0.182448 0.538522
-0.00283167 0.98594 0.167074
0.989173 -0.0461228 0.139315
0.513292 -0.802934 0.303031
0.376006 -0.350177 0.857902
-0.952732 0.301481 0.0375583
0.82827 0.52455 0.197016
0.0036376 -0.730968 0.682402
-0.45033 0.804459 0.38736
0.267484 -0.958184 0.101669
0.401756 -0.893914 0.19877
0.309732 0.710482 0.631887
0.156907 0.893332 0.421116
-0.881251 0.0130611 0.472468
0.726801 -0.545532 0.417319
-0.904874 0.37509 0.201272
-0.878308 -0.397314 0.265925
0.527708 -0.0297578 0.848905
-0.984795 0.0315286 0.170836
-0.23884 -0.356575 0.903222
0.668523 -0.00354005 0.743683
0.450065 0.590606 0.669796
-0.294005 0.716339 0.632787
-0.150238 0.804098 0.575199
0.496371 -0.713144 0.495017
-0.433334 0.597912 0.674332
-0.00717366 0.940788 0.338919
0.600854 0.761763 0.242265
-0.121552 -0.805207 0.580402
0.478825 0.877751 0.0167445
0.380416 -0.824404 0.419097
-0.979537 -0.143603 0.141013
0.979677 -0.197917 0.0325765
0.533827 -0.329059 0.778941
0.206222 -0.361877 0.90913
-0.792675 0.358357 0.493199
-0.445684 0.713841 0.540183
-0.162824 -0.97526 0.149523
0.130571 -0.967941 0.214575
0.954204 0.243537 0.173737
0.584292 0.701212 0.40854
-0.447605 0.866532 0.220844
-0.79085 -0.552028 0.264238
-0.504252 -0.505828 0.699906
0.465257 0.280771 0.839466
0.308727 0.249827 0.917755
-0.945432 -0.0546653 0.3212
0.299178 0.430173 0.85173
0.218362 -0.844293 0.489375
0.886191 0.374546 0.272727
-0.417071 -0.071036 0.906094
0.011154 0.76401 0.645108
0.793226 0.0217564 0.608538
-0.673735 -0.685107 0.276964
-0.741921 0.247995 0.622938
0.765303 -0.638455 0.0817727
0.595902 0.456332 0.660804
0.049162 -0.838023 0.543415
0.941863 -0.0751484 0.327486
-0.239644 0.0189062 0.970677
-0.136493 0.690027 0.710797
-0.607046 -0.558851 0.564961
-0.88687 0.292518 0.357624
0.340069 -0.745536 0.573175
0.963017 0.0859134 0.255377
0.199976 -0.0673107 0.977486
0.464212 0.864359 0.193366
0.907458 0.220023 0.357924
0.606032 -0.581627 0.542619
0.454124 0.813475 0.363358
-0.0687007 -0.997637 0.000432163
-0.173061 -0.688569 0.704218
-0.731037 -0.438788 0.522541
-0.713423 0.516255 0.473823
0.570015 -0.46856 0.674932
-0.38952 -0.264706 0.882159
0.0595582 0.209589 0.975974
0.576748 0.135495 0.805607
-0.36568 -0.446588 0.816601
-0.151005 0.986127 0.068928
0.46009 -0.193169 0.866604
-0.0466036 -0.603707 0.795843
-0.23832 0.3819 0.892948
-0.570179 -0.695217 0.437687
-0.251983 -0.847431 0.467296
-0.673406 0.413222 0.613002
0.845353 -0.506478 0.169877
-0.635972 -0.391458 0.665057
0.708185 0.473226 0.523958
-0.386188 0.103677 0.916575
-0.991436 0.128699 0.0221692
0.891767 -0.235086 0.386633
0.0319679 -0.34321 0.938715
0.817365 -0.392666 0.421577
0.656956 -0.753928 0.00105724
-0.533561 -0.793055 0.293899
-0.713213 0.619033 0.328824
-0.38922 0.289859 0.874351
0.620075 0.781702 0.0667052
-0.611564 0.29768 0.733059
-0.206282 -0.926469 0.314808
0.728942 0.317263 0.606619
-0.0884557 -0.0716996 0.993496
0.057211 -0.173013 0.983257
-0.114104 -0.244873 0.962817
-0.768013 -0.274278 0.578729
-0.267301 -0.15555 0.950975
-0.811531 0.551044 0.194338
0.173948 -0.75179 0.636046
-0.304225 0.818346 0.487603
-0.306145 -0.740381 0.598424
0.608963 0.295812 0.735975
-0.304427 0.941189 0.146583
0.529066 -0.844302 0.0851077
-0.46717 -0.667484 0.579842
0.929217 -0.358496 0.0896404
-0.783194 0.0752183 0.61721
0.860529 -0.101185 0.49925
0.0977698 -0.918884 0.382222
0.150851 0.680754 0.716811
-0.579301 0.806579 0.117647
0.212992 0.109819 0.970863
0.149074 0.524392 0.838325
0.310072 0.939368 0.146434
-0.880002 -0.162717 0.446227
-0.0924912 0.297905 0.950104
-0.960215 0.206737 0.187744
0.893533 -0.363414 0.263682
0.821859 0.340313 0.456875
0.710562 0.159025 0.685429
0.740704 -0.620773 0.256902
-0.583115 0.563721 0.584975
0.303981 0.89765 0.319092
0.7406 -0.14094 0.656999
-0.770081 -0.629167 0.105473
0.710576 0.635431 0.302175
0.898628 0.059927 0.4346
-0.788901 0.613807 0.0296058
-0.306307 0.894775 0.32489
0.31821 0.818836 0.477755
-0.523007 0.180403 0.833018
-0.70203 -0.578034 0.41597
0.454436 0.716776 0.528886
-0.663257 0.127689 0.737418
0.299021 -0.638597 0.70907
0.151885 0.985187 0.0796083
0.295658 -0.209991 0.931928
-0.870108 -0.480625 0.109145
-0.820099 0.456724 0.344732
0.4175 -0.49427 0.76249
-0.883964 0.464942 0.0493597
-0.496419 -0.85789 0.132639
-5.55112e-17 0.866025 0.5
0.425554 0.117463 0.897277
-0.704434 0.690052 0.166136
-0.443215 0.89526 0.0455057
0.250979 -0.510451 0.822465
-0.664244 -0.222821 0.713534
-0.530551 0.45487 0.715268
0.707128 -0.435955 0.556699
0.148704 0.955489 0.254811
-0.558158 0.00594485 0.829713
-0.0783046 -0.897206 0.434614
0.294835 0.584257 0.756119
-0.645176 -0.755156 0.116136
0.129497 -0.634175 0.762268
-0.511446 -0.349882 0.78486
-0.534335 -0.178129 0.826291
0.790262 0.490512 0.367266
0.609961 -0.168528 0.774303
-0.334906 -0.931058 0.144807
-0.941043 -0.315945 0.120902
-0.37594 -0.873948 0.308033
-0.59033 0.673274 0.44521
0.00327548 0.613599 0.789611
0.830799 0.556132 0.0221327
0.582984 0.596228 0.551944
-0.929653 -0.228713 0.288851
0.955986 -0.206429 0.208515
-0.221837 -0.55044 0.804863
-0.0974597 0.124216 0.987457
0.267028 -0.911314 0.313372
-0.690529 -0.0472372 0.721761
0.169133 0.801893 0.573029
-0.588927 0.755302 0.287547
