-0.370835 -0.475117 0.797963
-0.442124 -0.88899 0.119261
-0.43868 0.808043 0.393225
0.310318 0.424943 0.850368
0.0698906 0.933671 0.351247
-0.880454 -0.119777 0.458753
0.576597 0.217409 0.787571
0.609834 -0.784386 0.113316
0.921901 0.386407 0.0280956
0.613569 0.367076 0.699134
-0.536259 -0.740674 0.404758
-0.0383599 0.977848 0.205772
0.63501 0.502833 0.586448
0.530669 0.0558679 0.845736
0.827043 -0.557772 0.0699295
-0.446153 -0.687619 0.572824
-0.0192941 -0.612993 0.789853
-0.175911 0.842423 0.509292
0.892661 0.398444 0.21071
-0.920152 -0.298205 0.25376
-0.585244 -0.809295 0.050317
-0.768177 0.312544 0.558767
0.201174 -0.227254 0.95283
0.665459 -0.234339 0.708696
-0.304008 0.130326 0.943713
-0.306881 -0.0474437 0.950565
0.0272049 -0.744619 0.666935
0.219278 0.104413 0.970059
0.488846 0.580506 0.651185
0.346383 -0.927173 0.142719
-0.540798 0.329745 0.773826
0.458165 -0.676903 0.576096
0.207733 -0.945043 0.252468
-0.597531 -0.615016 0.514502
-0.0984882 -0.305784 0.946993
0.727144 -0.663902 0.174631
-0.579396 -0.050111 0.813504
-0.311236 -0.950202 0.0157744
-0.702533 -0.700176 0.127288
0.734397 0.658681 0.163708
-0.985936 0.0361854 0.163161
-0.837951 -0.439477 0.323569
-0.728539 -0.541515 0.419514
0.862057 -0.0586962 0.503401
0.965036 0.0947069 0.24441
-0.107406 0.926278 0.36121
-0.995506 -0.0907783 0.0269629
-0.281999 -0.751555 0.596357
0.186231 0.982284 0.0209013
-0.53576 0.808241 0.244352
0.241562 -0.388263 0.889325
-0.166372 0.984652 0.0527309
-0.238074 0.294373 0.925562
0.280614 -0.534968 0.79691
0.786211 -0.213229 0.580005
0.728977 0.526518 0.43746
0.835966 0.396749 0.379147
-0.481838 -0.551282 0.681116
0.590841 0.643294 0.486909
0.958335 0.250694 0.13692
0.909854 -0.388575 0.145515
-0.697122 0.0403624 0.715815
-0.844654 0.534762 0.0242706
-0.969474 0.2095 0.127395
-0.628312 -0.47338 0.617361
-0.338041 0.939215 0.0600355
0.0415392 -0.983049 0.178575
-0.0558073 -0.466013 0.883016
-0.139762 -0.136244 0.980767
0.0186973 -0.99982 0.00311796
0.247149 0.914429 0.320526
0.675483 0.658713 0.33139
-0.944876 -0.0195925 0.326841
-0.859002 -0.292017 0.420525
0.483013 -0.846733 0.223031
0.877204 -0.359847 0.317843
-0.664051 0.691734 0.283796
-0.477604 0.489803 0.729375
0.522818 -0.265726 0.80997
0.47091 -0.108858 0.875439
-0.213497 0.951644 0.220891
0.629795 -0.0726745 0.773354
-0.672311 -0.310116 0.67218
0.610126 -0.739193 0.285204
-0.00521154 0.525625 0.8507
0.846949 0.243014 0.472886
0.309838 -0.670797 0.673819
-0.762287 0.553151 0.33607
0.175895 0.862342 0.474792
-0.420873 -0.858477 0.293059
0.689635 -0.383113 0.614515
-0.695755 -0.137039 0.705085
0.202025 -0.876818 0.436321
0.133006 0.382197 0.914459
0.753676 0.380579 0.535847
-0.575639 0.557986 0.597738
0.138712 0.971577 0.191826
-0.535103 -0.394951 0.746779
0.348445 -0.875195 0.33559
0.152764 -0.0595834 0.986465
0.968081 -0.242809 0.0621487
0.482014 -0.778527 0.401944
-0.32238 -0.623227 0.712502
0.946825 -0.217802 0.236822
-0.970767 -0.137713 0.19659
-0.575623 0.132749 0.806868
-0.496648 0.696071 0.518485
0.413137 0.86718 0.278059
-0.199248 -0.545272 0.814235
-0.188469 0.455722 0.869941
0.385284 0.132669 0.913211
0.403454 -0.4084 0.818801
-0.368585 0.385535 0.845877
0.0726777 -0.353648 0.932551
-0.449254 0.0416569 0.892433
0.467192 0.443486 0.764887
-0.719997 0.4752 0.505756
-0.137189 -0.986676 0.0874675
-0.78735 0.140782 0.600217
0.348084 0.828403 0.438846
-0.26069 -0.895575 0.360537
-0.404514 0.63534 0.657808
0.707659 -0.508907 0.490135
0.17098 0.533105 0.828592
-0.885107 -0.439794 0.152209
0.0477551 -0.852179 0.521066
-0.156784 0.0405669 0.986799
-0.114087 -0.807205 0.579141
-0.570471 -0.789519 0.226325
-0.830422 0.398048 0.389816
0.486178 0.866122 0.116034
0.34112 0.567773 0.74918
0.272726 0.763071 0.585955
-0.879212 0.0573801 0.472963
0.577608 -0.548426 0.604647
0.0850353 0.22088 0.971587
0.0197534 0.0577193 0.998137
-0.0920166 0.205603 0.9743
-0.337823 0.773991 0.53555
-0.0438129 0.370258 0.927895
-0.568282 -0.226081 0.791166
0.798849 0.535361 0.27428
-0.674358 0.234875 0.700053
0.552138 -0.417252 0.721834
-0.671676 -0.671644 0.312643
-0.64486 0.40272 0.649593
-0.113793 -0.958504 0.261384
-2.77556e-17 0.866025 0.5
0.188481 -0.777554 0.599903
-0.790219 -0.224939 0.570049
0.811934 0.101696 0.574823
0.324164 -0.0369128 0.94528
0.683124 0.0897547 0.724766
-0.279989 0.885126 0.371696
0.430332 0.29389 0.853489
0.00997018 0.999299 0.0360891
-0.0962231 -0.898721 0.427834
0.594813 -0.656179 0.464356
0.435703 -0.551143 0.711621
-0.378929 -0.804624 0.457158
0.508013 0.767657 0.390672
0.985123 -0.0620503 0.160255
-0.822298 -0.567241 0.0454363
0.150473 -0.645889 0.748455
-0.760929 0.631885 0.147338
0.188711 -0.978848 0.0790219
0.824643 -0.511503 0.241515
-0.275634 -0.942354 0.189726
0.340152 -0.791181 0.508261
0.843036 0.528451 0.10015
-0.788213 -0.574849 0.219702
0.940737 -0.067988 0.332251
0.19833 0.668513 0.716768
-0.641944 0.623422 0.446378
0.883319 -0.212905 0.417635
0.0988681 0.778924 0.619275
-0.418368 -0.312844 0.8527
0.0302009 -0.188204 0.981666
-0.641089 0.759583 0.109717
0.309004 0.938669 0.153024
-0.243599 -0.389816 0.88809
-0.912193 0.324506 0.250198
0.916628 0.252774 0.309675
0.367477 -0.252029 0.895233
-0.286879 -0.223028 0.931643
-0.241087 0.704523 0.667476
0.438719 0.714214 0.545366
-0.157211 -0.689053 0.707454
0.993523 0.0902527 0.0690337
0.0226577 0.666297 0.745342
-0.800783 -0.0423078 0.597459
-0.95823 -0.274037 0.0818471
0.759555 -0.0513702 0.648411
-0.850947 0.486908 0.197004
-0.443802 -0.139958 0.885128
0.479291 -0.876919 0.0359574
-0.315091 0.54151 0.779413
-0.148677 0.60506 0.782175
0.715638 -0.608405 0.343082
0.114566 -0.507482 0.854012
-0.942962 0.155165 0.294526
-0.497695 0.863671 0.0798322
-0.869137 0.231186 0.437211
0.586749 0.775958 0.23155
0.726459 0.241663 0.643317
-0.923727 0.37459 0.0800609
0.801519 -0.358419 0.478647
-0.382151 0.895872 0.22666
0.0587593 -0.935314 0.348906
-0.43698 0.223392 0.871289
0.269457 0.26878 0.924743
-0.756107 -0.397476 0.519918
-0.0776039 0.767127 0.636784
0.906921 0.0871025 0.412198
0.637982 0.767586 0.0615702
