0.422547 0.319844 0.848029
0.489304 0.837276 0.244029
0.412497 -0.879994 0.235492
-0.299629 -0.546707 0.781879
-0.102821 -0.975219 0.195897
0.901402 0.00447537 0.432961
-0.557505 -0.32052 0.765804
-0.566039 0.77983 0.267329
-0.93813 -0.346249 0.00484384
-0.60498 -0.451718 0.655706
0.586379 0.639751 0.496868
-0.00224302 -0.999176 0.0405171
-0.637154 -0.565844 0.523312
-0.501609 -0.172976 0.847625
-0.795552 0.572988 0.196931
0.499959 0.563394 0.657745
0.0781403 0.471939 0.878162
0.15276 -0.921994 0.355797
-0.902884 -0.389674 0.181535
0.942321 0.212621 0.258502
0.625731 0.764138 0.156697
0.771745 -0.433295 0.465474
-0.154923 0.0741947 0.985136
-0.626886 0.141411 0.766171
0.331418 -0.298008 0.895183
0.343267 -0.124129 0.930999
0.0337153 0.624001 0.780696
-0.188656 -0.254657 0.948451
-0.49272 -0.659318 0.567915
-0.294997 0.904446 0.308147
0.551781 -0.476309 0.684593
-0.403074 0.590653 0.699042
-0.15173 0.897945 0.413125
0.645364 0.495129 0.581681
0.147822 0.139821 0.979081
-0.686813 0.655923 0.313135
0.610409 -0.1103 0.784369
0.357897 0.92032 0.157865
0.740244 0.638877 0.209463
-0.75941 -0.644968 0.0855136
0.988257 -0.104567 0.111416
0.869756 0.343697 0.354114
0.769056 0.432933 0.470236
-0.839221 0.0107985 0.543683
-0.958977 -0.0929576 0.267808
0.0748698 -0.977111 0.19912
0.34011 0.629439 0.698664
0.503963 -0.859584 0.0844766
-0.189641 0.245081 0.950774
0.256889 -0.453817 0.853263
0.505086 0.860346 0.06851
-0.224782 0.406618 0.885514
-0.753137 0.147106 0.641205
-0.737536 -0.56045 0.376744
-0.840075 -0.418379 0.345301
0.532827 0.409578 0.740501
-0.603592 -0.68957 0.400213
-0.963866 -0.22907 0.135974
-0.883765 0.397255 0.247281
0.719913 -0.188206 0.66806
0.962011 -0.268679 0.0484358
0.672878 0.337203 0.65843
0.0133271 0.94061 0.339228
0.11076 0.310114 0.944225
0.181922 -0.0345698 0.982705
0.030558 0.985301 0.168073
-0.279922 -0.943642 0.176591
-0.694499 -0.675344 0.248154
0.955977 -0.0750536 0.28368
0.887057 0.181425 0.424517
-0.432396 0.817655 0.380099
-0.846309 0.33895 0.410944
0.639172 -0.756794 0.136827
0.479225 -0.623936 0.61729
-0.47928 0.149465 0.864841
-0.432789 -0.0181555 0.901312
0.174404 -0.9833 0.052005
-0.596873 -0.0301115 0.801771
0.710772 0.165384 0.683704
-0.788927 0.614013 0.0241272
-0.562288 0.706773 0.429307
0.010377 -0.659338 0.751775
-0.840073 -0.282021 0.463403
-0.251764 0.562117 0.787807
0.745935 -0.633109 0.20677
-0.200623 -0.920966 0.334025
0.472926 0.779255 0.411221
-0.64714 0.304649 0.698855
0.726871 -0.0115904 0.686676
-0.142686 0.799956 0.582847
-0.118215 -0.522757 0.844245
-0.751437 -0.431962 0.49875
0.568932 -0.673409 0.472055
-0.179183 -0.983171 0.0356043
0.580705 0.242397 0.777191
-0.292581 0.821295 0.489765
-0.113614 -0.0986334 0.988617
-0.95208 0.26996 0.143757
-0.428231 0.720705 0.545163
0.378344 0.48201 0.790267
-0.925728 0.215415 0.310845
0.982875 0.0618503 0.173581
0.59742 -0.289192 0.747969
0.480419 -0.792939 0.374761
-0.444826 -0.882998 0.149812
0.25532 0.393537 0.883142
0.197425 -0.601438 0.774142
-0.35781 -0.266013 0.895103
-0.35281 0.283499 0.891714
0.379776 -0.535934 0.75402
-0.0211986 0.196635 0.980248
0.478879 -0.208297 0.852812
-0.460234 -0.544125 0.701507
0.713735 -0.582696 0.388648
0.18858 0.951731 0.24217
0.800828 -0.27177 0.53368
-0.372133 -0.874255 0.31176
0.317323 0.811393 0.490865
0.396516 -0.752335 0.526087
-0.663484 0.450001 0.597736
-0.166657 -0.655562 0.736522
0.910596 0.370465 0.183223
0.0131723 0.755065 0.655517
0.190448 -0.210488 0.958866
0.174618 0.694247 0.698233
0.616426 0.716054 0.327546
0.823519 -0.492117 0.282201
-0.341075 -0.669313 0.660067
-0.880816 0.466049 0.0834308
-0.288347 -0.837516 0.464136
0.891979 -0.172367 0.417928
-0.527563 0.464403 0.711342
-0.0603292 -0.375349 0.924918
-0.280232 0.950103 0.137017
0.0138115 -0.221781 0.974999
0.11724 -0.368259 0.922301
0.318686 -0.865802 0.385779
0.0593493 -0.520726 0.851658
0.607145 0.0672471 0.79174
-0.813656 -0.539101 0.217564
0.687064 -0.376258 0.62159
-0.504314 0.314629 0.804161
0.714797 0.581295 0.388795
0.647539 -0.531988 0.545603
0.17018 0.896087 0.409959
-0.564129 0.820287 0.0942754
-0.02432 -0.936242 0.350514
-0.128084 0.674422 0.727152
0.757722 0.65174 0.0330624
0.820556 0.0934267 0.56388
-0.794468 -0.161207 0.585519
-0.287308 -0.106859 0.951859
-0.65985 -0.179806 0.729567
-0.990724 0.129051 0.0425673
0.249532 -0.94563 0.208609
-0.119415 0.99017 0.0728246
-0.412868 -0.41302 0.81176
0.15577 0.810293 0.564943
-0.544555 0.594588 0.591545
-0.381893 0.443295 0.810955
0.434394 0.700727 0.565936
-0.530534 -0.799625 0.281307
-0.974394 0.076307 0.211504
0.850274 0.516421 0.101699
-0.0912014 0.518424 0.850246
0.733837 -0.679279 0.00791601
0.929077 0.369829 0.00645738
-0.137403 0.959246 0.246917
-0.789178 0.498807 0.358315
0.328314 0.885211 0.329563
-0.28214 0.709499 0.645762
-0.863765 -0.501502 0.0490507
0.822975 0.496424 0.276178
-0.923533 0.0517119 0.380016
-0.204681 -0.769236 0.605295
0.626385 -0.715554 0.309233
-0.855994 0.177869 0.485424
-0.11438 -0.866043 0.48671
0.464015 0.148866 0.873229
0.0148622 0.0236819 0.999609
-0.348954 -0.937083 0.0102715
0.294643 0.226236 0.928441
0.903663 -0.399946 0.153089
-0.916046 -0.261577 0.304035
-0.413787 0.909978 0.0268304
-0.321797 0.115223 0.939771
0.331237 0.0528479 0.942067
0.23035 -0.815167 0.531453
-0.453109 -0.775601 0.439473
0.216533 0.554706 0.803377
-0.993582 -0.0582375 0.0969712
-0.0281875 -0.77925 0.626079
0.823128 -0.0915018 0.560435
0.972878 0.215743 0.0834462
-0.731989 -0.0248478 0.680864
0.832616 -0.548514 0.0767003
0.482091 -0.0279255 0.875676
-0.434014 0.878302 0.200542
0.316299 -0.676295 0.665267
0.147176 -0.732303 0.664884
-0.671918 0.572785 0.469514
-0.0583144 0.363013 0.929958
0.944306 -0.241778 0.223224
0.872084 -0.337237 0.3546
-0.615327 -0.778038 0.126607
-0.713532 -0.314103 0.626268
-0.69232 0.707265 0.143071
-0.764978 0.307629 0.565839
0.345692 -0.936465 0.0594195
-3.19189e-16 0.866025 0.5
0.456932 -0.383311 0.802674
-0.248465 -0.406939 0.879014
0.214521 0.974363 0.0678057
0.793155 0.273183 0.544312
0.0629793 -0.864813 0.498128
-0.894485 -0.115794 0.431842
