0.459199 0.815868 0.351421
-0.220754 0.406172 0.886731
-0.162283 -0.936098 0.312065
0.513032 0.453859 0.728568
-0.202374 -0.969438 0.13869
-0.382906 0.105073 0.917792
-0.769247 -0.637251 0.0465781
0.159622 -0.544087 0.823705
-0.217069 0.0735174 0.973384
0.650318 0.462757 0.602448
-0.0454226 0.0347648 0.998363
-0.538615 0.12166 0.833723
-0.59492 -0.751451 0.285292
-0.954973 0.28282 0.0896593
0.380056 0.700115 0.60448
0.063163 -0.411058 0.909418
0.558993 -0.607788 0.564022
0.976216 0.130559 0.173083
0.143466 -0.966344 0.213535
0.960073 -0.010842 0.279541
-0.780232 0.338609 0.525911
-0.702912 -0.151997 0.694846
-0.423798 0.822794 0.378688
-0.567315 0.772024 0.286588
0.106234 -0.993518 0.0404539
-0.532302 0.441535 0.722289
-0.00314207 0.206246 0.978495
0.813591 -0.247099 0.526319
-0.131988 0.962469 0.237136
-0.942449 -0.21789 0.253602
0.069894 -0.671272 0.737908
-0.797087 0.532479 0.284812
0.844424 0.184552 0.50288
-0.727626 -0.649664 0.220219
-0.449248 0.892813 0.0325666
0.477234 -0.738731 0.475946
0.317958 -0.237881 0.917777
-0.468326 -0.362503 0.805768
0.688881 -0.569017 0.449069
-0.205966 -0.542234 0.814592
0.525703 0.588972 0.613798
0.734111 0.188655 0.652296
0.562405 0.800388 0.207557
-0.874179 0.219687 0.43307
0.7655 0.469903 0.439546
-0.292976 0.815707 0.498786
-0.939284 0.0893232 0.331311
-0.625495 -0.310611 0.715735
0.0499386 -0.115085 0.9921
-0.0317654 -0.270388 0.962227
0.131065 0.0539625 0.989904
-0.0176556 -0.550558 0.83461
-0.518823 -0.714254 0.469749
-0.285772 -0.862887 0.416845
0.749079 0.587088 0.306934
0.924854 0.169703 0.340361
-0.890453 0.411826 0.193631
-0.678408 0.637295 0.365538
0.491922 0.298028 0.818042
0.225148 -0.0954559 0.969637
0.930175 0.296728 0.216166
0.608928 -0.768119 0.197991
0.952811 -0.184248 0.241256
0.991279 -0.0666154 0.113699
0.964136 -0.253677 0.0780398
0.908002 -0.417305 0.0372589
-0.595492 -0.5794 0.556493
0.406843 -0.368255 0.835983
0.464755 0.881524 0.0831797
0.011913 0.94066 0.33914
-0.768878 0.0034403 0.639387
-0.67778 0.130744 0.723547
0.644794 0.593276 0.481939
-0.609797 -0.0356925 0.791753
-0.496426 -0.850225 0.175154
-0.837253 -0.521837 0.163381
-0.09821 0.672849 0.733232
-0.210616 -0.272615 0.938788
-0.976008 -0.0483125 0.212305
0.367911 0.425026 0.827039
-0.766527 -0.273018 0.58129
0.908547 -0.363157 0.206539
-0.268473 0.561827 0.782478
-0.127475 -0.122261 0.984278
0.157038 -0.775214 0.611867
0.158332 0.957808 0.239866
0.629331 0.321091 0.707702
-0.661953 0.448042 0.600896
-0.362042 -0.759854 0.539951
-0.920787 -0.37063 0.121593
-0.444623 -0.63327 0.633466
0.869695 -0.321166 0.374811
-0.301983 0.944673 0.128062
0.303729 0.896753 0.321843
0.725259 -0.681901 0.0949298
0.457417 0.134681 0.878994
-0.891552 0.452448 0.0206086
-0.139457 0.797826 0.586537
0.273833 -0.957263 0.093078
-0.498776 0.293894 0.815383
-0.869903 0.0515524 0.490521
-0.155285 0.894896 0.418388
0.245227 -0.657878 0.712082
0.328708 -0.750903 0.572796
-0.849665 0.381584 0.363954
0.997208 0.0744536 0.00575177
-0.442586 0.872041 0.208953
-0.176363 0.245349 0.953258
0.168556 0.984327 0.051861
0.33909 0.265176 0.902607
0.159356 0.890897 0.425332
-0.793037 -0.399885 0.459547
-0.103347 0.531437 0.84077
0.858973 0.325334 0.395377
-0.540655 0.71011 0.451039
-0.368149 -0.926439 0.0785902
0.342669 -0.840403 0.419882
0.0131594 -0.940266 0.340185
-0.53172 -0.84692 0.000994902
-0.327249 -0.91103 0.250863
0.544063 -0.0152314 0.838906
-0.0517629 0.369503 0.927787
-0.446035 -0.823695 0.350114
0.209541 0.386768 0.898055
-0.875108 -0.248609 0.415186
-0.4231 0.579392 0.696629
0.815178 0.562857 0.136666
-0.558373 0.591222 0.581958
-0.412297 0.707531 0.573944
0.332792 0.813847 0.476342
-0.261535 0.697173 0.667494
0.454832 -0.878019 0.149032
0.684147 0.0117291 0.72925
0.145503 -0.260154 0.954541
-0.143722 0.987819 0.0596515
-0.839007 -0.118725 0.53101
0.483279 -0.817353 0.313648
0.331849 -0.521471 0.786095
0.0145734 0.989982 0.140436
-0.0669144 -0.997759 0.00014169
0.379918 0.571618 0.727266
-0.998689 -0.0359139 0.0364645
0.896892 0.0262355 0.441471
-0.378287 -0.231893 0.896172
0.561403 -0.318182 0.763928
-0.642996 0.303826 0.703026
-0.460179 -0.0518532 0.886311
-0.195403 -0.776091 0.599584
0.510861 0.710081 0.484568
0.901137 -0.148153 0.407434
0.837954 -0.520573 0.163818
-0.342259 0.276942 0.897865
0.762687 0.333891 0.553919
-0.877738 -0.378453 0.293853
-0.922063 -0.0811799 0.378431
0.298245 0.0986463 0.949378
-0.281331 -0.656877 0.699546
0.75933 -0.414527 0.501583
-0.979357 0.121894 0.161248
0.804661 -0.483728 0.344279
-0.661526 -0.633872 0.400736
-0.975167 -0.206804 0.0792608
0.965697 0.255382 0.0470009
0.755188 -0.126587 0.643169
0.238821 -0.397644 0.885914
0.852927 0.448407 0.267296
0.746883 0.664943 0.00397637
-0.383439 -0.524609 0.760105
0.0666892 0.488694 0.869903
0.310086 0.938912 0.149302
-0.540879 -0.47815 0.69197
0.225951 0.540519 0.810423
-0.701686 0.712191 0.0204899
-0.0199479 -0.77807 0.62786
-0.743278 0.495009 0.450004
0.619759 0.783764 0.0401582
0.603303 0.161299 0.78103
0.0587516 -0.866672 0.495406
-0.807657 0.578625 0.113502
0.804438 0.0366185 0.592906
0.698 -0.294596 0.652694
-0.114286 -0.417264 0.90157
-0.787997 0.173322 0.590779
0.734501 -0.625481 0.263214
0.627232 -0.153092 0.763638
0.493576 -0.478135 0.726477
-0.696754 0.689804 0.196736
0.57378 -0.818416 0.0311891
0.185368 0.797424 0.574242
0.17264 0.224008 0.959175
-0.107799 -0.668017 0.736297
0.0720002 0.635212 0.768975
-0.535729 -0.198727 0.820672
-0.581752 0.805528 0.112643
0.184137 -0.907972 0.376406
-0.117418 -0.873282 0.472854
1.56125e-16 0.866025 0.5
0.0253281 0.764466 0.644166
-0.783831 -0.524215 0.332876
0.610432 -0.703672 0.363619
-0.028675 -0.984469 0.1732
-0.929125 0.254998 0.267775
0.635568 -0.458048 0.621487
0.699801 0.693063 0.173034
0.389715 -0.050788 0.919534
-0.297665 -0.0833028 0.951029
-0.639087 -0.760731 0.113387
-0.680746 -0.428126 0.594385
0.620753 0.70401 0.345015
0.412822 -0.623563 0.663888
-0.288642 0.908693 0.3016
-0.382694 0.430259 0.817571
0.230502 0.678049 0.697939
-0.304955 -0.402785 0.862999
0.904565 0.417157 0.0879894
0.478411 -0.191535 0.856993
0.31915 -0.911688 0.258781
