0.738225 0.487604 0.466119
0.512554 -0.822354 0.247027
0.0998726 -0.312633 0.944609
-0.924894 0.3524 0.142777
0.0372444 -0.886109 0.461978
-0.88419 0.467047 0.00869917
-0.148457 -0.0790561 0.985754
-0.424353 0.861308 0.279414
-0.823764 -0.264069 0.501678
-0.233709 -0.229538 0.944824
0.716316 0.697701 0.0101861
0.0600623 -0.955117 0.290076
-0.315816 -0.370173 0.873631
-0.068832 0.0796017 0.994447
-0.652007 0.661003 0.371433
0.713056 0.670109 0.206167
0.435932 0.667418 0.603752
0.334491 -0.813996 0.474896
-0.712419 -0.264912 0.649831
-0.877025 -0.474858 0.0730504
0.916207 -0.360419 0.175109
0.291663 0.326823 0.898954
-0.230958 0.372428 0.898864
0.704626 -0.0909133 0.70373
0.723328 0.0850574 0.685246
0.34644 0.793493 0.500348
0.259815 0.00253303 0.965655
-0.16252 -0.460106 0.872863
-0.168849 0.971792 0.164654
0.817372 -0.331532 0.471158
-0.0797152 0.773316 0.62899
-0.888544 -0.108271 0.445832
0.00614101 0.980907 0.194381
0.812963 0.57461 0.0944236
0.557564 0.366381 0.744908
-0.199633 -0.978525 0.0513317
-0.506993 0.761847 0.403171
0.897685 0.0424251 0.43859
-0.946164 -0.323516 0.0105724
-0.614754 -0.545897 0.569275
-0.513565 0.206876 0.832739
-0.737857 0.0472285 0.673303
0.198084 -0.900255 0.38769
0.584817 0.755837 0.294448
-0.224972 -0.946217 0.232508
0.52716 -0.846746 0.0715854
0.237833 0.485978 0.840988
0.0993541 -0.990261 0.0975251
0.626231 -0.246309 0.739707
0.170431 0.628489 0.758917
-0.399456 0.356334 0.844666
-0.470619 -0.393812 0.789575
-0.582703 -0.256768 0.771056
0.785784 0.539555 0.302365
-0.33446 -0.522636 0.784212
-0.794277 -0.116523 0.596277
-0.701154 0.510194 0.498082
0.948102 -0.0696955 0.310234
-0.868649 0.388474 0.307469
0.878426 0.438992 0.188819
0.256762 -0.966297 0.0185536
0.119714 0.991661 0.0477169
0.501441 0.525014 0.68769
0.597457 0.196281 0.777508
-0.131463 -0.847306 0.514577
-0.483574 -0.5398 0.689037
-0.256524 0.915884 0.308791
-0.592906 0.491589 0.637811
-0.723415 -0.541182 0.42871
0.666908 -0.744469 0.0316118
0.729204 -0.485449 0.482286
-0.0555004 0.393724 0.917552
0.00967082 0.237376 0.97137
0.222819 -0.949975 0.218858
-0.180774 0.213312 0.960114
0.931143 0.276454 0.237793
-0.723987 0.6574 0.208971
-0.346418 0.830522 0.436151
0.369583 -0.451775 0.811977
-0.536723 -0.0958149 0.838301
0.096321 0.756537 0.646818
0.787971 -0.615555 0.0139223
0.00797709 -0.792305 0.610073
-0.285992 0.514974 0.80809
0.954722 0.105025 0.278344
0.0933359 0.927559 0.361833
0.288954 -0.287457 0.913167
-0.435038 -0.238471 0.868259
-0.957005 -0.094122 0.274375
0.747872 -0.575795 0.330374
-0.101473 -0.92781 0.358988
0.852276 0.383583 0.355655
-0.0830146 0.936211 0.341492
0.337888 0.157666 0.927886
-0.80237 0.366646 0.470927
-0.175801 0.862748 0.474089
0.66597 0.633245 0.394315
-0.702738 0.35334 0.617503
0.877925 -0.138449 0.458344
0.630943 -0.708809 0.315436
-0.293811 -0.783172 0.548012
0.600474 0.579828 0.550664
0.544598 -0.404111 0.73492
0.085141 -0.00915011 0.996327
0.0638078 0.520527 0.851458
0.69635 -0.359265 0.62131
-0.905979 -0.250769 0.341054
-0.958984 -0.232235 0.162532
0.404001 0.434033 0.805232
0.814222 -0.0256093 0.579988
-0.0796541 -0.318167 0.944682
0.836968 -0.519479 0.172121
0.965176 -0.189643 0.180199
-0.157689 -0.740027 0.65383
0.464811 0.881898 0.0787757
0.620556 -0.625953 0.472328
-0.351616 0.63159 0.690985
0.203951 -0.438833 0.875117
0.267087 0.890663 0.367946
0.60239 0.0197999 0.797956
-0.786958 0.615118 0.0482381
0.43336 0.830557 0.349819
-0.988517 -0.150937 0.0072687
-0.977596 0.194783 0.0797881
-0.650824 0.755031 0.0797292
-0.843711 0.506724 0.177149
0.884521 -0.466407 0.00930184
-0.434631 -0.786024 0.439615
0.0144874 -0.458158 0.888753
-0.773717 0.535905 0.337889
-0.0170767 -0.673022 0.739425
0.991531 -0.128973 0.0152366
-0.18034 0.663576 0.726047
0.369864 -0.129361 0.920036
0.451605 0.0259184 0.891841
0.527625 -0.136265 0.838477
0.493995 -0.764539 0.414063
0.451351 -0.296767 0.841553
-0.401942 -0.870467 0.284129
0.890145 0.216019 0.40122
-0.609926 -0.406947 0.679989
0.906504 -0.260444 0.332294
-0.111984 0.540126 0.834101
-0.827926 -0.402616 0.390433
0.84449 -0.426776 0.323573
0.293487 0.954568 0.0516287
-0.500646 0.857442 0.118938
0.174007 -0.815997 0.551244
0.175541 0.840901 0.511929
0.979999 0.169189 0.104769
-0.447395 0.047747 0.893061
-0.68643 -0.661122 0.302874
0.166312 0.153446 0.974061
-0.262419 0.0554774 0.963358
-0.87535 0.208333 0.436301
0.35749 -0.880386 0.311643
0.00557358 -0.167727 0.985818
-0.064341 -0.983947 0.166461
0.35262 0.911087 0.213495
-0.254099 0.760966 0.596963
-0.00491158 0.657074 0.75381
0.60775 0.784915 0.120618
-0.316444 -0.663768 0.677699
-0.783971 0.197964 0.588388
0.269731 0.717921 0.641744
-0.0569256 0.997954 0.0290932
-0.571932 0.628791 0.526798
-5.55112e-17 0.866025 0.5
-0.512322 -0.846123 0.146974
-0.730738 -0.408612 0.546861
-0.66306 0.212137 0.717879
0.117093 -0.578311 0.807369
0.729546 -0.661032 0.175497
-0.561659 0.355109 0.747287
0.150125 -0.707838 0.690238
0.794076 0.325595 0.513256
-0.926126 0.0498504 0.373907
0.45252 0.269071 0.850192
-0.266904 -0.87702 0.399497
-0.976506 0.0681057 0.204447
0.663091 0.426502 0.615148
-0.357195 -0.926883 0.115328
-0.655464 -0.740774 0.147039
-0.675941 -0.109882 0.728718
0.120232 0.367555 0.922197
-0.551155 -0.776362 0.305761
-0.803091 -0.531091 0.270161
0.709581 0.259661 0.655036
0.476698 -0.673063 0.56546
-0.178421 -0.607145 0.7743
0.52343 0.718664 0.457759
-0.845662 0.0410634 0.532136
0.284952 -0.595871 0.750826
0.988975 -0.0105125 0.147708
-0.355415 0.198459 0.913397
0.819189 0.154067 0.552443
-0.999134 0.0245053 0.0336395
-0.935413 0.228034 0.270191
-0.339739 0.930175 0.139108
0.606556 -0.512138 0.608116
0.457214 -0.55386 0.695841
-0.421085 0.719115 0.552776
0.341206 0.585069 0.735712
-0.77873 -0.616502 0.116214
0.953099 -0.302451 0.011198
-0.461566 -0.674925 0.575702
-0.350106 -0.0958591 0.931792
-0.589102 0.769785 0.245744
-0.450372 0.493645 0.743962
0.377605 -0.915537 0.138589
-0.894715 -0.385453 0.225634
0.181872 0.960361 0.211256
0.780208 -0.205474 0.590809
0.182344 -0.157349 0.970563
0.938855 0.340034 0.0541206
0.314138 -0.716917 0.622373
-0.606773 0.0609855 0.792533
-0.586488 -0.673926 0.449284
