-0.46409 0.763068 0.44983
0.70999 0.147109 0.688675
-0.141825 -0.185591 0.972338
0.557739 -0.351924 0.751716
0.198896 0.940252 0.276345
-0.417967 -0.342274 0.841517
-0.191181 -0.940704 0.280226
-0.289404 -0.464897 0.836729
0.701037 -0.32335 0.635603
-0.154704 -0.575781 0.802834
-0.540056 -0.216215 0.813382
-0.50739 0.849231 0.146155
-0.750612 0.520795 0.406639
0.5577 -0.0554864 0.828186
-0.232984 -0.865107 0.444194
0.156084 0.987701 0.00922961
0.915962 0.393763 0.0772335
0.90952 -0.413269 0.0445293
0.438314 0.690191 0.575776
0.821919 -0.567909 0.0439186
-0.626354 0.217985 0.748441
-0.784725 -0.248418 0.567886
-0.0838245 0.491474 0.866849
0.997329 -0.0730297 0.0012205
-0.222221 0.572177 0.78945
-0.831902 0.500034 0.240635
-0.385675 0.065769 0.920288
-0.0421324 -0.464982 0.884317
0.559325 -0.820651 0.116992
0.255206 0.555342 0.791495
-0.970791 0.0768367 0.22729
-0.314167 -0.937125 0.15197
-0.351333 0.928968 0.116548
-0.529026 0.504601 0.682283
0.77136 -0.527659 0.35578
-0.0327244 0.763045 0.645516
0.0675728 -0.85644 0.511804
0.481673 0.872631 0.0806672
-0.0212291 0.999712 0.0112053
-0.191866 0.979779 0.0567454
-0.676694 -0.553645 0.485348
-0.517645 -0.78619 0.337564
0.64065 -0.194978 0.742665
-0.65076 0.744272 0.150238
0.654755 -0.572772 0.493181
0.814717 0.18399 0.549894
-0.748753 0.233193 0.620475
0.828478 -0.264279 0.493742
0.0152603 0.359581 0.932989
-0.848902 0.234559 0.473654
-0.784497 -0.39951 0.474296
-0.131179 -0.711418 0.690418
-0.265967 -0.764625 0.587035
-0.422773 0.854305 0.302368
0.0129921 -0.628877 0.777397
-0.354555 -0.880224 0.315431
-0.826564 -0.562492 0.0198929
0.133933 0.794467 0.592355
0.843974 0.496399 0.203216
0.620058 0.773434 0.131636
-0.2632 0.925939 0.270857
0.88002 -0.0966322 0.465002
0.858293 -0.469617 0.206866
-0.651843 0.517381 0.554452
-0.388774 0.47739 0.788006
0.461801 -0.503779 0.730032
0.037352 -0.755044 0.65461
0.932416 -0.309325 0.186865
0.357755 0.911721 0.201929
0.0684889 0.984108 0.163833
-0.849955 -0.494295 0.182343
0.103183 -0.929613 0.353798
0.777087 0.355045 0.519691
0.362185 0.419437 0.832403
-0.771552 -0.0827054 0.630768
-0.647074 -0.0857441 0.757591
0.766412 -0.158603 0.622461
-0.664696 -0.267569 0.697557
-0.134024 0.910175 0.391943
0.100037 0.0396221 0.994194
-0.424551 -0.679405 0.598469
-0.92439 0.230233 0.304132
0.702098 0.513934 0.49288
0.402588 -0.373668 0.835641
-0.878092 -0.234058 0.417339
0.989237 0.03717 0.141525
-1.2837e-16 0.866025 0.5
-0.105889 0.00308173 0.994373
-0.29256 -0.639775 0.710702
0.513698 0.433278 0.74053
0.609129 -0.475469 0.634738
-0.298074 0.852708 0.429
-0.483785 0.197599 0.852588
-0.713915 -0.699962 0.019463
-0.998501 0.0467954 0.0284064
-0.572742 0.759172 0.309233
-0.746963 -0.639139 0.183159
0.32723 0.944471 0.0299295
0.10906 0.679463 0.725559
0.608112 0.282704 0.741807
0.354343 -0.637649 0.683992
-0.613497 0.652232 0.445214
0.134364 0.231256 0.96357
-0.429558 -0.104867 0.896929
-0.822934 0.0826021 0.5621
0.182564 0.407087 0.894958
-0.147711 -0.982923 0.109744
-0.649829 0.37517 0.661036
-0.0581683 0.637247 0.768461
-0.178066 -0.353066 0.918497
0.55822 0.563318 0.60915
0.300475 0.792767 0.530315
0.299824 -0.516516 0.80207
0.462638 0.273041 0.843454
-0.939529 -0.233558 0.250472
0.0221791 -0.120138 0.992509
0.857404 -0.372145 0.355481
-0.872756 0.483997 0.0635954
-0.245447 0.417956 0.874682
-0.774882 0.620094 0.122642
0.598144 0.654762 0.462071
0.374366 -0.748885 0.546828
-0.0107047 -0.303943 0.95263
0.235109 -0.379432 0.894849
0.33002 0.867645 0.371859
-0.943999 -0.0710127 0.322215
-0.226365 0.130465 0.965266
0.970518 0.211891 0.114875
0.951135 -0.0343336 0.30686
-0.328155 0.263995 0.906985
-0.147042 0.28836 0.946164
0.579508 0.11952 0.806155
-0.0280023 0.162632 0.986289
0.525646 -0.71945 0.453968
-0.166407 0.822151 0.544405
-0.101434 -0.824555 0.556615
0.278159 0.686953 0.671359
-0.871918 -0.0696898 0.484667
0.914806 0.324256 0.240805
-0.0221245 -0.971742 0.235008
0.410869 0.57452 0.707894
0.825037 0.563675 0.0398045
0.487794 -0.217993 0.845302
-0.916923 0.356518 0.179295
0.0302467 0.942661 0.332379
0.759894 -0.61757 0.202899
-0.552582 -0.557889 0.619203
0.272336 -0.913705 0.301623
-0.540481 0.0295648 0.840837
-0.54925 -0.39737 0.735134
-0.578716 -0.815083 0.0269771
0.694825 -0.0274164 0.718656
0.694835 -0.715773 0.0698141
-0.306694 -0.230517 0.923472
0.754095 -0.425565 0.500234
-0.985287 -0.082416 0.149724
-0.911118 0.0835353 0.40359
0.187159 -0.641199 0.744201
-0.618696 -0.761865 0.191772
0.443435 -0.89629 0.00547342
-0.84933 0.37789 0.368563
0.830788 0.421279 0.363751
-0.912109 -0.407998 0.0399425
-0.973085 0.205363 0.104555
0.968733 -0.246897 0.0244706
0.542442 -0.78812 0.290902
-0.0665265 -0.912459 0.403724
0.920156 -0.207523 0.332035
0.949747 0.14413 0.277863
-0.662656 -0.668941 0.336758
0.153222 -0.235632 0.959688
0.653741 0.415282 0.632585
-0.775802 -0.531904 0.339426
0.325716 -0.22822 0.91751
-0.333813 0.750709 0.570093
-0.425572 -0.904759 0.017324
-0.51769 0.355433 0.778244
0.880803 0.253172 0.400112
0.509186 -0.618021 0.598983
-0.497087 0.645939 0.579368
0.661711 -0.666911 0.34259
0.419269 -0.88416 0.206093
0.63455 0.713053 0.298166
-0.393986 -0.79278 0.465053
-0.71111 0.0695873 0.699629
0.400857 -0.828833 0.390321
0.149036 -0.970962 0.187138
-0.361471 0.624607 0.692246
0.427574 0.107423 0.897575
0.125724 -0.512042 0.84971
-0.707721 0.645411 0.287361
-0.472218 -0.86218 0.183454
0.23253 -0.0765886 0.969569
0.16695 0.881785 0.441115
-0.670366 -0.425256 0.608085
0.747528 0.575123 0.332318
-0.198727 0.708187 0.67748
0.299427 0.274439 0.913798
0.260963 0.106582 0.959447
-0.967181 -0.242723 0.0751452
-0.762004 0.381427 0.52332
0.715615 0.698492 0.00186512
0.50357 0.825331 0.255433
0.298542 -0.949816 0.0933882
0.897504 0.0775225 0.434139
0.472102 0.773673 0.422553
0.210399 -0.760398 0.614433
-0.424802 -0.524225 0.73806
0.74105 0.649324 0.170948
-0.867873 -0.381343 0.318391
0.808955 0.0104392 0.587777
0.0234598 -0.997659 0.0642315
0.0835935 0.542479 0.8359
-0.26828 -0.0611823 0.961396
-0.102654 0.972237 0.210279
0.402053 -0.0677787 0.913104
-0.554222 -0.682167 0.476955
0.976496 -0.138525 0.165124
0.239004 -0.852395 0.46508
