-0.747438 -0.66237 0.0510251
0.334522 0.508639 0.793336
0.116054 0.0207135 0.993027
-0.992456 -0.108032 0.057974
-0.0751575 -0.500839 0.862271
0.711194 -0.598151 0.369349
0.572966 0.748563 0.33371
-0.768105 -0.356144 0.532143
-0.393028 -0.78328 0.481665
5.55112e-17 0.866025 0.5
0.910001 0.414259 0.0169691
-0.546112 0.709825 0.444871
-0.275875 0.961146 0.00957087
0.790211 0.262326 0.553851
-0.804506 0.212937 0.554461
0.586706 -0.220927 0.779081
-0.136374 -0.990528 0.0159911
-0.881464 0.469536 0.0505663
0.173123 -0.854593 0.489591
-0.439972 -0.0632736 0.89578
0.975027 -0.128392 0.181214
-0.231354 0.466252 0.853864
