-0.646505 -0.0329883 0.762196
0.11681 -0.0847197 0.989534
0.953039 0.302834 0.00283902
0.829554 -0.321607 0.456518
0.991567 0.129388 0.00735772
0.50087 0.550676 0.667746
-0.472017 -0.686388 0.553237
0.17691 0.849125 0.497685
0.915488 -0.241878 0.321522
-0.206679 -0.168726 0.963751
0.638641 0.765856 0.0748464
0.791199 0.365403 0.490392
0.453688 -0.36252 0.814092
0.652548 0.663626 0.365762
0.167999 0.964708 0.202767
-0.374988 -0.0723493 0.924202
-0.568841 0.336454 0.750479
0.878719 0.47698 0.0185033
-0.226949 -0.700685 0.676413
0.146813 -0.256526 0.955322
0.517257 0.103875 0.849503
0.684764 -0.111332 0.72021
-0.687406 -0.710597 0.150085
-0.821313 0.439511 0.363698
-0.549257 0.824828 0.134071
-0.960924 -0.149233 0.233142
-0.914433 -0.090429 0.394505
-0.408784 0.401072 0.819779
-0.935541 0.347131 0.065293
0.170238 0.659909 0.731805
-0.878455 -0.466726 0.10239
-0.30757 0.758804 0.574122
0.0599564 0.558451 0.827368
-0.353631 -0.247399 0.902075
-0.81668 0.188593 0.545405
0.0921054 0.927937 0.361178
-0.805564 -0.366364 0.465666
0.24419 0.0375133 0.969002
0.964565 0.205242 0.165804
0.863392 -0.483678 0.143564
0.0314016 -0.387359 0.921394
-0.246331 -0.891399 0.380432
-0.244301 -0.564066 0.788763
-0.296028 -0.410773 0.862341
0.404317 -0.0170091 0.914461
0.355298 -0.660021 0.661918
0.582853 0.774555 0.245656
0.502005 -0.861554 0.0756044
-0.0796165 -0.882547 0.463434
-0.364826 0.105088 0.925126
0.576611 -0.238367 0.781473
0.749992 -0.487973 0.446537
0.765986 -0.630939 0.123213
0.94313 -0.0663604 0.325732
-0.709433 0.519476 0.476287
-0.987421 -0.147321 0.0574083
0.280899 -0.140015 0.949469
0.620299 -0.526691 0.581228
-0.574462 0.587996 0.569433
-0.423398 0.905161 0.0376639
-0.52167 -0.131304 0.842982
-0.0988185 -0.948908 0.29968
0.0522275 0.997859 0.0393757
-0.749393 -0.523735 0.405107
-0.262892 -0.941532 0.210725
-0.496337 -0.304633 0.812926
0.128031 0.404288 0.905626
0.830323 0.444508 0.336119
-0.704398 0.270322 0.656316
0.974482 -0.224226 0.0103819
-0.902925 0.0993999 0.418147
0.64287 -0.758264 0.108413
0.297983 0.356301 0.885582
0.212877 -0.615794 0.758605
0.552147 -0.0693961 0.830854
0.516137 -0.751396 0.411104
0.642365 -0.629132 0.437676
0.779048 0.625754 0.0389305
-0.381875 -0.804235 0.455387
-0.382346 -0.615393 0.689277
0.0809438 0.773628 0.628448
-0.122855 0.990029 0.0689215
0.230402 -0.92652 0.297447
-0.647761 0.722691 0.24109
-0.761207 0.633866 0.137031
-0.662045 0.749213 0.0194008
-0.60093 -0.390306 0.697528
0.33881 0.924524 0.174537
-8.32667e-17 0.866025 0.5
-0.414391 0.638069 0.64896
0.912994 0.375231 0.160138
-0.0558091 -0.0431604 0.997508
-0.413202 0.879998 0.234238
0.82843 0.530231 0.18044
0.481475 -0.538417 0.691584
0.376691 -0.851439 0.364904
-0.685954 -0.464411 0.560169
0.861445 0.204127 0.465021
-0.135714 0.564244 0.814377
0.905824 0.285247 0.313238
0.676981 0.0657623 0.733057
0.342501 -0.49992 0.79547
-0.63525 -0.221162 0.739962
-0.0285051 0.680044 0.732617
-0.907447 0.344342 0.240767
-0.109641 0.782854 0.61247
-0.516958 0.0459724 0.854775
-0.224793 -0.812326 0.53814
0.794878 -0.0312673 0.605963
0.435009 -0.193981 0.879283
-0.85371 -0.426021 0.299476
0.50195 -0.657817 0.561536
0.0439981 -0.99808 0.043592
0.859613 -0.409802 0.305169
0.919534 -0.393009 0.00138363
-0.626973 0.152062 0.764056
0.22747 -0.857616 0.461251
0.659151 -0.69975 0.275444
-0.62316 0.662526 0.415609
-0.949614 -0.313373 0.0055371
0.932777 -0.321264 0.163449
-0.774661 0.360003 0.519903
-0.897465 -0.262721 0.354309
0.201152 0.223726 0.953669
-0.676934 -0.662435 0.320844
-0.0957841 0.129692 0.986917
-0.255823 0.916104 0.30872
0.378092 -0.904909 0.195413
-0.0851538 -0.63929 0.764236
-0.236231 0.429343 0.871699
-0.962997 0.0249626 0.268352
0.494785 0.861001 0.117753
0.885023 0.0279679 0.464707
-0.318103 0.275618 0.907108
-0.0252202 -0.216896 0.975869
0.432514 0.848469 0.30501
-0.557481 -0.828346 0.0552996
0.0717363 -0.835942 0.544109
0.349764 -0.93656 0.0228328
0.228168 0.972966 0.0357353
-0.538477 -0.742577 0.398273
-0.363448 0.830792 0.421533
-0.982818 0.184156 0.0124515
0.340859 0.614472 0.711505
-0.964518 0.184106 0.189237
-0.995259 0.0265132 0.0935814
0.77159 -0.209905 0.600491
0.998811 -0.0481946 0.00735188
-0.730723 -0.30069 0.612886
0.707956 0.30687 0.636105
-0.790805 -0.571515 0.219085
-0.516208 0.784661 0.343274
-0.150829 -0.334121 0.930384
-0.790698 -0.6105 0.0456834
0.0292949 0.268078 0.962952
0.34816 0.812907 0.466869
-0.322049 0.548536 0.771617
0.191441 -0.447911 0.873342
-0.538965 -0.546876 0.640658
0.213836 -0.757632 0.616658
-0.86111 0.487122 0.145609
0.721676 0.524378 0.451898
0.399599 0.465936 0.789445
0.71869 -0.378693 0.583161
0.586133 0.617846 0.524133
-0.145405 0.294968 0.944379
-0.196414 0.857079 0.476274
-0.475897 0.720686 0.504117
0.0576254 -0.973987 0.219154
0.717224 0.667447 0.200261
-0.224512 0.00778378 0.97444
0.209144 -0.969687 0.126354
0.526494 -0.814077 0.245116
0.0596344 -0.558043 0.827666
0.456621 0.289563 0.84122
-0.505794 0.496499 0.705451
0.0770701 -0.918856 0.386994
0.55259 0.394216 0.734328
0.0689459 -0.70546 0.705389
0.233409 0.520128 0.821576
-0.00916489 0.978706 0.205063
0.0793821 0.100012 0.991815
-0.218484 0.67603 0.703738
0.941488 0.111202 0.318173
-0.100967 -0.491653 0.864918
-0.751012 -0.121601 0.648995
-0.874359 0.273937 0.400568
0.973974 -0.148548 0.171194
0.305326 -0.313902 0.899023
-0.747352 0.0722437 0.660489
0.508613 0.746464 0.429074
-0.409401 -0.904815 0.11705
0.433483 0.689824 0.579858
-0.74558 0.590602 0.308706
-0.842232 -0.0160517 0.538876
-0.478979 0.219676 0.849895
0.985536 0.028757 0.167009
-0.620576 -0.613356 0.488549
-0.0738692 -0.775927 0.626482
-0.835687 -0.197566 0.51244
0.267515 0.745662 0.610265
-0.0855847 0.929829 0.3579
0.589194 -0.397547 0.703425
-0.650515 0.436131 0.621788
0.608525 0.227515 0.76022
-0.112799 -0.985554 0.126331
-0.403336 -0.867634 0.290742
0.773684 -0.564411 0.287842
-0.55572 -0.798765 0.230542
0.266432 0.902931 0.337238
-0.263606 -0.964016 0.0344239
-0.282316 0.949604 0.136198
0.778284 0.145621 0.610793
-0.0467801 0.435655 0.898897
-0.93079 -0.316851 0.182307
0.36895 -0.768931 0.522131
0.871704 -0.149251 0.466751
0.362991 0.159486 0.918042
-0.436857 -0.466313 0.769226
0.645092 0.469716 0.60268
