0.955358 -0.0201421 0.294762
-0.0142131 -0.955475 0.29473
0.0768028 -0.272136 0.959189
-0.511451 0.834003 0.207017
-0.390634 -0.718905 0.574961
-0.438333 0.897194 0.0539214
0.0193974 0.0642218 0.997747
0.204835 0.957009 0.205369
-0.716117 0.291235 0.634317
-0.142338 -0.00903284 0.989777
-0.443776 -0.79522 0.413144
-0.301558 -0.0774316 0.950298
0.175314 0.146051 0.973619
-0.0744859 0.932644 0.353024
0.991193 0.131362 0.0167698
0.842035 0.308462 0.442524
-0.109419 -0.834673 0.539767
-0.600053 0.231304 0.76579
-0.958805 0.134353 0.250285
-0.722573 0.691234 0.00915469
0.559017 -0.822186 0.107291
0.586985 0.130166 0.799066
0.195254 0.473989 0.858609
0.642132 -0.458136 0.614637
0.754187 -0.327658 0.569072
0.82331 0.458636 0.334387
0.38864 -0.11047 0.914743
-0.230544 -0.240192 0.942951
0.450872 0.891471 0.0446525
-0.935124 -0.303057 0.183574
0.551547 -0.728496 0.406312
0.495036 0.697974 0.517467
-0.689266 0.452891 0.56551
0.601488 0.797291 0.0503962
0.793505 -0.00043564 0.608564
-0.709125 -0.671516 0.214961
0.104952 0.930296 0.351476
0.823355 -0.474766 0.31094
-0.939216 0.294692 0.176152
-0.697498 -0.0565136 0.714355
-0.137536 0.503426 0.853022
-0.993706 0.0370293 0.105723
-0.437681 0.499511 0.747612
-0.283955 -0.827893 0.483697
0.954073 0.27964 0.107456
-0.677242 -0.622999 0.391428
-0.0490871 -0.991052 0.124124
0.624113 0.288016 0.726313
-0.46824 -0.854697 0.22415
0.497366 -0.536197 0.681997
0.636401 0.439384 0.633983
0.0412909 0.5577 0.829015
-0.454435 -0.0091027 0.890733
-0.469173 0.16673 0.867224
0.992619 -0.0128845 0.120592
-0.420193 -0.193423 0.886581
-0.59066 0.397098 0.702448
-0.176396 0.844876 0.505043
0.775737 -0.60033 0.194517
-0.415265 0.836962 0.356441
0.988111 -0.153293 0.0117197
-0.3434 -0.931061 0.123296
-0.719933 -0.693179 0.0346405
0.828642 0.15837 0.53691
0.734268 -0.159999 0.659736
-0.493547 -0.586267 0.64242
-0.56689 -0.123663 0.814459
0.375636 0.903764 0.205203
-0.0745213 0.772058 0.631167
-0.807795 0.00528575 0.58944
0.11363 -0.992128 0.0526395
0.395195 -0.800654 0.450305
0.351152 0.388921 0.851724
0.323922 0.226506 0.918569
-0.323974 -0.889617 0.321904
0.155844 0.318448 0.935042
0.946488 -0.313598 0.0762673
-0.164284 0.965266 0.203157
0.27868 0.892857 0.353758
0.188248 -0.548522 0.814669
-0.327957 0.272606 0.904505
0.629483 0.581756 0.515084
0.280772 -0.959773 0.00160284
-0.332905 -0.619748 0.710694
0.215832 0.61776 0.756167
0.874928 -0.464322 0.137499
0.671836 0.709909 0.211345
0.236489 -0.364151 0.900814
-0.322611 0.098821 0.941359
-0.76778 0.497421 0.403839
0.330259 -0.890948 0.311675
-0.544491 -0.675409 0.497346
0.966561 -0.175793 0.186698
0.532028 0.819639 0.212458
0.532665 -0.0325072 0.845702
-0.34437 0.787175 0.511629
0.440531 0.820265 0.364826
0.967465 0.137033 0.21268
-0.245082 0.723985 0.64481
-0.964638 -0.263263 0.012889
0.707889 -0.608533 0.358583
0.158015 -0.930398 0.330742
-0.580465 -0.437685 0.686653
0.913653 0.138818 0.382058
0.34106 -0.615993 0.710092
0.248037 -0.0160432 0.968618
0.506687 0.41859 0.753691
0.466871 -0.673595 0.572976
-0.804097 0.343606 0.485142
-0.869063 0.382309 0.313956
0.720618 0.146946 0.677581
0.744049 -0.474863 0.469995
-0.0698548 -0.17116 0.982764
0.404239 -0.904331 0.137028
0.69668 -0.712705 0.0817786
-0.427332 -0.478372 0.767169
0.226216 -0.850814 0.47428
0.208234 0.7457 0.632906
0.0749774 -0.438155 0.895767
-0.603275 -0.786755 0.130676
0.790783 0.578287 0.200615
0.641179 -0.30469 0.704311
-0.268657 0.961405 0.0593536
0.885987 0.431291 0.170339
-0.875082 0.45892 0.153698
-0.655343 0.734948 0.174289
-0.074041 0.995839 0.0531245
-0.351993 0.912481 0.208517
-0.714812 -0.361778 0.598465
-0.0849813 -0.341925 0.935877
-0.249489 0.901627 0.353304
-0.260735 -0.503251 0.823866
0.369941 0.672407 0.641102
0.392773 -0.283607 0.874812
0.541593 -0.207282 0.814685
0.499777 -0.385236 0.775768
0.0350333 -0.890911 0.452825
0.347674 -0.470035 0.811289
-0.765832 -0.455685 0.45371
0.909565 -0.33158 0.250494
-0.593668 0.0575552 0.802649
0.6376 -0.729156 0.248593
0.374135 0.536964 0.756104
-0.929895 0.36765 0.0113836
-0.819283 0.177079 0.545361
0.491372 -0.827533 0.271558
0.111809 0.992034 0.058034
-0.224658 -0.738859 0.635308
0.715937 0.597814 0.36063
-0.814948 -0.567594 0.117034
-0.164347 0.338448 0.926522
-0.870148 -0.118604 0.478304
0.401684 0.0667759 0.91334
0.00100265 0.238967 0.971027
-0.499598 0.700645 0.50941
-0.159314 -0.908619 0.386045
-0.903307 -0.425019 0.0582706
0.0918752 -0.0979164 0.990945
-0.582672 -0.750584 0.311637
0.842115 0.538144 0.0352615
0.342629 0.789089 0.509848
0.51162 0.565265 0.647086
-0.506228 -0.322498 0.79983
-0.404204 0.644905 0.648626
-0.979032 -0.133403 0.153946
0.745096 0.448479 0.493659
-2.91434e-16 0.866025 0.5
0.587751 0.720731 0.367553
-0.865653 -0.376869 0.329566
-0.715941 0.121643 0.687482
-0.484543 -0.874202 0.0314602
-0.275383 0.590718 0.75843
-0.0867393 -0.502686 0.860107
0.23812 -0.955507 0.174087
-0.107171 0.647938 0.754116
-0.156113 -0.631641 0.75938
0.916202 -0.181935 0.357034
-0.642335 0.599783 0.477145
0.673508 -0.0130182 0.739065
-0.640184 -0.535508 0.550814
-0.703677 0.637094 0.314562
0.88809 -0.0192112 0.459268
-0.793673 -0.534573 0.290369
-0.919873 -0.207641 0.332743
-0.467652 0.338459 0.816546
0.477539 0.264745 0.837775
-0.82732 -0.291084 0.480429
-0.895193 0.0536584 0.442438
0.837342 -0.179712 0.516296
0.101615 -0.800529 0.590616
-0.345588 -0.353791 0.869138
0.91412 0.292429 0.280837
-0.553622 0.551988 0.623548
0.0268991 -0.617819 0.78586
0.812012 -0.583249 0.0213686
-0.00092967 0.407081 0.913392
0.845558 -0.333698 0.416746
-0.778428 0.608054 0.155952
-0.567232 0.744951 0.351135
0.28574 0.957148 0.0471206
0.305294 -0.744962 0.59315
0.178383 -0.687325 0.704105
0.177019 0.851508 0.493557
-0.979604 0.19831 0.0323904
-0.589249 0.807529 0.026128
0.743794 0.30302 0.595777
-0.953135 -0.0360755 0.300386
-0.199716 -0.979379 0.0305143
-0.647569 -0.250511 0.719651
-0.161426 0.16684 0.97268
0.0145871 0.978403 0.20619
0.0603237 0.694409 0.717048
-0.195486 -0.956029 0.218617
-0.8935 0.22334 0.389585
0.73336 0.678168 0.0476523
0.616104 -0.599813 0.510529
0.236275 -0.193989 0.952125
-0.0428081 -0.738131 0.673298
-0.302872 0.438586 0.846115
-0.770358 -0.181577 0.611211
-0.839923 0.542705 0.00094992
