0.619615 -0.151116 0.770222
0.772075 -0.514678 0.372836
0.0971585 -0.20015 0.974936
-0.986636 0.158544 0.0376026
-0.755561 -0.337491 0.56145
0.991454 -0.125521 0.0355437
-0.917425 -0.396858 0.0288975
-0.0543066 -0.908731 0.413833
0.334306 -0.627968 0.702777
0.431884 -0.891469 0.136963
-0.286184 0.957773 0.0277522
-0.430571 -0.0282932 0.902113
0.794744 0.606027 0.0333661
-0.207178 0.482421 0.851086
-0.538613 0.706262 0.459445
-0.57594 -0.774574 0.261397
-0.797917 0.220669 0.560922
1.56125e-16 0.866025 0.5
0.864216 0.23371 0.445544
0.322248 0.306212 0.895762
-0.288564 -0.555722 0.779682
0.524459 0.671748 0.523161
0.344154 0.936714 0.0642274
