-0.755014 -0.618404 0.218013
0.953658 0.263592 0.145108
-0.98974 0.142528 0.0100237
0.11081 0.961885 0.249997
0.825729 0.341081 0.449261
-0.285137 -0.0165571 0.958344
-0.177079 -0.664204 0.726276
-0.282753 -0.931422 0.229136
0.674442 0.730839 0.104892
-0.699658 -0.709145 0.0871305
-0.63892 -0.70772 0.301519
0.252789 -0.603203 0.756468
0.895223 -0.343307 0.284105
-0.813909 0.567866 0.122799
0.960115 -0.013668 0.279271
-0.106105 0.703425 0.702805
0.530412 -0.727741 0.434806
-0.439606 -0.86977 0.22416
0.210229 -0.473448 0.855366
0.951808 -0.271655 0.142356
-0.264382 0.150668 0.952576
0.322546 0.745585 0.583152
-0.0955938 0.265419 0.959382
0.102422 -0.888128 0.448039
-0.250789 0.314586 0.9155
-0.11401 -0.414501 0.902879
0.213731 0.421444 0.881308
0.267264 -0.874225 0.40534
-0.715978 -0.465708 0.520087
0.287694 -0.330189 0.899004
-0.691078 0.596547 0.408098
0.505983 -0.862224 0.0234706
0.430384 -0.832604 0.348627
-0.534552 0.58415 0.610756
-0.931818 -0.343255 0.117864
0.186675 0.711815 0.677105
-0.0729052 0.422795 0.903288
-0.0818343 0.568371 0.818693
0.989234 0.0631376 0.132025
0.608833 0.425989 0.66922
0.162962 -0.233637 0.95857
-0.139517 0.806914 0.573955
0.61755 0.272254 0.737909
-0.107809 0.0999088 0.989139
-0.979241 -0.185595 0.0814932
0.73162 -0.537024 0.419927
-0.396562 0.234612 0.887523
0.13507 0.903672 0.406366
-0.0635601 -0.996735 0.0497854
-0.88255 -0.381829 0.27443
-0.678362 -0.59955 0.424694
-0.285601 -0.733145 0.617196
0.941478 -0.181168 0.28425
-0.545282 -0.684553 0.483792
-0.328608 0.94439 0.012054
0.238035 0.961207 0.139355
-0.872946 0.372132 0.315409
0.0838991 0.993335 0.0790356
0.448623 0.762419 0.466321
-0.922657 -0.118533 0.366952
0.198583 0.582916 0.787892
0.457097 0.889343 0.011428
-0.00842052 -0.943043 0.332564
0.823749 0.460696 0.330448
-0.480143 -0.875095 0.0605846
0.373068 -0.782207 0.498972
0.0490491 0.653632 0.755222
-0.393065 -0.423845 0.815999
-0.227007 0.469473 0.853266
-0.943396 -0.22826 0.240626
0.899013 0.102292 0.425807
0.0990888 -0.995064 0.00538968
0.220229 0.263241 0.939257
-0.331675 0.925145 0.18466
-0.660045 -0.250643 0.70818
-0.164015 0.888543 0.428474
0.609209 -0.602491 0.515625
-0.464015 0.848224 0.255355
0.47773 0.526361 0.703362
-7.63278e-17 0.866025 0.5
-0.804854 -0.592947 0.0249987
-0.673023 0.245327 0.697749
0.55858 -0.514744 0.650405
0.464445 0.655377 0.595627
0.571564 -0.772223 0.277465
0.68954 -0.655626 0.307716
-0.559946 0.679514 0.474048
0.693026 -0.70581 0.146788
0.892205 0.418745 0.169182
-0.950658 0.264324 0.162423
-0.633113 -0.410589 0.656189
0.411581 -0.574097 0.707823
-0.775843 0.0299372 0.630215
-0.464103 0.881197 0.0900031
-0.943686 0.0441327 0.327886
-0.582549 0.747185 0.319925
0.336939 0.627127 0.70227
-0.388117 0.611103 0.689869
-0.419299 0.714346 0.560266
0.590446 0.674033 0.443907
0.804736 0.560406 0.195819
0.818769 0.198361 0.538767
-0.086261 -0.560664 0.823538
0.313162 -0.70497 0.636355
0.583787 -0.225615 0.77993
0.2114 -0.807983 0.549976
0.0467015 -0.80892 0.58606
0.724052 0.316581 0.612801
-0.268248 -0.346509 0.898874
-0.581123 -0.795877 0.169928
-0.442705 -0.653506 0.613956
-0.125957 -0.786043 0.605203
-0.269835 0.721215 0.637995
-0.5386 0.160478 0.827138
-0.552899 -0.00741175 0.833215
-0.892846 0.42257 0.155758
-0.191741 0.975771 0.105388
-0.751624 -0.312524 0.580852
0.417709 0.848572 0.324721
0.608969 0.10935 0.78562
-0.877682 0.11742 0.464637
-0.449594 0.791728 0.41356
-0.243016 -0.499113 0.831763
0.564066 0.767032 0.305763
-0.533871 -0.341354 0.773602
-0.668832 -0.0850235 0.738535
-0.861406 -0.0452487 0.505898
0.0175273 -0.153562 0.987984
0.359521 -0.930373 0.071771
0.984539 -0.105389 0.139918
-0.822769 -0.3698 0.431624
0.0683824 0.504391 0.860763
-0.551243 -0.178658 0.814992
0.494536 0.220204 0.8408
0.710992 -0.176799 0.680611
-0.524394 0.32375 0.787526
-0.668446 0.503844 0.547103
-0.480715 -0.518327 0.707284
-0.400069 -0.768933 0.498685
0.689787 -0.456448 0.562004
-0.590171 0.791773 0.157463
-0.619568 0.403368 0.673372
0.316131 -0.167658 0.933784
0.803623 -0.578819 0.138416
0.0366669 0.0135771 0.999235
-0.0631884 -0.876393 0.477432
0.0710441 0.341775 0.937093
0.900664 0.313625 0.300737
-0.234006 0.60856 0.758219
0.656354 -0.336223 0.675391
0.949355 0.1545 0.273595
0.183215 -0.0677246 0.980737
-0.332334 -0.5985 0.728938
-0.0234927 0.936894 0.348824
0.196411 0.10028 0.97538
-0.427762 -0.0997363 0.898372
-0.417317 -0.265654 0.869065
0.301474 0.842361 0.446701
-0.711419 0.697208 0.088229
0.168899 0.819086 0.548243
0.82629 0.0315824 0.562359
0.816204 -0.39126 0.425118
-0.377276 0.394574 0.837839
-0.173905 -0.917708 0.357168
-0.238532 -0.837922 0.490906
0.371489 -0.448499 0.812924
0.35766 0.334112 0.872037
-0.420428 0.0685914 0.90473
-0.803491 0.522712 0.284913
0.44109 -0.276849 0.853695
-0.781155 0.448198 0.434643
0.207058 -0.96934 0.132312
0.150989 -0.716532 0.681017
0.465158 -0.111769 0.878143
0.601577 0.561079 0.56859
-0.998778 -0.0223589 0.044068
0.542868 0.826424 0.149393
-0.976444 -0.0667675 0.205181
0.876235 0.481692 0.0135833
0.493708 0.378559 0.782909
0.265412 0.91641 0.29958
-0.663239 0.0834105 0.743745
0.783522 0.620103 0.0395673
0.889706 -0.433887 0.142002
0.464418 -0.865683 0.186838
0.0484964 0.180914 0.982302
-0.481375 0.477986 0.734716
0.723795 -0.00893888 0.689957
0.344708 0.490301 0.800488
-0.501552 -0.787682 0.357774
0.35605 0.16526 0.919738
0.045286 -0.98302 0.17782
-0.58981 -0.557015 0.584686
-0.773981 -0.138212 0.617941
-0.923485 0.211347 0.320168
-0.350355 -0.861729 0.366981
0.723512 0.456118 0.518157
-0.128562 -0.234153 0.963662
-0.0445975 0.981246 0.187529
-0.980058 0.098607 0.172522
-0.853721 -0.497167 0.15487
0.043688 -0.470196 0.88148
0.717012 0.573055 0.396864
0.156522 -0.941765 0.297624
0.723346 0.158709 0.671998
-0.844359 0.282437 0.455288
0.77302 -0.29902 0.559488
0.90123 -0.0662834 0.428243
0.821388 -0.494887 0.283565
-0.29724 0.813628 0.499658
0.0877734 -0.605474 0.79101
0.4674 -0.667826 0.579264
-0.0155446 -0.70806 0.705981
0.332988 -0.000144531 0.942931
-0.791587 -0.507796 0.339902
-0.787346 0.19218 0.585793
-0.742344 0.353876 0.568944
-0.120446 -0.971024 0.20641
0.315911 -0.915462 0.249259
0.47744 0.0563859 0.876853
0.87269 -0.232454 0.429393
-0.709016 0.658508 0.252317
-0.1864 0.944371 0.27096
0.520603 -0.391336 0.758833
-0.32269 0.880593 0.347026
0.0328165 0.77133 0.635589
0.694694 0.670303 0.260949
0.394091 0.903743 0.167156
-0.848005 -0.212104 0.485695
0.0171206 -0.317592 0.948073
-0.287801 -0.184123 0.939824
0.818903 -0.13679 0.557392
-0.127481 -0.0675465 0.989538
0.602515 -0.0588176 0.795937
-0.22831 -0.970735 0.0744787
