0.154197 -0.183964 0.970763
-0.0648797 0.776228 0.627105
-0.50042 0.855658 0.132017
-0.334565 -0.896423 0.290674
-0.240368 0.936862 0.253994
-0.541489 -0.728675 0.419311
0.324702 -0.443685 0.835292
0.112904 0.972837 0.202093
0.159232 0.986408 0.0405441
-0.203149 -0.560732 0.80269
0.0422991 0.143203 0.988789
-0.018102 0.994993 0.0982901
0.141657 0.297417 0.94418
0.997661 0.0483564 0.0483159
0.305341 0.272293 0.912482
0.602577 0.203789 0.771603
-0.303194 0.167039 0.938175
0.421647 -0.0456148 0.905612
-0.725278 0.435215 0.533441
0.221227 0.921062 0.320473
0.870456 0.373248 0.320923
0.462878 0.506205 0.727668
-0.533001 0.522312 0.665658
-0.752622 -0.0638199 0.655353
-0.493094 -0.116662 0.862118
0.992604 -0.118648 0.0256767
-0.00830657 -0.143175 0.989662
-0.547949 0.0405398 0.835529
0.460351 0.239506 0.854818
0.0568142 0.93277 0.355966
-0.767945 -0.567374 0.297232
0.0964899 -0.902304 0.420164
0.497721 -0.839497 0.217989
0.878817 0.475773 0.0363345
0.960077 -0.248898 0.127683
-0.876024 0.123647 0.466146
0.61738 0.724818 0.305746
0.842624 0.496274 0.209038
0.163111 -0.948297 0.272263
0.266586 -0.0138524 0.963712
0.406407 -0.668815 0.622511
-0.94725 0.223438 0.229767
0.143346 0.57197 0.807653
-0.631751 -0.0902227 0.769903
0.926539 -0.375579 0.0215903
0.307578 0.550591 0.776044
0.551217 -0.58806 0.5919
-0.901225 -0.172736 0.397436
-0.762823 -0.475306 0.43839
-6.93889e-18 0.866025 0.5
-0.970135 -0.21476 0.112763
0.789041 0.255383 0.558744
-0.172295 -0.942113 0.28764
0.42382 0.739147 0.523487
-0.700574 -0.22259 0.677974
-0.13603 0.167022 0.976524
0.518457 0.0812679 0.851233
-0.500877 0.684863 0.52923
-0.985515 0.147622 0.0834783
-0.635064 0.388123 0.667873
0.0665514 0.440272 0.895394
-0.39627 -0.814202 0.424318
-0.776894 0.618769 0.116451
-0.493488 -0.821129 0.286735
-0.074004 0.964272 0.254366
0.0195535 -0.830286 0.556994
-0.666625 -0.613031 0.424032
0.327576 -0.912172 0.246243
-0.257249 -0.280526 0.924731
-0.817136 0.422019 0.39267
-0.412182 -0.654678 0.633643
0.161228 -0.466482 0.869713
-0.339024 -0.129874 0.93177
0.921118 0.35905 0.150416
0.230921 -0.965683 0.118874
0.458552 -0.232676 0.857666
0.636158 -0.748992 0.18524
-0.27689 0.590332 0.758182
-0.295463 0.868526 0.397949
0.367731 0.656062 0.659057
0.327419 0.842202 0.428359
-0.890857 0.381573 0.246527
0.564518 0.824167 0.0454767
-0.406186 0.633216 0.658825
0.878026 0.234901 0.417003
0.349254 -0.7839 0.513344
-0.103529 -0.984764 0.139719
-0.712068 0.238312 0.66043
0.479526 0.793822 0.374035
-0.185795 0.977514 0.0997289
0.923995 0.0784078 0.374281
0.186862 -0.822121 0.537773
0.779767 0.508145 0.365722
0.760143 0.411737 0.502648
0.662346 0.548892 0.509917
0.0714492 -0.328019 0.941965
0.974207 0.0733463 0.213403
-0.570927 -0.246932 0.782986
0.266436 0.77642 0.571125
-0.788196 0.0974264 0.607664
0.0402184 0.685104 0.727334
-0.131169 0.906206 0.401976
0.518706 0.605624 0.60346
-0.924901 -0.273373 0.264245
-0.65853 -0.491505 0.569878
0.262028 -0.879152 0.398037
0.0812318 -0.73048 0.678085
-0.00670725 -0.466026 0.884746
-0.126813 0.664137 0.736777
-0.737944 -0.656306 0.157163
0.4765 -0.386018 0.789897
0.973348 0.208186 0.0961884
-0.0265186 0.293504 0.95559
0.864868 -0.224829 0.448839
-0.332077 -0.411212 0.848899
-0.594537 0.206572 0.777081
-0.794416 -0.607345 0.00602663
0.447944 -0.535011 0.716317
0.56918 0.680698 0.461177
-0.994673 -0.0452672 0.0926065
-0.940749 0.325349 0.0956025
-0.457497 0.1783 0.871152
-0.517785 -0.85542 0.0124822
-0.14847 -0.816323 0.558188
0.681234 -0.48943 0.544407
-0.0870945 -0.723472 0.684838
-0.555395 -0.623449 0.550316
0.665553 0.732261 0.144338
0.369092 0.11371 0.92241
0.404453 -0.909485 0.0962056
-0.657199 0.74375 0.122168
-0.871329 0.478949 0.106742
0.638039 -0.623534 0.451786
0.783581 -0.188472 0.592013
-0.972706 0.056832 0.224976
0.423174 0.900945 0.096027
0.846689 0.101165 0.522383
-0.404905 0.87365 0.269791
-0.678309 -0.734499 0.020203
0.899584 -0.394726 0.186924
0.604661 0.466749 0.645392
0.559222 -0.827049 0.057113
-0.624871 0.570664 0.532803
0.237953 -0.323588 0.915789
-0.346056 0.930214 0.122258
0.860434 -0.0660073 0.505269
-0.83993 -0.325418 0.434305
0.318003 -0.17604 0.931603
0.852466 -0.517413 0.0747374
-0.927414 -0.00783807 0.373955
-0.17619 -0.141196 0.974177
-0.268832 -0.952098 0.145733
0.753974 -0.645102 0.123966
-0.408233 0.485648 0.772976
-0.259952 0.716375 0.647481
-0.817198 -0.197303 0.541534
-0.0716091 -0.898674 0.432733
-0.00436963 -0.95714 0.289593
-0.357775 0.773789 0.522731
-0.415928 -0.266392 0.869505
0.592881 -0.267886 0.759427
0.726051 0.147207 0.671699
-0.963239 -0.11032 0.24495
-0.801632 0.285099 0.525457
0.976955 -0.0938374 0.191713
0.569621 -0.748213 0.340161
-0.233297 0.0174337 0.972249
0.924205 -0.24566 0.292398
-0.72476 0.562997 0.397187
-0.0666369 0.0148181 0.997667
0.853184 -0.38777 0.348872
-0.623486 -0.374625 0.686237
0.102323 0.787089 0.608294
-0.485401 -0.392228 0.781373
0.247349 -0.715411 0.653457
-0.249432 -0.678352 0.691102
-0.855583 -0.423334 0.297938
-0.0912791 -0.285557 0.954005
0.500697 -0.71353 0.490078
-0.238058 -0.872434 0.426833
0.233192 0.432678 0.870868
-0.514321 0.35483 0.78075
-0.16913 -0.421219 0.89105
-0.373771 0.324633 0.868855
0.54118 0.360374 0.759773
0.740408 0.624035 0.249753
-0.590084 -0.793013 0.151431
-0.743887 -0.346112 0.571698
0.696736 -0.324971 0.639494
0.42028 -0.829671 0.367438
0.10087 -0.0147907 0.99479
-0.678161 0.0673348 0.731822
0.704458 -0.644072 0.298179
-0.644261 -0.708864 0.287122
-0.212644 0.308832 0.927041
0.273903 0.94865 0.158244
-0.885224 0.268292 0.379998
-0.513549 -0.523738 0.679681
-0.839513 -0.521791 0.151501
0.39222 0.392316 0.832016
0.292408 -0.587942 0.754203
-0.101856 0.432098 0.896056
-0.363967 -0.546859 0.753971
-0.426376 -0.892136 0.149321
0.127608 -0.607658 0.78388
0.585733 -0.446363 0.676518
0.20949 0.144759 0.967036
-0.702962 0.661247 0.261909
0.770597 -0.0117109 0.637215
-0.263629 0.45125 0.852569
0.558152 -0.100972 0.823572
0.674761 0.314998 0.667438
-0.39753 0.0275828 0.917174
0.937656 0.231407 0.25933
0.813596 -0.530357 0.238292
-0.608761 0.685335 0.399657
-0.571369 0.777287 0.263367
0.165958 0.866796 0.470236
0.523446 0.82603 0.208994
-0.196803 0.822883 0.533041
0.788758 0.608227 0.0890019
0.757643 -0.518139 0.396874
0.649176 0.0260161 0.760193
0.20645 0.684533 0.699137
-0.851954 -0.0334128 0.522549
0.378859 0.884158 0.273368
0.931066 -0.088811 0.353877
0.0650437 -0.98814 0.139096
-0.0405899 -0.60487 0.795289
-0.309805 -0.767436 0.561304
-0.024133 0.564 0.825422
0.684575 -0.132994 0.716707
-0.809348 0.528904 0.255374
-0.470971 0.787023 0.398473
0.7851 -0.36382 0.501251
-0.918233 -0.374319 0.12936
