-0.0790183 -0.352328 0.932535
0.240884 0.969131 0.0525396
-0.471418 0.576959 0.666995
-0.751588 0.655907 0.0700126
-0.115754 -0.992499 0.039316
-0.574018 0.768864 0.281694
-0.391245 -0.913389 0.112464
0.193076 -0.52561 0.828526
-0.248676 0.900655 0.356344
-0.164855 0.960783 0.222977
-0.242701 -0.757713 0.605778
-0.2849 -0.0749057 0.955626
-0.345203 0.912708 0.218628
-0.228471 0.104843 0.967889
0.879679 0.278504 0.385487
-0.062923 0.128169 0.989754
0.268219 0.167504 0.948684
-0.59221 -0.1255 0.795951
0.141011 -0.141926 0.979782
-0.258551 0.962442 0.0828101
-0.942804 0.114726 0.312983
-0.167966 0.85186 0.496106
0.58844 0.493301 0.640619
0.0620719 0.42859 0.901364
-0.8316 0.214411 0.512318
-0.851316 -0.390094 0.35084
-0.657706 -0.42267 0.623516
0.931992 0.124703 0.340353
-0.244604 -0.357731 0.90122
-0.747636 -0.281778 0.601366
0.104404 0.147933 0.983471
-0.331196 0.814848 0.475743
0.241654 -0.921644 0.303606
0.711304 0.662757 0.234094
0.997279 0.0714321 0.0182303
0.645098 -0.719324 0.257724
0.645661 0.655532 0.391664
0.91288 -0.0289009 0.407203
-0.96672 -0.201134 0.158103
0.256096 0.766678 0.588744
0.5576 0.627548 0.543384
0.0744003 0.995785 0.0536409
0.358092 -0.915816 0.181799
-0.0261759 -0.162766 0.986317
0.39579 -0.670702 0.627303
-0.271284 0.394797 0.877804
-0.765774 -0.411025 0.49462
0.950718 -0.133001 0.280082
-0.106395 0.421773 0.900438
0.511835 -0.552302 0.658018
-0.880567 -0.471689 0.0459569
-0.674708 -0.732572 0.0900414
-0.40352 0.70588 0.582156
0.482618 0.309175 0.819446
0.0466068 -0.995316 0.0846963
0.400296 0.915477 0.0408109
0.0139208 0.684402 0.728972
-0.762343 -0.532266 0.368139
-0.450929 -0.0932412 0.887676
0.206154 0.0135829 0.978425
-0.812874 0.406073 0.417542
-0.884538 0.0623506 0.462282
-0.326206 0.232196 0.916338
-0.234634 -0.959758 0.154312
-0.431002 0.835277 0.341394
0.111095 -0.902962 0.415112
-0.541442 -0.83586 0.0904387
0.50422 -0.83576 0.21741
-0.411243 -0.533679 0.738962
-0.982539 0.111215 0.149162
-0.356651 -0.859746 0.365564
0.637302 0.761483 0.11828
0.041438 -0.594719 0.802865
-0.533219 -0.413038 0.738293
0.687141 0.530276 0.496634
0.468514 -0.881478 0.0590953
0.244747 -0.298769 0.922408
0.337602 0.920389 0.197252
0.753001 -0.592803 0.285614
-0.645288 0.320528 0.693445
-0.644274 0.658832 0.388396
-0.0504048 0.562076 0.825548
-0.0780322 0.779322 0.621746
0.251668 0.905541 0.341555
-0.747786 0.351571 0.563218
0.609949 0.343168 0.714281
0.409498 -0.768941 0.49096
-0.907209 -0.0961814 0.409537
0.0904219 0.782916 0.615521
-0.492945 0.85494 0.161501
0.711211 0.216224 0.668899
0.266342 -0.850114 0.454279
0.452419 0.588479 0.670082
0.424926 0.462182 0.778348
0.292385 0.566121 0.770726
-0.102609 -0.502071 0.858718
0.804012 0.259566 0.534967
-0.666734 -0.546984 0.506236
-0.154083 0.670527 0.725708
-0.918945 -0.235974 0.316002
-0.376603 0.494286 0.783487
-0.507283 0.733616 0.452185
0.118001 0.563735 0.817483
-0.612137 -0.751698 0.245436
0.39158 -0.854436 0.341473
0.102747 -0.820696 0.562051
-0.115799 -0.63865 0.760734
-0.524956 0.431603 0.733581
0.326649 -0.423999 0.844704
0.970729 0.234418 0.0522766
0.00257974 0.977281 0.211931
0.795658 0.412738 0.443368
-0.383579 0.0575363 0.921714
0.727977 -0.101017 0.678119
-0.418345 -0.658387 0.625711
0.764213 0.545432 0.344212
-0.823688 -0.123434 0.553446
0.819194 0.542914 0.18484
0.366558 -0.555187 0.746594
0.181541 0.678626 0.711695
0.851192 0.52468 0.0135384
-0.0929623 0.992924 0.0738896
-0.717064 -0.137616 0.683287
-0.0463871 -0.931082 0.361848
0.613793 -0.416882 0.670424
-0.0544816 -0.856693 0.512941
0.170518 0.963652 0.205664
-0.472831 -0.846675 0.244075
0.968916 -0.209802 0.131089
0.343409 0.821442 0.455306
0.0402419 -0.00813997 0.999157
0.615875 -0.781009 0.10355
0.64127 -0.53335 0.551643
0.602445 -0.118466 0.78932
0.085491 0.932217 0.351657
0.592019 0.185813 0.784211
-0.709125 0.665505 0.232903
0.885142 -0.194505 0.422719
0.226348 0.444316 0.866805
0.918913 -0.370786 0.134597
0.755788 0.650858 0.0718963
0.742878 -0.6567 0.129912
-0.8922 0.26722 0.364104
0.055004 -0.451394 0.890628
-0.630879 0.766142 0.122548
0.659929 0.0352129 0.750502
-0.789053 -0.609034 0.0804557
0.0787603 -0.29612 0.951898
0.911139 -0.296794 0.285902
-0.947615 -0.317227 0.0373304
-0.393609 -0.39341 0.830843
0.846167 -0.452326 0.281783
-0.737359 0.186359 0.649285
-0.636629 0.468292 0.612704
-0.837481 -0.506471 0.205212
0.0840063 -0.96207 0.259546
0.203429 -0.968924 0.14072
-0.707684 0.526393 0.471268
-0.544289 -0.546782 0.636222
0.405479 -0.277298 0.87103
0.426005 0.166525 0.889263
-0.964638 -0.043814 0.259911
0.863214 0.10729 0.493306
0.648324 -0.642845 0.407954
-0.493007 -0.257218 0.831134
0.832595 -0.0713179 0.549272
-0.942377 0.265817 0.203142
-0.347736 -0.224652 0.910281
0.432738 0.844974 0.314256
0.861971 0.416927 0.288405
0.794934 -0.235367 0.55918
-0.648549 -0.658767 0.381327
-0.3172 0.632234 0.70687
-0.5445 -0.662863 0.513938
0.256352 -0.760418 0.596698
-0.217646 -0.855151 0.470475
-0.266962 -0.50442 0.821152
0.532641 -0.660359 0.529358
-0.0737452 -0.976639 0.201834
-0.165299 0.27119 0.948226
-0.796554 0.0352578 0.603538
-0.278958 -0.637433 0.718235
-0.684464 0.0214451 0.728731
0.168341 0.302927 0.938028
0.414403 0.714087 0.564224
0.843595 -0.521493 0.128037
-0.734304 -0.635732 0.237996
0.551234 -0.27908 0.786292
0.529313 -0.762272 0.372518
-0.185516 -0.211048 0.95971
-0.84487 -0.265175 0.464625
0.751442 -0.502275 0.427849
0.50052 0.850814 0.159984
-0.549523 0.0329127 0.83483
-0.0824129 0.926918 0.366102
-0.99443 -0.0476693 0.094001
-0.501544 -0.771185 0.39208
0.0026463 0.280593 0.959823
0.230277 -0.651568 0.722794
-0.477192 0.183207 0.85949
-0.379459 -0.773036 0.508356
0.976492 0.121936 0.177748
0.0778453 -0.717036 0.692676
0.583234 0.763262 0.277973
0.47643 -0.429004 0.767444
-0.127045 -0.0277595 0.991508
-0.913929 0.394016 0.0973876
0.524372 0.0351085 0.850765
-0.617897 0.171469 0.767334
0.305225 -0.14255 0.94155
0.329792 0.313304 0.890549
-0.629947 -0.275471 0.726142
0.93373 0.277797 0.22578
0.709939 0.389575 0.5867
0.903591 0.409701 0.125175
0.833347 -0.354956 0.423721
-0.874499 0.409052 0.260629
-0.829668 0.535341 0.158307
-0.244281 0.753769 0.610048
0.167405 0.860823 0.480582
-0.578947 0.609739 0.541331
0.508723 0.746804 0.42835
0.733807 -0.392435 0.554547
0.36762 0.0136522 0.929876
-0.217152 0.540627 0.812753
-0.913296 -0.356055 0.197777
-2.98372e-16 0.866025 0.5
0.773993 0.0646832 0.629882
0.318609 -0.947687 0.0194309
-0.0793094 -0.758022 0.647389
-0.208886 -0.925039 0.317285
0.988812 -0.0425836 0.142961
-0.426333 0.342416 0.837252
0.46024 -0.118079 0.879907
-0.968881 0.244593 0.0379891
-0.779509 0.538934 0.319241
0.682564 -0.263353 0.681727
