0.130539 0.14169 0.981266
0.58528 0.762134 0.276764
-0.810692 -0.21983 0.542636
-0.821788 0.0749381 0.564844
0.0513769 -0.187875 0.980848
-0.407924 0.0899903 0.90857
0.279759 0.429135 0.858824
0.449634 0.440226 0.777194
0.74683 -0.637814 0.188252
0.54331 0.300203 0.784024
0.684908 0.000585375 0.72863
0.0439452 0.662644 0.747644
0.4053 0.0196562 0.913972
-0.131638 0.968846 0.209783
-0.594678 -0.712824 0.371805
0.922538 -0.246249 0.297129
0.787915 0.268605 0.554113
0.0847183 0.940235 0.32982
-0.476576 0.722314 0.501136
-0.297758 0.588123 0.751965
0.624602 -0.746807 0.228368
0.0465472 0.285882 0.957134
-0.232213 0.713832 0.660698
0.621595 0.151679 0.768514
-0.889454 0.285551 0.356837
-0.112738 -0.990204 0.0823733
-0.489888 -0.471548 0.733248
-0.154698 -0.948116 0.277749
-0.26322 -0.95319 0.148808
-0.193479 -0.783756 0.590163
0.955698 -0.294349 0.000213232
0.527323 -0.7675 0.364519
-0.463513 0.853316 0.238764
0.983599 0.141075 0.112384
0.970605 -0.19224 0.14481
-0.497053 -0.6012 0.625696
-0.298264 -0.890143 0.344506
-0.446425 -0.81421 0.371169
0.326339 0.167739 0.930251
-0.0785846 -0.46369 0.882506
0.619346 0.55912 0.551177
-0.391743 0.665512 0.63532
0.400002 -0.86294 0.30876
-0.71899 -0.601323 0.348517
0.716007 0.421086 0.556794
0.0749297 -0.524382 0.84818
-0.696275 0.660394 0.281215
-0.00319264 -0.97771 0.209935
-0.800761 0.392057 0.45285
0.67372 0.726019 0.13783
-0.817518 0.575357 0.0250465
0.819948 -0.174927 0.545056
-0.727823 -0.360993 0.583059
0.889753 0.36435 0.274936
-0.545795 0.596079 0.588895
0.168102 0.562009 0.809869
0.553027 0.0118282 0.833079
0.198732 0.968479 0.150181
-0.0797351 0.927656 0.364824
0.48756 0.562639 0.667625
-0.988677 -0.123358 0.0854433
-0.777236 -0.0763135 0.624564
-0.871837 -0.0651311 0.485446
-0.473763 -0.322725 0.819388
-0.829867 0.234771 0.506166
-0.359711 -0.701492 0.615237
-0.234299 0.347265 0.908026
-0.227257 0.971248 0.0709315
-0.64649 0.112111 0.75464
-0.0747885 -0.0768272 0.994236
-0.187187 0.499954 0.845581
0.922554 -0.353561 0.154563
-0.484485 -0.715899 0.502755
-0.40489 -0.888994 0.2139
0.29507 -0.140126 0.945145
-0.0380779 -0.834792 0.549247
0.327031 0.841038 0.430936
0.813458 0.40176 0.420565
0.878076 0.459319 0.134198
-0.949667 -0.288737 0.121507
-0.82206 -0.470968 0.32001
0.249924 0.919568 0.303203
0.847148 -0.301768 0.437352
-0.215091 -0.536816 0.815821
-0.731169 -0.490046 0.474603
-0.238704 0.884512 0.400824
0.94406 0.304325 0.12703
-0.948799 0.315197 0.0207657
0.765215 -0.446792 0.46349
-0.352654 -0.43985 0.825934
0.958241 -0.0831522 0.273607
0.898771 -0.0786057 0.431313
0.925268 0.0767779 0.371461
-0.0317873 0.0981112 0.994668
0.772686 -0.54451 0.32629
-0.454786 0.530966 0.715014
0.81135 0.513558 0.27923
-0.39782 0.829411 0.392196
0.612122 0.67052 0.419177
0.593625 0.804652 0.0120119
0.877027 0.245789 0.412809
-0.802792 0.564281 0.192644
-0.718035 0.35933 0.596077
-0.360139 -0.579205 0.731315
-0.616166 -0.783122 0.0840245
-0.739523 -0.670233 0.0623977
-0.342772 -0.257776 0.90336
-0.191034 0.0445352 0.980573
0.480885 0.775831 0.408455
-0.950959 0.157256 0.266361
0.191652 -0.273269 0.942652
0.847178 -0.503678 0.16911
0.329651 0.55768 0.76179
0.5256 -0.567188 0.634069
-0.388982 0.289013 0.874736
0.892875 -0.450023 0.015939
-0.159594 0.827466 0.538358
-0.980243 0.170176 0.100819
0.057434 -0.373898 0.92569
0.942798 0.204744 0.263082
-0.680243 -0.700002 0.217408
-0.0677342 0.75074 0.657116
-0.95458 -0.172137 0.243198
-0.582868 -0.198053 0.78806
0.227724 -0.57007 0.789406
-0.840999 -0.540373 0.0267952
-0.456039 -0.135154 0.879637
-0.739038 0.198934 0.643622
0.276222 -0.935523 0.220224
0.480564 0.161298 0.861998
-0.326368 -0.808671 0.489423
0.0905058 -0.658466 0.747149
0.515018 -0.435217 0.738473
-0.614866 0.788168 0.0270496
0.748822 -0.324191 0.57807
-0.983607 0.0164348 0.179574
0.392974 -0.794629 0.462749
0.848479 0.115838 0.516396
0.131124 -0.943032 0.305773
-0.165941 -0.878329 0.448332
0.0327532 0.983936 0.175489
0.0851133 -0.0233822 0.996097
-0.547729 -0.802414 0.236906
0.640629 -0.444154 0.626355
-0.752573 0.536908 0.381265
0.245955 0.0193823 0.969087
0.257865 -0.880518 0.397736
-0.604659 0.772346 0.194602
-0.0732727 0.396767 0.91499
-0.824712 -0.353797 0.441223
0.107605 -0.873958 0.47394
0.164128 0.871663 0.461807
0.409047 0.866585 0.285852
-0.631737 0.641095 0.435781
-0.604436 -0.349016 0.716132
-0.61904 -0.485085 0.617642
0.360357 0.923049 0.134626
-0.345291 0.444561 0.826523
0.350849 -0.291082 0.890043
0.718008 -0.15684 0.678133
-0.720408 0.685 0.108571
-0.393817 -0.917926 0.0481631
-0.29044 0.924863 0.245506
0.656002 -0.658627 0.368607
-0.0609659 -0.73074 0.679928
-0.00457 0.534118 0.845397
0.52933 -0.679346 0.508231
-0.0639488 0.997229 0.0380099
0.115462 0.427384 0.896667
0.803418 -0.594448 0.0339268
0.389671 -0.697953 0.600848
-0.59484 0.451461 0.665092
0.708236 0.646914 0.282673
-0.494719 0.381058 0.781056
-0.21857 -0.371799 0.902216
-0.538855 0.00690634 0.84237
-0.85202 0.435789 0.290085
-0.115831 0.24094 0.963603
-0.0629233 -0.605797 0.793127
-0.705043 -0.220428 0.674037
0.596515 0.434177 0.675026
0 0.866025 0.5
-0.27412 0.186473 0.943444
0.0921044 0.78346 0.614578
0.747651 0.135916 0.650034
0.992604 -0.0271869 0.118315
-0.020536 -0.92582 0.377407
-0.941479 -0.0316983 0.335577
-0.677884 0.509258 0.530216
0.366656 -0.442806 0.818221
-0.218681 -0.668615 0.710727
0.213153 0.292695 0.932146
-0.321732 0.781348 0.534775
0.0998831 -0.774253 0.624945
-0.901053 0.108607 0.41989
0.204133 0.684547 0.699803
-0.383415 0.917584 0.105039
-0.620884 0.280548 0.731981
-0.930927 0.308764 0.195038
0.675293 0.285194 0.680179
-0.083368 -0.285785 0.954661
0.362832 0.673587 0.643921
0.292923 -0.954636 0.0535379
-0.999532 0.0280848 0.0121252
-0.519617 0.191023 0.832772
-0.894307 -0.206787 0.396805
0.563188 -0.821393 0.0901882
-0.209071 -0.173678 0.962354
0.21002 -0.428276 0.878903
0.395839 0.30703 0.865473
0.634654 -0.299323 0.712475
0.254904 0.780517 0.570805
0.451196 -0.139299 0.881486
0.79679 -0.0186536 0.603968
-0.122219 0.632808 0.764602
-0.793377 -0.577491 0.192502
0.692156 -0.719908 0.0515051
0.862855 -0.403788 0.304034
0.246411 -0.800815 0.545873
0.102909 0.994593 0.0139297
0.787162 0.601283 0.137239
0.509722 0.846795 0.152057
0.239463 -0.695549 0.677399
0.593527 -0.146442 0.791379
0.725072 0.545344 0.42056
-0.902189 -0.328117 0.279991
-0.546193 0.759989 0.352265
0.651764 -0.563423 0.507699
-0.884248 -0.440378 0.155476
-0.614285 -0.608287 0.502633
-0.324447 -0.0520353 0.944471
-0.662858 -0.0555115 0.746685
0.421686 -0.895125 0.14468
0.49803 0.675942 0.543202
0.50226 -0.286052 0.816032
0.143514 -0.981476 0.126921
0.381282 -0.579354 0.720398
-0.888305 0.446481 0.107561
