0.0363833 0.00106579 0.999337
0.630618 -0.643403 0.433997
-0.128809 0.907648 0.39948
0.757888 -0.652304 0.0102824
0.160932 0.877837 0.451113
-0.274634 0.127576 0.953048
0.478779 -0.877748 0.018155
0.0795527 0.523733 0.84816
0.304768 -0.206345 0.929806
0.294711 -0.386416 0.873973
-0.764644 -0.605573 0.220456
0.141191 -0.455967 0.878726
-0.171873 -0.557987 0.811856
0.582081 -0.0278283 0.812654
-0.122866 -0.259393 0.957924
0.956494 0.0158666 0.29132
0.39559 -0.903946 0.162452
-0.634532 0.744203 0.208643
-0.417463 -0.819112 0.393421
0.0892918 -0.725297 0.682621
0.883049 -0.172903 0.436267
0.746254 0.434145 0.504601
0.564275 0.317784 0.761976
-0.855162 -0.463758 0.231571
0.193858 0.0578929 0.97932
0.684736 0.221041 0.694462
-0.016314 -0.512623 0.858459
0.543591 -0.823186 0.163932
0.396324 0.880728 0.259317
-0.444509 0.660945 0.604618
-0.929881 0.335174 0.151588
-0.906424 0.422271 0.0091371
-0.787946 0.396184 0.471358
-0.445478 -0.889636 0.100481
-0.870936 -0.344853 0.350066
0.894717 0.361768 0.261926
-0.031313 -0.964829 0.261006
-0.359556 -0.897386 0.255768
-0.561853 0.670902 0.483954
-0.854992 0.476953 0.203727
-0.758362 0.61442 0.217656
0.0342522 -0.201894 0.978808
-0.516374 0.280738 0.809039
0.942137 0.335226 0.00124702
0.402663 -0.60447 0.687371
0.665402 0.380235 0.642387
-0.939328 -0.21472 0.267504
-0.502678 0.845433 0.180438
0.250712 -0.677421 0.691552
-0.598258 0.134595 0.789919
0.739552 0.624461 0.25122
-0.978082 0.181236 0.102515
0.478556 0.792823 0.377381
0.592221 -0.745611 0.305514
-0.351207 -0.691706 0.631028
-0.284478 0.853951 0.435706
0.189993 -0.881698 0.43187
0.626166 0.534022 0.568099
0.457697 -0.124588 0.880336
-0.147964 -0.414889 0.89776
0.907128 -0.315923 0.27805
0.894634 -0.00502242 0.446772
0.417965 -0.458478 0.784285
-3.46945e-18 0.866025 0.5
0.0380112 0.935541 0.351167
0.638598 -0.76871 0.0357353
-0.308003 0.636105 0.707464
0.324255 0.852894 0.409183
-0.682009 0.550117 0.481908
0.304156 0.315593 0.898827
0.986018 0.0877285 0.141679
0.153063 0.729997 0.666091
-0.145974 0.236282 0.960657
0.451756 0.237225 0.860024
-0.511107 -0.824853 0.241636
-0.66644 0.656997 0.352437
-0.825588 0.561015 0.0605576
-0.264529 -0.123077 0.956492
-0.860098 0.245749 0.447033
0.737547 -0.379372 0.55866
0.80427 -0.574383 0.152429
0.227123 -0.790526 0.568756
0.296962 -0.905959 0.301749
-0.355326 0.922298 0.152019
0.837962 -0.335271 0.430596
-0.471386 -0.715766 0.515242
-0.560421 0.414843 0.716821
-0.40178 0.859948 0.314741
0.875192 0.162219 0.455768
0.134412 -0.948358 0.287317
-0.602745 -0.610066 0.514312
-0.443469 0.536288 0.718143
-0.261005 -0.881949 0.392483
-0.259934 -0.800462 0.540088
-0.106534 -0.858697 0.501288
0.0189419 0.168203 0.98557
-0.688621 -0.623705 0.369855
0.536806 0.474089 0.697911
0.349122 -0.826741 0.441149
0.847731 0.324579 0.419525
0.524331 -0.634203 0.568212
0.693064 -0.698315 0.178936
0.0640554 -0.83051 0.553308
0.669829 0.729363 0.139137
0.420963 0.738755 0.526337
-0.571374 0.54998 0.609142
-0.272531 0.511247 0.815078
-0.00654437 0.329628 0.944088
0.650185 -0.523365 0.550772
0.28777 0.946174 0.148135
-0.378318 -0.00253356 0.925672
-0.647579 -0.726568 0.229653
0.431053 -0.289101 0.85476
-0.696146 -0.331959 0.63654
0.274924 0.47033 0.838574
-0.589562 -0.802604 0.0907972
0.794756 0.114448 0.59604
-0.45391 0.141034 0.879816
0.0254116 -0.911482 0.410555
-0.595114 0.802313 0.0461817
0.694452 0.0542957 0.717487
-0.0335259 0.99539 0.0898608
-0.165018 0.719284 0.674833
-0.663242 -0.0168175 0.748216
-0.131513 0.59996 0.789146
0.262761 0.790493 0.553242
-0.983103 -0.0964646 0.155576
-0.109056 -0.987577 0.113131
0.00840469 -0.362016 0.932134
-0.782358 0.514354 0.35122
-0.724215 0.123992 0.678335
-0.573364 -0.325404 0.751909
0.872996 0.48705 0.0256897
-0.48907 -0.594882 0.637907
0.861019 -0.508511 0.00796794
0.161882 0.985863 0.0432279
-0.883829 -0.194559 0.425433
-0.0676442 -0.767395 0.637596
-0.973898 0.0594637 0.219059
-0.873623 0.361765 0.325436
0.947329 -0.152221 0.281773
-0.119706 0.0723693 0.990168
-0.719057 0.691134 0.0727471
-0.593344 -0.463893 0.657834
0.619035 0.71318 0.328893
-0.101691 -0.0952729 0.990243
-0.94079 -0.0596577 0.333699
0.841845 0.505014 0.190418
0.32594 0.151949 0.933099
-0.249785 0.925882 0.28346
-0.916134 0.0977861 0.388763
0.791695 -0.220091 0.569894
0.761328 -0.485455 0.429783
0.697188 0.587886 0.410267
-0.30392 0.751931 0.585006
-0.42711 0.771496 0.471561
0.837362 -0.469405 0.280151
0.424709 0.397048 0.813619
-0.417457 -0.163424 0.89388
-0.32784 -0.574511 0.749972
0.782037 0.618012 0.0804955
0.936224 0.183027 0.299977
-0.785265 -0.486206 0.383357
-0.764935 0.272508 0.583621
0.455529 0.0536893 0.888601
-0.796552 -0.338051 0.501226
0.987622 -0.0807179 0.134489
0.326735 -0.039802 0.944278
-0.718424 -0.690888 0.0808698
-0.799733 -0.1847 0.571239
0.485674 0.615171 0.621036
0.496776 -0.745405 0.444506
0.390469 0.545577 0.741539
-0.404813 0.406773 0.818939
0.0247656 0.653953 0.75613
0.543452 0.811524 0.214681
0.175661 0.224227 0.958575
-0.651201 0.273029 0.708091
-0.157578 0.82458 0.543357
0.273268 -0.544597 0.792931
0.809785 -0.0530792 0.584321
0.149647 0.383924 0.911157
0.704048 -0.113236 0.701066
-0.0425485 -0.651498 0.757456
-0.198689 -0.947581 0.250225
-0.938162 0.215986 0.270559
0.0947131 0.975708 0.197545
0.56727 0.667078 0.48292
-0.563222 -0.167161 0.809221
-0.680663 0.422002 0.598842
0.175421 -0.109701 0.978363
0.776199 0.279188 0.565304
-0.829412 0.11348 0.54699
0.219029 0.92812 0.301031
0.581427 -0.194893 0.789911
0.324687 -0.945763 0.0105373
0.955932 0.253506 0.148081
0.316348 0.676358 0.66518
0.439369 0.893083 0.0967379
0.113513 -0.598511 0.793031
-0.3467 0.269844 0.898322
0.549377 -0.356822 0.755555
0.20342 0.606186 0.768869
-0.0902048 0.965128 0.245746
-0.906965 -0.413707 0.0791253
-0.216601 0.377071 0.900501
-0.528399 -0.00704773 0.848967
0.165218 -0.300488 0.939367
-0.45715 -0.466551 0.757195
0.678203 -0.278519 0.68005
-0.283924 -0.285439 0.915375
-0.198696 -0.68344 0.702446
0.57848 0.141548 0.803321
-0.454129 0.890731 0.0190905
-0.825048 -0.560766 0.0695516
-0.56316 -0.736215 0.375285
-0.872883 -0.0377673 0.486467
0.959779 -0.247007 0.133458
0.451118 -0.837889 0.307303
0.0722616 -0.988858 0.13015
0.736554 -0.60127 0.309777
-0.288731 -0.951331 0.107723
-0.7792 -0.0266331 0.626209
-0.306701 -0.437171 0.845468
0.382712 -0.725633 0.571829
-0.19848 0.973127 0.116746
0.807039 0.473806 0.352415
0.236599 -0.95938 0.153658
-0.702546 -0.47506 0.529855
-0.53944 0.767706 0.345879
-0.0766866 0.468882 0.879926
-0.00838551 0.769817 0.63821
-0.960867 -0.256138 0.105488
0.537984 -0.504625 0.675224
-0.43109 -0.32339 0.842366
-0.998844 0.0258068 0.040553
0.902471 -0.408347 0.137108
-0.691712 -0.175977 0.700405
0.575065 0.817517 0.0310757
