0.860449 -0.500835 0.0937628
-0.0847553 0.193071 0.977517
-0.324065 -0.28499 0.902088
0.562709 -0.641228 0.521714
0.994668 0.0220776 0.100734
-0.581406 -0.811295 0.0613747
-0.700317 0.0523071 0.711913
-3.1572e-16 0.866025 0.5
0.298554 0.527009 0.795693
-0.441177 -0.693711 0.569322
-0.792421 0.47255 0.385702
-0.992734 0.056166 0.106417
-0.838186 -0.368078 0.402446
-0.459053 0.861793 0.215829
0.843271 0.536276 0.0360814
-0.385999 0.565688 0.728699
0.804508 -0.161084 0.571681
0.41938 0.012857 0.90772
0.181729 -0.46994 0.863789
-0.0774696 -0.996977 0.00595271
0.0689625 -0.859171 0.50702
0.44957 -0.891434 0.0568505
0.751037 0.375411 0.543148
0.452246 0.867992 0.205092
