-0.320233 -0.451143 0.833019
0.945812 0.323922 0.0226579
0.999943 0.000364537 0.0106691
0.47149 0.227739 0.851958
0.453132 0.763596 0.459992
-0.987795 -0.155376 0.0108939
0.615374 0.540398 0.573834
-0.975837 0.0640698 0.208897
-0.425547 -0.675667 0.601984
0.826292 0.259639 0.499829
0.899371 0.264672 0.347965
-0.767186 -0.255565 0.588313
-0.101288 -0.220583 0.970095
0.808244 0.408972 0.423656
0.0871761 -0.231704 0.968872
0.151456 -0.377436 0.913566
0.269271 -0.631136 0.727435
0.883342 0.45663 0.105811
-0.232829 0.103735 0.966969
-0.0603048 -0.610712 0.789553
0.871848 0.410267 0.267511
-0.107424 0.684743 0.720824
0.804961 0.114106 0.582252
0.650212 -0.683012 0.332744
0.469284 -0.3714 0.801146
0.0250974 0.520705 0.853368
-0.572068 0.469249 0.672714
-0.544154 0.169382 0.821709
-0.367576 -0.296717 0.881389
0.797904 0.557118 0.23015
-0.430827 0.289803 0.854636
0.211506 -0.512405 0.83229
0.365307 0.916874 0.160914
0.728066 0.253911 0.636749
-0.917139 0.359667 0.171745
-0.819777 -0.566354 0.0848989
0.810604 -0.577169 0.0989832
-0.425852 0.702333 0.57042
0.830868 -0.310691 0.461659
0.768401 -0.579513 0.271523
0.984821 0.148053 0.0905925
-0.121352 -0.476236 0.870904
-0.524849 -0.789045 0.319283
-0.317391 0.864679 0.38935
0.353492 -0.0843614 0.931626
-0.565057 0.32434 0.758626
0.421177 -0.229023 0.877587
-0.380313 -0.874141 0.302059
-0.671471 0.616957 0.410477
-0.871498 0.359023 0.334056
0.609359 0.240051 0.755683
-0.669928 0.729694 0.136906
0.453623 -0.719938 0.525276
0.484225 0.874893 0.00936158
0.697665 -0.189238 0.690979
-0.687081 0.3516 0.635844
-0.162849 -0.0517692 0.985292
0.106245 -0.628664 0.770385
0.211184 0.594451 0.775905
-0.363779 0.902361 0.231106
-0.137334 0.553038 0.821759
0.184201 -0.0941382 0.97837
-0.980375 -0.0999139 0.169945
0.125423 0.909607 0.396086
-0.998675 0.0160251 0.0489011
0.717465 0.406458 0.565717
-0.828997 -0.502651 0.245165
-0.93869 0.220744 0.264827
-0.58598 -0.120837 0.801265
-0.127694 0.794154 0.594149
-0.904426 -0.070685 0.420735
-0.530896 -0.550891 0.643947
-0.499218 0.012068 0.866392
0.704075 -0.691206 0.162825
-0.189121 -0.709607 0.678742
0.982818 -0.161106 0.0900786
0.181545 0.30268 0.935642
0.496159 0.524387 0.691986
0.567568 -0.2085 0.796489
0.762299 -0.0383408 0.646088
-0.161064 0.877615 0.451498
0.953535 -0.158685 0.256106
0.180737 0.458118 0.870323
0.513326 -0.77134 0.376206
-0.622498 -0.760483 0.184831
-0.298699 0.559305 0.773277
0.806972 -0.178137 0.563084
0.713471 0.547793 0.4369
0.41337 -0.866618 0.279463
-0.737919 -0.640661 0.212202
0.710166 -0.558235 0.428996
0.585796 -0.615278 0.527518
0.653484 -0.474094 0.590079
-0.474226 -0.432179 0.767027
0.472381 -0.872959 0.121647
-0.671821 0.20224 0.71257
0.642737 -0.0478425 0.764592
-0.440992 0.579722 0.685163
0.41982 0.072991 0.904668
0.60505 0.395663 0.690916
0.610276 -0.347857 0.711729
-0.735119 0.628253 0.254754
-0.86789 0.228704 0.440978
-0.716162 -0.695814 0.0543633
-0.745036 -0.544515 0.38526
0.557853 0.762438 0.327854
-0.613959 -0.407686 0.675905
0.32045 0.207798 0.924192
-0.943713 0.330673 0.00778859
-0.293582 -0.772909 0.562513
0.956079 0.131057 0.262177
0.614672 -0.786757 0.0564977
0.00119471 -0.089229 0.99601
0.110722 -0.960538 0.25516
-0.713381 -0.0915937 0.694765
-0.2983 0.414558 0.859743
-0.415031 -0.792325 0.44718
0.732582 -0.325395 0.597865
-0.533391 0.827199 0.176738
0.941734 0.280555 0.185541
-0.195279 0.934815 0.296625
-0.280168 0.259787 0.92413
-0.897293 -0.350291 0.26863
-0.223559 -0.934653 0.276487
-0.820716 -0.396178 0.411665
0.983947 -0.0123703 0.178032
-0.584114 0.8115 0.016709
-0.925624 0.0880719 0.368054
0.899609 -0.309874 0.307703
0.0452717 -0.502104 0.863622
0.0895594 0.966286 0.241394
0.286502 0.856052 0.430223
-0.0352212 0.935852 0.350628
-0.334709 -0.930342 0.149777
0.0677415 -0.909557 0.410022
-0.469117 0.818211 0.332354
0.9389 -0.0154492 0.343843
0.71898 0.679654 0.14539
0.359578 -0.826033 0.434019
0.479928 0.653739 0.585059
0.523449 -0.491543 0.695979
0.0548992 0.653995 0.754504
-0.384981 -0.569338 0.726391
0.591854 0.662413 0.459258
0.229013 -0.90395 0.361148
-0.780439 0.490271 0.388007
-0.226135 -0.581278 0.781651
-0.423641 0.902845 0.0734845
-0.538786 0.714796 0.445844
-0.441845 -0.145396 0.885231
0.0270599 0.36987 0.928689
0.323257 0.368038 0.87181
-0.687651 0.497725 0.528589
-0.899631 -0.421067 0.115615
0.355903 0.508333 0.784175
-0.635861 0.0373348 0.7709
-0.130994 -0.817523 0.5608
0.304588 -0.738124 0.601997
-0.61079 0.7349 0.294716
0.512757 0.838518 0.184303
-0.268605 0.690447 0.671666
0.337705 -0.940145 0.0456401
-0.445213 -0.895357 0.0110302
-0.334426 -0.0284862 0.941991
0.159651 -0.982561 0.0953187
0.034223 0.771473 0.635341
-0.263712 -0.181453 0.947381
0.938276 -0.314643 0.143659
-0.00803269 -0.994044 0.108687
-0.780988 0.218439 0.5851
0.564695 0.0908523 0.820284
-0.753604 0.0669664 0.653908
-0.647363 -0.677254 0.34964
-0.861221 -0.236967 0.449605
-0.837197 0.496482 0.229361
-0.51858 -0.275165 0.809543
-0.48539 -0.857541 0.170354
-0.955064 -0.263186 0.136329
0.262943 -0.236868 0.935283
0.0501468 0.995882 0.0755239
-0.135797 0.405764 0.903834
-0.654779 -0.248541 0.713787
-0.116163 0.248589 0.961618
0.375352 -0.508895 0.774685
0.687688 0.656287 0.310439
0.81785 -0.446653 0.362799
-0.238026 0.961724 0.135761
-0.785995 0.363819 0.499847
-0.100511 -0.902645 0.418485
-0.591677 -0.805776 0.0253728
-0.208472 -0.339509 0.917209
-0.444601 0.440365 0.780005
-0.975498 0.194748 0.102353
-0.067253 0.0868487 0.993949
0.893068 0.119641 0.433724
-0.286852 0.792278 0.538527
-0.853191 0.0614561 0.517965
-0.876878 0.477232 0.0577492
0.313887 -0.38316 0.868713
0.414811 0.85143 0.320935
-0.542928 -0.68798 0.481574
0.0971433 0.0494016 0.994044
-0.8199 -0.0972373 0.564188
-0.64514 -0.559585 0.520249
0.894629 -0.445378 0.0357436
-0.264907 -0.865712 0.424696
-0.0152315 -0.360638 0.932581
-0.0710143 0.978912 0.191543
-0.111771 0.993323 0.0285717
0.160779 0.826984 0.538746
0.199886 -0.835206 0.512325
0.0471558 0.209489 0.976673
-0.0221448 -0.732973 0.679897
0.423083 -0.621878 0.658991
-0.390351 0.13283 0.911034
0.616462 0.784887 0.0626585
0.577349 -0.786042 0.220921
0.192109 0.720839 0.665947
0.320996 0.760334 0.564672
0.248357 0.926721 0.281969
0.696131 0.102718 0.710528
0.895514 -0.162321 0.414374
0.471323 0.38575 0.793128
0.866863 -0.455906 0.201738
-0.175363 -0.977091 0.120588
0.209773 0.969954 0.123226
0.143953 -0.743608 0.652935
0.505203 -0.0655299 0.860509
-0.56099 0.601518 0.568741
0.860188 -0.0274823 0.509237
0.280402 -0.937912 0.204195
-0.725468 -0.414279 0.549609
-0.933367 -0.1896 0.30476
0.262855 0.0542368 0.96331
0.807418 0.588994 0.0340892
0.0370361 -0.83052 0.555757
-2.77556e-15 0.866025 0.5
0.343787 0.643404 0.683989
-0.0574849 -0.96207 0.266676
-0.784199 0.613326 0.0941401
