0.157668 0.294182 0.942655
0.472132 0.871472 0.13277
-0.736785 -0.260285 0.624019
-0.7928 0.0297733 0.608755
0.131258 -0.0403175 0.990528
0.190322 -0.973548 0.126419
-0.369071 0.153585 0.916623
0.253373 0.580798 0.773612
0.414919 0.605543 0.679087
0.846401 -0.487605 0.214118
0.529622 0.483284 0.697092
0.713375 0.203239 0.670664
-0.0216137 0.759034 0.650692
0.444282 0.206128 0.871852
-0.270839 0.958215 0.0920351
-0.455329 -0.734644 0.502964
0.963958 -0.0630314 0.258479
0.763836 0.456755 0.455992
-0.0467137 0.978948 0.198692
-0.557184 0.706044 0.43709
-0.346706 0.635965 0.689452
0.745038 -0.606899 0.276751
0.0509593 0.419561 0.906296
-0.306534 0.756123 0.5782
0.629316 0.34732 0.69522
-0.903407 0.197112 0.380791
0.0484 -0.974873 0.21744
-0.37098 -0.432725 0.821659
0.0105994 -0.912794 0.408283
-0.102355 -0.951745 0.289318
0.588386 -0.80628 0.0609484
-0.0371415 -0.71429 0.698864
0.659439 -0.622715 0.42115
-0.578521 0.799869 0.159758
0.953807 0.299661 0.0213501
0.994955 -0.0241389 0.0973731
-0.533252 -0.843147 0.0688892
-0.363319 -0.575653 0.732545
-0.136604 -0.868073 0.477272
-0.293247 -0.812009 0.504627
0.344031 0.341666 0.87459
0.0412145 -0.343305 0.938319
0.55187 0.715798 0.427871
-0.457615 0.681621 0.570948
0.54593 -0.742789 0.387588
-0.596632 -0.647141 0.474593
0.669143 0.595761 0.444202
0.200347 -0.384715 0.90103
-0.775613 0.582319 0.243576
0.161129 -0.928696 0.334009
-0.827633 0.327872 0.455547
-0.895205 0.445541 0.0100315
0.864516 0.0259631 0.501934
-0.093071 -0.987798 0.124872
-0.63081 -0.380605 0.676179
0.834707 0.5269 0.160129
-0.60108 0.584339 0.545208
0.119862 0.687547 0.716179
0.586989 0.209164 0.782109
0.0519398 0.998609 0.00909252
-0.205109 0.947085 0.246903
0.427414 0.715837 0.552172
-0.951282 -0.255634 0.172378
-0.722027 -0.103434 0.68409
-0.824332 -0.125814 0.551949
-0.373927 -0.272666 0.886472
-0.828893 0.176939 0.530688
-0.212682 -0.654927 0.725146
-0.238211 0.431184 0.87025
-0.615849 0.118501 0.778901
-0.00988998 0.0515523 0.998621
-0.218948 0.579022 0.785363
0.973373 -0.187875 0.131332
-0.339344 -0.703146 0.624845
-0.248752 -0.900881 0.35572
0.362251 0.0376425 0.93132
0.121995 -0.746878 0.653674
0.213095 0.931794 0.293856
0.761184 0.572406 0.304877
0.800961 0.598641 0.00953973
-0.884992 -0.406776 0.226544
-0.720214 -0.538748 0.437083
0.118074 0.979534 0.163011
0.905621 -0.109134 0.409805
-0.84469 -0.523469 0.111709
-0.0854221 -0.44441 0.891742
-0.619523 -0.522505 0.585816
-0.353249 0.886245 0.299642
0.889972 0.455674 0.0176474
-0.984103 0.17073 0.0489227
0.848921 -0.259668 0.460332
-0.235774 -0.368472 0.899243
0.972366 0.0987018 0.211573
0.921221 0.1162 0.37128
-0.66674 -0.744201 0.040269
0.919865 0.263977 0.290111
0.00510668 0.229285 0.973346
0.864464 -0.373267 0.336711
-0.494536 0.551576 0.671713
0.734206 0.661961 0.150829
-0.501985 0.807487 0.309801
0.520395 0.805499 0.283479
-0.922149 -0.381498 0.0640361
0.847936 0.428041 0.312705
-0.870209 0.460122 0.176137
-0.733447 0.327963 0.595395
-0.226232 -0.519155 0.824195
-0.480496 -0.846573 0.228994
-0.620988 -0.757339 0.202018
-0.250546 -0.177989 0.951602
-0.144282 0.151243 0.97791
0.373888 0.887656 0.268839
-0.948662 0.0498179 0.312344
0.281007 -0.108416 0.953562
0.923335 -0.344031 0.170575
0.277363 0.70061 0.657431
0.640374 -0.389453 0.662003
-0.383367 0.346579 0.856103
0.952005 -0.305954 0.00884452
-0.259111 0.861198 0.437262
-0.988197 0.0351668 0.149094
0.163532 -0.229215 0.959541
0.911436 0.376847 0.16514
-0.549776 -0.756196 0.354844
-0.150292 0.81617 0.557924
-0.901782 -0.27646 0.332204
-0.502718 -0.171125 0.847344
0.355142 -0.41493 0.83768
-0.74329 -0.650179 0.157437
-0.382724 -0.0780185 0.920563
-0.726527 0.174387 0.66464
0.430621 -0.844503 0.318404
0.493588 0.348777 0.796696
-0.169546 -0.772373 0.612123
0.231472 -0.527704 0.817282
0.614682 -0.247324 0.748997
-0.247749 -0.968504 0.0249303
0.819499 -0.126165 0.559021
-0.9633 -0.104948 0.247063
0.536312 -0.65559 0.531575
0.84556 0.310927 0.433995
0.293155 -0.861521 0.414539
-0.00254276 -0.822474 0.568797
-0.112862 0.992627 0.0442071
0.139528 0.127867 0.981928
-0.402006 -0.834108 0.377696
0.734124 -0.252985 0.630128
-0.806556 0.466928 0.362554
0.290044 0.18986 0.937991
0.413143 -0.768751 0.488195
-0.707329 0.69352 0.136805
-0.0867998 0.504513 0.85903
-0.734888 -0.407604 0.542032
0.267891 -0.774055 0.573649
0.0492374 0.941891 0.332291
0.282414 0.948858 0.141107
-0.70088 0.594433 0.39423
-0.504062 -0.332116 0.797258
-0.502259 -0.481174 0.718475
-0.367184 0.498681 0.785171
0.438065 -0.109533 0.892245
0.768078 0.0470024 0.638629
-0.812272 0.57889 0.0714191
-0.241932 -0.95055 0.194739
-0.418697 0.89654 0.144597
0.769487 -0.496451 0.401778
0.089914 -0.630268 0.771153
0.0499893 -0.998092 0.036237
-0.0442099 0.639544 0.767482
0.655083 -0.516171 0.551755
0.0935834 0.559954 0.823221
0.887367 -0.458148 0.0517806
0.525091 -0.542268 0.655916
-0.622798 0.446025 0.642794
0.611774 0.777717 0.144532
-0.506968 0.408026 0.759275
-0.11023 -0.271366 0.956143
-0.488623 0.0436252 0.871404
-0.89353 0.340516 0.292666
-0.101801 0.352359 0.930311
0.0742888 -0.492522 0.867124
-0.625646 -0.226973 0.746358
0.555404 0.607245 0.568137
-0.109759 0.917315 0.382736
-0.250422 0.272746 0.928923
-5.55112e-17 0.866025 0.5
0.749936 0.334159 0.570906
0.989385 0.137064 0.0482724
0.144615 -0.857236 0.494199
-0.906071 -0.124194 0.404489
-0.383793 -0.916834 0.11008
-0.720794 0.471592 0.507993
0.473707 -0.265709 0.839643
-0.0737703 -0.588568 0.805075
0.212904 0.447487 0.868578
-0.411974 0.791487 0.451471
0.252509 -0.656633 0.710684
-0.883811 0.030878 0.466824
0.130442 0.797615 0.588894
-0.516573 0.856138 0.0133864
-0.618193 0.284084 0.732894
-0.956384 0.19125 0.220802
0.656732 0.473771 0.586724
0.0123568 -0.159812 0.98707
0.285766 0.80268 0.523492
0.441402 -0.883855 0.154808
-0.98956 -0.119124 0.0811174
-0.499024 0.225428 0.836754
-0.828897 -0.280143 0.4842
0.688964 -0.708205 0.15419
-0.128799 -0.0676257 0.989362
0.320109 -0.266308 0.909181
0.387354 0.479383 0.787495
0.710006 -0.100116 0.697043
0.158741 0.881228 0.44524
0.512782 0.0527901 0.856894
0.820239 0.183714 0.541717
-0.17993 0.707517 0.683407
-0.681866 -0.656478 0.322639
0.798227 -0.595064 0.0934516
0.930163 -0.225185 0.28998
0.397067 -0.671866 0.625247
0.689191 0.724579 0.000846049
0.377835 0.925864 0.00401399
0.380561 -0.551585 0.742245
0.64958 0.0544188 0.758343
0.651495 0.699883 0.292778
-0.82373 -0.416313 0.384905
-0.639511 0.711959 0.290067
0.757626 -0.384571 0.52736
-0.79492 -0.54084 0.274943
-0.484242 -0.617052 0.620287
-0.262598 0.0318834 0.964378
-0.606119 -0.0491598 0.793854
0.563812 -0.793839 0.227893
0.413486 0.811079 0.41374
0.33206 -0.942385 0.0405841
0.582749 -0.0924052 0.807382
0.302082 -0.922127 0.241719
0.504448 -0.410806 0.759454
-0.940506 0.32029 0.113417
