-0.183492 0.0758024 0.980094
-0.578182 -0.704553 0.411473
0.770915 0.36875 0.519339
-0.480502 -0.876852 0.0157677
0.789208 0.0871055 0.607917
-0.113997 0.399927 0.90943
0.356578 0.132139 0.924874
-0.316936 -0.237638 0.918194
-0.481361 -0.273684 0.8327
-0.774669 0.632364 0.00179943
-0.579283 -0.139661 0.803073
-0.726001 0.133907 0.674531
-0.0683816 -0.480143 0.874521
-0.457264 0.168274 0.873266
0.147098 -0.891231 0.429034
-0.82277 -0.564178 0.0689406
0.551096 0.801785 0.231157
-0.94505 0.2681 0.187091
-0.81085 -0.170339 0.559917
-0.0766377 -0.845486 0.528469
0.467158 -0.571828 0.674371
0.270189 -0.3925 0.879171
-0.658194 0.752513 0.0224405
-0.094103 -0.0665444 0.993336
0.213748 -0.538014 0.815385
-0.660787 -0.00171539 0.750572
-0.716349 -0.689695 0.105663
0.874968 -0.16167 0.456393
0.432384 0.643222 0.631909
0.110747 0.991757 0.0644392
0.135944 0.903076 0.407399
-0.569674 0.807092 0.155157
0.473236 -0.758548 0.447942
-0.983997 -0.152885 0.0915203
-0.982556 0.179497 0.0486305
0.442072 0.745759 0.498414
0.251782 0.956136 0.149696
0.400265 0.89426 0.200219
-0.375143 0.0309572 0.92645
0.0134632 0.651931 0.758159
0.507013 -0.839255 0.196442
-0.634072 -0.446959 0.631015
0.373025 -0.490041 0.787853
-0.442124 0.892838 0.0858245
0.679726 0.693127 0.239889
-0.734845 -0.315268 0.600507
-0.139473 0.697033 0.703344
0.697448 -0.55158 0.457522
0.783932 -0.247607 0.569335
-0.659361 -0.704065 0.263696
0.830942 -0.52098 0.195231
-0.855101 0.258255 0.449563
0.681782 0.511832 0.522686
-0.893394 -0.330142 0.304717
0.527456 -0.426433 0.73481
-0.198818 -0.373364 0.90613
-0.600178 0.151731 0.785343
-0.179099 -0.917822 0.354296
0.612886 -0.786556 0.0755023
0.0850576 -0.818629 0.567989
-0.509268 -0.418935 0.751757
0.978019 0.180028 0.10521
0.736891 0.245904 0.6297
0.839742 0.207845 0.501631
-0.620733 -0.784013 0.00373131
0.415562 0.516864 0.748438
0.805316 -0.0813224 0.587242
0.302734 0.835424 0.458715
0.190788 -0.125699 0.97355
0.250695 -0.920637 0.299298
0.604269 0.0860619 0.792119
0.0143265 0.29998 0.953838
0.151837 -0.29029 0.944816
-0.939838 0.340763 0.0241985
0.433398 0.82948 0.352319
0.365845 0.930247 0.028255
-0.353706 0.335393 0.873157
-0.0182116 0.937224 0.348252
-0.327209 -0.736299 0.592283
-0.423732 -0.888904 0.174072
-0.824688 -0.330898 0.458689
-0.870776 -0.453583 0.189767
0.932206 0.347529 0.101073
0.359675 -0.917333 0.170687
0.788009 0.564067 0.24672
-0.240534 -0.838125 0.489582
-0.879617 0.3566 0.31482
0.151462 0.713886 0.683686
0.687728 0.613425 0.388253
0.240339 -0.76201 0.601313
-0.94068 -0.306965 0.144545
0.954676 -0.263157 0.139074
-0.803575 0.507054 0.31171
0.290944 0.627391 0.72231
-0.97459 0.102539 0.199149
-0.924329 0.135791 0.356618
-0.942783 -0.029993 0.332054
-0.0235536 0.127936 0.991503
-0.805839 0.571264 0.155825
0.42739 -0.338609 0.838261
-0.811098 -0.471255 0.346466
0.398028 -0.703709 0.58853
-0.615934 -0.584632 0.528045
-0.569814 -0.805439 0.163032
-0.892177 -0.183359 0.412796
0.806136 -0.473366 0.355062
0.692069 -0.187159 0.697146
0.299914 0.742278 0.599229
0.28182 0.466962 0.838167
0.134629 0.183536 0.97375
-0.481307 -0.684168 0.547958
0.93792 -0.0543986 0.342559
-0.254211 0.468768 0.845951
-0.86981 0.493317 0.00833303
-0.35734 -0.386555 0.850226
-0.577914 0.672294 0.462642
0.345405 -0.0700209 0.935838
0.151714 -0.679001 0.71829
0.977186 -0.102747 0.185878
-0.122194 0.568517 0.813546
-0.950246 -0.179545 0.25455
0.645869 0.758343 0.0881362
0.742972 -0.655862 0.133555
0.462296 -0.885792 0.0406765
0.0508945 -0.581547 0.811919
0.933369 0.26136 0.245993
0.529868 0.392957 0.751548
-0.289829 0.722092 0.628158
0.399776 0.346922 0.848425
0.830754 -0.555828 0.0300372
0.705614 -0.0194687 0.708329
-0.525239 0.0156191 0.850811
0.273715 0.910323 0.31047
0.309415 -0.950872 0.0102127
-0.152988 0.804403 0.574048
-0.56964 0.56753 0.594492
0.634753 -0.736145 0.234904
-0.790369 0.413927 0.451644
-0.321546 -0.94544 0.0524571
0.9715 0.0647047 0.228037
-0.442133 0.860998 0.251398
0.905392 -0.415641 0.086652
-0.873496 -0.0324892 0.485747
-0.175958 0.981268 0.0784356
0.114018 0.96236 0.246703
-0.0145044 -0.920372 0.390774
-0.1438 0.241747 0.959625
0.509539 0.856964 0.07735
-0.688693 0.546005 0.477054
0.744214 -0.40665 0.529888
-0.301486 0.187429 0.934867
-0.305996 0.935697 0.175605
0.614322 -0.683733 0.393851
0.0311282 -0.178999 0.983357
0.78696 0.477142 0.39119
-0.160317 0.952532 0.258808
-0.16557 -0.752504 0.637436
-0.399836 -0.796969 0.452738
0.62346 -0.500925 0.600309
0.55123 0.524798 0.648639
0.567625 0.635915 0.522891
-0.340784 -0.883726 0.320773
0.309117 -0.234075 0.921768
-0.41051 0.467793 0.782721
-0.76063 0.274573 0.588261
0.732327 -0.613108 0.296304
0.302204 -0.833864 0.461892
-0.695173 0.696667 0.177173
1.38778e-16 0.866025 0.5
-0.0293941 -0.33114 0.943124
-0.577525 0.753259 0.314747
0.0904077 -0.960033 0.264882
-0.155251 -0.220698 0.962907
-0.444112 0.797831 0.407713
0.567766 -0.266552 0.77884
-0.704551 -0.5961 0.385062
0.459049 -0.17622 0.870759
0.154655 0.572622 0.8051
0.488698 0.203669 0.848347
0.845854 -0.324436 0.423405
0.0662536 -0.0146293 0.997696
-0.0010496 0.769714 0.638388
0.657797 0.394322 0.641727
-0.622136 -0.296676 0.724521
-0.00418572 -0.731708 0.681605
0.22381 0.0404443 0.973793
-0.105174 -0.629511 0.769841
-0.780109 -0.0180314 0.625383
-0.998191 0.011932 0.0589283
-0.0283076 0.986766 0.159661
0.918957 0.144686 0.366856
0.660183 -0.349537 0.664818
-0.426472 0.598856 0.677859
0.157376 0.818913 0.551918
-0.258698 -0.0856373 0.962155
0.989075 -0.145572 0.0232334
0.312384 -0.628196 0.712591
-0.158552 0.889481 0.428586
0.877746 0.0252113 0.478462
-0.224801 -0.518771 0.824828
0.402977 -0.854312 0.328269
0.584908 -0.0840902 0.806729
0.926475 -0.218703 0.306288
-0.705352 -0.153687 0.691996
0.0191618 0.49499 0.868687
-0.380214 -0.52713 0.759981
0.99751 0.0166149 0.0685401
0.475381 0.0214268 0.879519
0.863249 0.326926 0.384603
0.147388 0.392721 0.90777
-0.273294 0.604726 0.748076
-0.436686 -0.122031 0.891299
0.0370303 -0.99341 0.108468
-0.683576 0.424442 0.593778
-0.265155 -0.643141 0.718375
-0.505758 0.313924 0.80353
-0.830919 0.12018 0.543259
0.0955768 -0.44044 0.89268
0.763757 0.638142 0.0972105
-0.890449 0.425528 0.161327
-0.300917 0.891638 0.338275
-0.074765 -0.969732 0.232442
-0.13533 -0.987871 0.0761369
-0.776131 -0.587404 0.229296
-0.493053 -0.811737 0.31302
-0.298626 0.818788 0.490315
-0.642728 0.294879 0.707069
-0.732341 -0.467082 0.495491
0.874432 0.419319 0.244008
0.546413 -0.638896 0.541521
-0.905592 -0.423251 0.0276058
-0.696318 0.635194 0.334171
0.86056 0.500093 0.09666
0.566039 0.730012 0.382992
0.267078 0.275026 0.923596
0.616223 0.248201 0.747439
-0.509173 -0.557501 0.655695
-0.557131 0.440114 0.704206
0.202416 -0.969356 0.139201
-0.241858 -0.949266 0.200996
-0.439298 0.709381 0.551177
0.893034 -0.37412 0.250051
