-0.0883809 0.332205 0.939057
-0.0562004 -0.998289 0.0161629
0.499517 -0.498105 0.708784
0.851019 -0.504635 0.145295
-0.0800743 0.994879 0.0616737
0.676858 -0.655403 0.335128
0.196147 0.966807 0.163742
-0.375953 0.454306 0.80763
0.376518 -0.848266 0.372397
0.32023 -0.91898 0.230061
0.0287159 0.770948 0.63625
0.16293 0.0978921 0.981769
0.487564 -0.837726 0.24596
0.140771 -0.089552 0.985984
-0.846278 -0.450679 0.28408
-0.0186775 -0.144263 0.989363
-0.330058 -0.243916 0.911903
0.470099 0.210256 0.857204
-0.268077 0.0828216 0.959831
0.426793 -0.898693 0.100983
0.908998 0.0551633 0.413135
0.273702 -0.819825 0.502966
-0.548072 -0.614555 0.567396
-0.0741655 -0.459987 0.884823
0.798389 -0.0697126 0.598093
0.719623 0.53236 0.445797
0.495669 0.519575 0.695956
-0.921845 -0.308158 0.235031
0.0755129 0.369617 0.926111
0.553369 -0.832862 0.0111317
0.612597 0.398862 0.682374
-0.177568 -0.19495 0.964606
0.428123 -0.752161 0.500963
0.452539 0.891531 0.0195173
-0.443329 0.85 0.284533
-0.592822 -0.791582 0.148191
-0.79375 0.576896 0.192746
-0.546762 -0.776961 0.312063
-0.939485 -0.15582 0.305105
0.888573 0.374472 0.26497
-0.166186 -0.818814 0.549478
-0.482155 -0.737566 0.472783
0.111249 -0.993168 0.0352136
-0.543007 0.826102 0.150661
-0.109555 0.134532 0.984835
-0.58018 0.564759 0.586889
0.96497 0.259717 0.0371512
0.247255 -0.363381 0.898231
0.616969 0.532417 0.579553
-0.982809 -0.0568563 0.175653
0.0890632 -0.421574 0.90241
-0.674151 0.425759 0.603532
0.764829 0.62729 0.146779
0.509597 0.843316 0.170673
0.46674 -0.63484 0.615737
-0.49871 -0.419369 0.758563
-0.24387 0.965712 0.0890358
0.0397195 -0.696777 0.716187
0.603897 0.654659 0.454675
0.328662 0.149204 0.932588
-0.301917 -0.0820498 0.949797
0.826596 -0.258484 0.499925
0.826398 0.0910502 0.555676
0.265844 -0.194608 0.944169
0.030047 0.981583 0.188658
0.982292 -0.185019 0.0294979
0.0934769 0.995074 0.03302
0.543608 -0.74933 0.378148
-0.324116 0.85281 0.409467
0.359825 0.919628 0.157514
-0.674155 0.718934 0.169261
0.221798 0.578652 0.784836
0.964405 0.0710969 0.254691
0.145873 0.899896 0.410985
-0.489577 -0.871033 0.040191
-0.238395 0.551459 0.799413
0.363882 0.483189 0.796315
-0.622169 -0.665015 0.41311
-0.631293 0.775374 0.0162711
-0.393122 0.21903 0.893018
-0.175154 -0.973063 0.1499
-0.877929 0.431542 0.207391
0.617619 -0.214475 0.756668
0.713223 -0.537435 0.449974
0.0690252 -0.567547 0.820442
0.158854 -0.769379 0.618726
0.990624 0.10189 0.0910055
-0.10934 -0.946735 0.302883
0.737316 -0.221682 0.638139
-0.605417 -0.473475 0.639759
-0.597865 0.662789 0.450853
0.823921 0.252555 0.507317
-0.00422072 -0.804406 0.594065
0.6268 -0.751476 0.205928
-0.723622 -0.366519 0.584838
-0.469717 0.770527 0.430876
-0.400307 -0.683302 0.610616
-0.40894 -0.55746 0.7225
-0.258989 -0.634327 0.728391
-0.0860634 0.485899 0.869767
-0.79181 -0.422427 0.441126
0.4932 0.646896 0.581617
0.201399 -0.651451 0.731471
0.818642 0.394854 0.417031
0.378941 -0.438348 0.815018
0.587015 -0.638572 0.497634
-0.0941766 -0.60061 0.793976
0.428481 0.845566 0.318469
-0.580867 0.754662 0.305088
-0.315822 0.769127 0.555607
0.794424 -0.606898 0.0237723
-0.088841 0.625453 0.775187
0.517075 -0.347379 0.782279
-0.488693 0.328934 0.808073
0.161116 -0.966336 0.200591
-0.744833 -0.568417 0.349465
0.288031 -0.0125209 0.957539
-0.80134 -0.0585297 0.595339
0.216949 0.705875 0.674295
-0.678419 -0.68973 0.253024
0.722022 0.259193 0.641485
-0.715736 -0.692725 0.0886251
-0.542257 0.453211 0.707501
-0.123158 -0.722112 0.680725
0.271917 -0.959495 0.0736871
0.601548 0.249084 0.75901
-0.170138 0.911671 0.374045
-0.749199 0.273262 0.603348
-0.16403 0.835545 0.524365
-0.00472962 -0.984358 0.176116
0.274582 0.912637 0.302818
-0.99946 0.0196714 0.0263389
-0.226897 -0.884916 0.406744
-0.146306 -0.0301478 0.98878
-0.760693 0.647665 0.0433225
0.935651 -0.343231 0.0821587
-0.785646 0.386059 0.483444
-0.693878 -0.021187 0.719781
0.909899 0.414829 0.000600283
0.0568642 -0.94197 0.330846
-0.625249 -0.31777 0.712802
0.794205 -0.527029 0.302454
-0.945569 0.0114919 0.325219
-0.227862 -0.505271 0.832334
-0.981666 0.187004 0.036909
-0.863774 0.500936 0.05438
0.883235 -0.105619 0.456882
-0.233622 0.405524 0.883726
0.748639 -0.637165 0.183197
-0.716636 -0.181675 0.67337
0.645726 0.743846 0.172426
-0.233723 0.246753 0.940471
-0.975967 0.111202 0.187408
0.860579 0.488537 0.143999
0.221585 0.434826 0.872827
-0.941722 0.276231 0.191982
0.686609 -0.0640937 0.724196
0.645816 -0.358689 0.673991
0.699344 0.648458 0.300701
-0.292504 0.920691 0.2584
-0.397824 0.908588 0.127291
0.741157 -0.398031 0.540609
0.360007 0.619687 0.697412
-0.54049 0.169287 0.824144
-0.477976 -0.27082 0.835581
0.905736 0.216529 0.36436
-0.874177 -0.282805 0.394761
-0.798202 0.496616 0.340948
0.344491 0.31982 0.882633
-0.884195 -0.103423 0.455524
0.948934 -0.0898774 0.302402
0.200545 0.258101 0.945074
-0.294715 -0.920506 0.256536
-0.7924 -0.580263 0.18814
-0.879707 0.0644 0.471135
0.467362 0.757031 0.456593
0.355307 -0.582598 0.730983
0.351028 0.737421 0.577052
-0.45793 0.679998 0.572628
-6.93889e-18 0.866025 0.5
0.595861 0.802772 0.0225271
0.0778679 0.520273 0.850443
-0.701442 0.531857 0.474454
-0.135214 0.966435 0.21845
0.112849 -0.264133 0.957862
0.720455 0.0967731 0.686716
0.0751245 0.656253 0.750792
0.595206 0.0854158 0.79902
-0.205675 -0.357741 0.910889
0.681771 -0.72999 0.0479883
-0.328121 -0.796218 0.508306
-0.936144 0.349318 0.0401405
0.570577 0.754936 0.323286
-0.674145 0.146209 0.723983
-0.701034 0.637327 0.319948
0.0395853 0.212717 0.976312
0.725096 0.405038 0.556938
-0.874194 0.338616 0.34803
-0.343475 -0.934271 0.0957209
0.277498 0.96059 0.0161889
0.454483 0.0455272 0.889591
0.21821 -0.905624 0.363635
0.951595 0.230994 0.202755
0.301349 0.839405 0.452314
-0.0505041 -0.305313 0.950912
-0.425074 0.574191 0.699726
0.409888 -0.116374 0.904682
0.169564 0.814697 0.554542
-0.94864 -0.308838 0.0685682
-0.285578 0.668056 0.68713
-0.453326 -0.867494 0.204817
-0.627679 0.308034 0.714936
0.0140445 0.0208164 0.999685
0.956732 -0.217843 0.192892
-0.594933 -0.159139 0.787864
0.554714 -0.0755615 0.828603
-0.424438 0.0537113 0.903863
-0.356268 -0.396847 0.845923
0.485757 0.366712 0.793449
-0.882308 -0.455267 0.119431
-0.680709 -0.533938 0.501543
-0.817165 -0.576006 0.021416
-0.92566 0.178715 0.333488
0.903876 -0.245015 0.350678
0.894958 -0.374292 0.242807
0.317489 -0.712661 0.625551
-0.0502845 -0.891239 0.450738
0.623973 -0.506211 0.595323
-0.399608 -0.841922 0.362603
-0.849451 0.23023 0.474792
-0.454374 -0.111008 0.883867
0.229043 -0.514731 0.826191
0.802755 0.515288 0.300105
0.112047 -0.865447 0.48831
-0.809623 -0.228373 0.5407
-0.13521 0.739241 0.659728
-0.00567969 0.937671 0.347478
-0.988305 -0.148588 0.0342897
0.392898 -0.281551 0.87542
-0.564571 0.00241313 0.825381
0.988198 -0.0590035 0.141363
0.829697 -0.392179 0.397239
-0.788294 0.109263 0.60552
