-0.812222 -0.264346 0.520016
0.0853658 0.172111 0.981372
0.108168 -0.122775 0.986522
-0.797376 0.0646841 0.600006
-0.13206 0.990677 0.0334516
0.784414 -0.509621 0.353526
-0.416751 -0.190431 0.88885
-0.78359 -0.53829 0.31021
-0.829654 -0.543595 0.127196
-0.910478 -0.407897 0.0681866
-0.521994 -0.75031 0.405657
0.827327 0.442146 0.346463
-0.951244 -0.142005 0.273805
0.0324028 -0.983605 0.177401
0.782982 -0.388338 0.485934
0.0216849 0.67669 0.735948
-0.200807 -0.975459 0.0903119
0.00600608 -0.766007 0.642804
-0.313884 -0.668213 0.674513
-0.724044 -0.402301 0.56028
-0.272949 -0.783395 0.558383
-0.965411 -0.260633 0.00716179
0.332586 -0.304472 0.892571
-0.0992034 0.97515 0.198096
-0.293083 0.390283 0.872801
-0.21572 0.910478 0.352838
-0.0487777 0.934101 0.353662
-0.409529 0.710052 0.572811
0.210978 -0.8641 0.456967
0.616571 0.650952 0.442834
0.85687 -0.239683 0.456428
0.396878 0.771003 0.498039
0.911505 0.354165 0.209108
-0.221235 0.532298 0.817138
-0.167673 0.84842 0.502065
-0.0842937 0.773583 0.628064
-0.896508 -0.288909 0.335865
-0.669712 0.353701 0.652978
0.425561 -0.853887 0.299625
-0.156511 -0.728283 0.667165
0.131531 0.57209 0.809576
-0.749042 0.414223 0.517065
0.307107 -0.67199 0.673881
-0.26494 0.944308 0.195163
0.214538 -0.42418 0.879798
0.569865 -0.553094 0.607734
0.0660934 0.969633 0.235465
-0.0141073 0.305091 0.952219
0.836646 0.205948 0.507551
-0.0299657 -0.649779 0.759533
-0.660062 -0.661265 0.356436
-0.985719 -0.128067 0.109349
0.567587 -0.762626 0.310235
-0.123043 -0.963092 0.239403
-0.757457 -0.652557 0.0206903
0.557016 0.13705 0.819116
0.751243 -0.270346 0.602119
0.0175776 0.0188187 0.999668
0.746259 0.64393 0.168679
0.185083 0.0272085 0.982346
-0.352341 0.23165 0.906749
0.175475 -0.273939 0.945603
-0.312633 0.629588 0.711252
-0.499549 -0.450027 0.74022
0.199391 -0.966511 0.161552
-0.144288 -0.187413 0.971626
-0.714195 -0.0439207 0.698567
-0.465644 -0.595045 0.655055
-0.148753 0.660863 0.735617
0.760365 -0.621483 0.188688
0.852974 -0.481228 0.202126
1.38778e-17 0.866025 0.5
-0.921657 0.0154952 0.387696
-0.48401 0.761754 0.430657
0.486364 0.295705 0.822197
0.361137 -0.919039 0.157947
0.23376 0.448885 0.862473
0.551689 0.41552 0.723175
-0.53949 0.43791 0.719156
0.0560368 0.446523 0.893016
-0.0529284 -0.920663 0.386754
0.384883 0.910861 0.148985
0.62879 -0.291121 0.721022
-0.448054 0.343967 0.825187
0.500447 0.656017 0.564973
-0.722865 -0.218626 0.655491
0.84269 0.537795 0.0254901
0.925336 -0.329663 0.187284
-0.191255 -0.602976 0.774494
0.0497962 -0.860889 0.506349
0.626246 0.264635 0.733338
0.432114 -0.563053 0.704449
0.88718 0.285349 0.362612
0.600347 0.524302 0.603897
0.049174 -0.411397 0.910129
-0.386877 0.494027 0.778629
0.245925 0.782306 0.572293
0.960462 -0.00183742 0.278406
0.35405 0.676101 0.64617
-0.493027 0.153573 0.856353
-0.615744 -0.159691 0.771595
0.42656 -0.164518 0.889371
-0.867987 0.150525 0.473223
-0.727912 -0.655178 0.202203
-0.881068 0.471508 0.0374119
-0.381324 -0.384213 0.840817
-0.214335 -0.882963 0.417657
0.572311 -0.15627 0.805009
-0.779966 0.255857 0.571131
0.195147 0.685099 0.701824
0.584988 -0.659128 0.472588
0.192123 0.97405 0.119645
0.512389 -0.844577 0.155395
-0.37187 -0.823757 0.427946
0.840951 0.506239 0.191109
0.410121 0.165211 0.896943
-0.24472 0.114584 0.962799
-0.807718 0.462877 0.365152
0.46058 0.554217 0.693332
-0.388723 0.0377124 0.920582
0.821266 -0.56911 0.040443
0.690856 -0.529404 0.492392
0.998301 -0.0559147 0.0164095
0.00893579 -0.257568 0.966219
0.905817 -0.0836591 0.415328
-0.944589 -0.278064 0.174447
-0.250496 0.750517 0.611535
0.742542 0.180288 0.64508
0.444099 -0.895926 0.00967011
-0.697242 0.559255 0.448428
-0.938868 0.328032 0.104511
0.24282 0.930446 0.274425
0.461577 -0.769627 0.441159
0.515287 0.769143 0.37802
0.497809 -0.0133239 0.867184
0.683726 0.379041 0.623575
0.393836 0.864976 0.310981
-0.691029 0.721559 0.0428059
0.668666 -0.416707 0.615825
-0.420098 0.894722 0.151624
-0.330127 0.820588 0.466531
0.95206 0.192967 0.237373
-0.0455834 -0.998549 0.0286616
-0.812477 -0.101241 0.574135
0.0839063 0.780938 0.618947
0.253816 -0.560327 0.788423
-0.890653 -0.144444 0.43113
0.685332 -0.645136 0.337815
-0.564379 0.818188 0.109744
0.32624 -0.774757 0.541589
-0.602858 -0.50409 0.61843
0.156489 0.317827 0.935146
-0.524862 0.806148 0.273212
0.815589 -0.118664 0.566333
-0.359471 -0.92565 0.11812
0.146316 -0.673459 0.7246
-0.192975 0.273733 0.942248
0.789138 0.367022 0.492499
-0.123925 0.42119 0.898466
-0.355695 -0.533726 0.767214
-0.932377 0.170605 0.318695
0.456221 -0.674595 0.58033
0.115348 0.914792 0.387105
0.102526 -0.940314 0.324496
-0.556902 0.643064 0.525671
0.989257 0.0697297 0.128482
0.031814 0.996851 0.0726379
0.741479 0.585941 0.326928
-0.579101 -0.633563 0.513069
0.122261 -0.992401 0.0138722
-0.706885 -0.537018 0.460353
0.641543 0.713836 0.280822
-0.782945 0.608778 0.128013
-0.0721645 -0.514408 0.854504
-0.232193 -0.461342 0.8563
-0.584556 0.263677 0.767313
-0.291578 -0.0965455 0.951662
0.375705 -0.446283 0.812205
-0.629548 -0.354377 0.691438
-0.627687 0.505261 0.592217
-0.0822215 0.153887 0.984662
0.311143 0.950359 0.00259248
0.928481 -0.210166 0.306191
-0.283568 -0.92057 0.26859
-0.518542 -0.293838 0.802978
-0.438736 -0.855064 0.276363
0.968178 -0.245718 0.0474764
0.920083 0.389198 0.0444041
-0.375041 0.872711 0.312601
0.647692 -0.744259 0.163012
0.756272 0.0124846 0.654138
0.347152 0.0142079 0.937701
0.270926 0.863015 0.426384
0.0898377 -0.55308 0.82827
-0.904818 0.329546 0.269637
-0.472041 0.58166 0.662457
-0.811422 -0.410232 0.416299
0.701881 -0.1409 0.69822
-0.112502 -0.832643 0.542262
0.977556 -0.127719 0.167546
-0.623388 0.68889 0.369888
0.272722 -0.136369 0.952379
-0.586256 -0.770243 0.251056
0.74166 0.670772 0.00228514
0.267973 -0.913484 0.306165
-0.124988 -0.35239 0.927469
0.484468 -0.306585 0.819327
-0.701722 0.168465 0.692247
-0.64709 -0.756547 0.0944032
0.636281 -0.00392222 0.771447
-0.276359 -0.278521 0.919811
0.251105 0.179199 0.951228
0.970139 0.230955 0.074099
-0.614405 0.0594961 0.786745
-0.848555 0.311667 0.427572
-0.8767 -0.420918 0.232862
0.588352 -0.808552 0.00924287
0.640312 0.760426 0.108411
0.715695 -0.698235 0.0157513
-0.510501 -0.850912 0.123847
-0.973642 0.0185164 0.227331
-0.431351 -0.718563 0.54553
0.30025 0.56949 0.7652
-0.660539 0.721221 0.208633
0.866818 -0.362986 0.34186
0.513077 0.856654 0.0538206
0.91498 0.120572 0.385064
0.527516 0.821078 0.218077
0.904884 -0.422909 0.0483042
-0.744182 0.600817 0.291911
-0.997587 0.0330427 0.061066
0.711389 0.515859 0.477299
0.331352 0.314112 0.889685
0.853826 0.0386181 0.519124
0.16777 -0.783339 0.598526
0.401843 0.440315 0.802898
-0.0533735 0.557417 0.828515
-0.513282 -0.0560567 0.856387
-0.146223 -0.0197197 0.989055
-0.97302 0.170848 0.155059
-0.296703 0.954502 0.0298886
0.287259 -0.957785 0.0114235
-0.855111 0.476652 0.20393
0.538586 -0.433562 0.72246
