0.78367 -0.229635 0.577174
0.185259 -0.841607 0.507323
-0.324045 -0.192246 0.926302
0.534772 -0.400259 0.744185
-0.524644 -0.38941 0.757039
0.856815 -0.471873 0.207854
-0.670106 0.576797 0.467187
-0.107583 0.562175 0.819991
-0.389892 0.46924 0.792337
-0.607603 0.184641 0.772481
-0.404934 -0.914196 0.0165672
-0.544106 0.0428183 0.837923
0.789327 0.572863 0.220885
-0.369453 -0.739685 0.562468
0.117521 -0.760449 0.638675
0.0241685 -0.879582 0.475132
-0.465593 0.210821 0.859522
0.903808 -0.325718 0.27756
-0.271679 -0.0359383 0.961717
0.228388 -0.504144 0.832873
-0.396493 0.0675904 0.915546
-0.0304444 0.942652 0.332385
0.845347 0.531336 0.0554137
0.0643971 -0.543086 0.837204
-0.731154 0.180827 0.657811
-0.933385 -0.357402 0.0325022
-0.209533 -0.791956 0.5735
-0.969933 0.230715 0.0774622
-0.27652 0.906192 0.319925
-0.252101 0.144203 0.956896
0.591718 0.123424 0.79664
0.113063 -0.398981 0.909962
0.217409 0.448828 0.866768
-0.648765 0.324759 0.688212
0.607305 0.441753 0.660329
-0.693866 -0.669206 0.265918
-0.805781 -0.544271 0.233423
0.177819 -0.965541 0.190032
0.241888 0.964112 0.109444
0.923031 0.383205 0.0341806
-0.903089 -0.139708 0.406094
-0.897189 -0.397639 0.192187
0.505594 -0.739409 0.444577
-0.486357 -0.246677 0.838217
0.393692 0.866999 0.305482
-0.83464 0.523607 0.170916
-0.915262 0.381187 0.130355
0.642327 -0.666931 0.377648
-0.672182 0.455173 0.583943
0.355944 0.352732 0.865381
0.230757 0.264813 0.936283
-0.540365 -0.524767 0.657743
0.41054 -0.841881 0.350276
-0.915206 0.14996 0.374045
-0.259314 -0.592867 0.762407
0.708351 0.171403 0.684733
0.0912316 -0.938782 0.332212
-0.336222 -0.926301 0.170062
-0.0753722 -0.948354 0.308129
-0.281535 0.8113 0.512377
0.541404 0.784648 0.302007
-0.153856 0.963428 0.219396
-0.782736 0.621411 0.0342389
0.639374 -0.47571 0.60407
0.185005 0.719121 0.669804
0.582811 -0.616128 0.529828
0.605519 0.293107 0.739888
-0.512158 0.353535 0.782757
0.574956 -0.80879 0.123634
0.793274 -0.0637058 0.605523
0.855503 -0.283291 0.433429
0.123236 0.91081 0.394002
-0.613794 -0.671603 0.414978
-0.145322 -0.699888 0.699313
-0.855591 -0.512104 0.0755855
0.700041 0.591845 0.399577
0.808167 0.470844 0.353797
0.554864 -0.780281 0.288595
-0.657301 -0.405389 0.635307
-0.532461 0.794248 0.29267
-0.413736 0.598157 0.686317
-0.927023 0.271928 0.258232
-0.835449 0.16782 0.523318
0.279604 0.858687 0.42951
-0.748519 -0.26639 0.607253
-0.40302 0.824957 0.396259
-0.0353234 0.994007 0.103451
0.28105 -0.719541 0.635036
-0.882644 0.0150561 0.4698
-0.347725 0.330022 0.877595
-0.957349 -0.243917 0.154877
-0.988656 -0.148979 0.019101
-0.985619 -0.0557171 0.159534
0.863877 -0.50357 0.0115566
0.115326 -0.992682 0.0358035
0.889508 0.327372 0.318753
-0.855713 0.300492 0.421259
0.106935 0.994182 0.0129463
-0.763798 0.557737 0.324871
-0.54119 0.487784 0.684968
0.694485 -0.717979 0.0468576
0.0532328 0.0410293 0.997739
-0.971817 0.118839 0.203592
0.875013 -0.119655 0.469079
0.865128 0.0459001 0.499447
0.933806 -0.164708 0.317613
0.991319 0.0835455 0.101521
-0.0767252 0.419563 0.904478
0.571248 -0.240705 0.784689
-0.649862 0.681471 0.336566
0.0158877 -0.672189 0.740209
-0.592283 -0.113666 0.797672
-0.754871 -0.646664 0.109519
-0.172316 0.985026 0.00556865
-0.634097 -0.7609 0.137667
-0.94876 -0.00473025 0.315963
-0.0438277 -0.795434 0.604454
-0.166027 -0.971723 0.1679
-0.489559 -0.856482 0.16362
0.622642 0.772127 0.12703
-0.451799 -0.0892256 0.887646
0.429704 0.7841 0.447818
0.281623 -0.957807 0.0573922
-0.632058 -0.262481 0.729113
0.715593 0.470853 0.51597
0.744006 0.66267 0.0855738
0.935671 0.00154202 0.352871
-0.838337 -0.283566 0.465598
0.758588 -0.38758 0.523761
0.974442 0.224398 0.0103939
0.336522 -0.916051 0.218183
0.335551 0.64506 0.686516
0.0495726 0.653421 0.75537
0.486085 0.407375 0.773154
0.481448 0.242541 0.842248
0.312337 0.761993 0.567284
0.483363 0.860137 0.162863
-0.718035 -0.120208 0.685547
-0.0879236 0.17428 0.980763
-0.0779045 -0.996613 0.0263251
0.32684 -0.0164995 0.944935
-0.241529 -0.919743 0.309413
-0.263849 0.589971 0.763098
0.208911 0.100755 0.97273
-0.99671 0.067457 0.0449322
-0.563558 -0.773387 0.2903
0.99358 -0.1059 0.0398092
-0.389834 -0.487777 0.781091
-0.153512 0.887849 0.433772
-0.235355 0.454367 0.859161
0.69404 -0.160094 0.70191
-0.152885 -0.154727 0.976056
0.67496 0.688984 0.264065
-0.245569 -0.969188 0.019256
0.388165 0.920821 0.0376302
-0.410483 0.884991 0.219761
0.173788 -0.0768831 0.981777
-0.528012 0.723041 0.445438
0.427634 -0.294789 0.854534
0.819064 -0.436255 0.372579
-0.40986 0.7157 0.565499
0.534732 0.845017 0.00298432
0.0821857 0.367621 0.926337
-0.474639 -0.7661 0.433369
-0.406618 -0.859255 0.31039
0.088118 0.972355 0.216242
0.666345 -0.323652 0.67174
0.978498 -0.0532364 0.199269
-1.94289e-16 0.866025 0.5
-0.754575 -0.425999 0.499141
-0.774125 0.445216 0.450014
0.438009 -0.680534 0.587386
0.760663 -0.576227 0.298921
0.711036 -0.53474 0.456597
0.682351 -0.699014 0.213955
-0.0509367 -0.436361 0.898329
-0.875115 0.483907 0.00281918
0.945246 0.2806 0.166654
0.480093 0.549981 0.683397
-0.289996 0.949357 0.120927
0.129177 -0.239503 0.962264
-0.425266 0.904544 0.0308028
-0.217183 -0.461927 0.859916
0.894628 0.183919 0.407204
0.438288 -0.130162 0.88936
-0.191839 0.300063 0.93443
0.924781 -0.368996 0.0928517
-0.907977 -0.279597 0.312095
0.720952 0.327181 0.610885
0.571227 0.692767 0.440198
-0.14225 -0.882536 0.448213
0.956413 0.138674 0.256991
-0.645549 -0.551184 0.528642
0.27477 -0.353997 0.893973
0.0117762 -0.985601 0.168679
-0.677325 0.0358181 0.734812
-0.0996988 -0.573455 0.813148
0.24072 0.930897 0.274743
0.472607 0.0384561 0.880434
-0.305859 -0.841961 0.444468
0.0514547 0.517001 0.854437
-0.66781 0.741818 0.0611193
0.788408 -0.602194 0.125602
0.346848 -0.794206 0.498932
0.962349 -0.219261 0.160649
-0.354635 -0.347634 0.867977
0.692999 0.00743731 0.7209
-0.73481 -0.557893 0.385758
0.458106 0.677558 0.575374
0.592999 0.5774 0.561214
0.0280695 0.770893 0.636346
-0.54142 0.830899 0.128338
-0.0391091 -0.279615 0.959315
0.810064 0.196152 0.552558
0.0775136 0.206377 0.975398
0.501702 -0.547767 0.669512
-0.552694 -0.833336 0.00900149
-0.12986 0.800417 0.585208
-0.108888 0.692559 0.713096
0.181446 -0.64079 0.745966
0.20492 0.592358 0.779179
0.880528 0.434679 0.189011
0.251768 -0.897243 0.362722
0.28906 -0.191839 0.937892
0.577822 -0.074579 0.812748
-0.76437 0.315683 0.562213
0.814191 0.342454 0.468848
0.34924 -0.594056 0.724657
-0.514818 -0.65474 0.553423
-0.823193 -0.124972 0.553837
-0.543775 0.613504 0.572645
-0.83401 -0.426187 0.350418
0.352008 0.509381 0.785252
-0.202405 -0.308963 0.929287
-0.856576 0.418943 0.301272
-0.791296 0.0305302 0.61067
0.436239 -0.895928 0.083721
0.385799 -0.450473 0.805129
-0.731003 0.655055 0.191147
-0.112039 0.00790658 0.993672
0.35904 0.156602 0.92009
0.158248 0.825503 0.541759
-0.263289 0.713941 0.64882
-0.401418 -0.618631 0.675395
0.011766 -0.122313 0.992422
