0.74155 -0.314263 0.592742
0.683188 0.67708 0.273527
0.0895874 0.970686 0.223033
-0.285713 -0.701763 0.652608
0.359866 0.927184 0.104052
-0.256936 -0.475719 0.841235
0.655319 -0.608278 0.447832
-0.732561 0.366731 0.573465
0.280574 -0.495202 0.822225
0.798856 0.0271065 0.600911
0.876632 0.13022 0.463206
0.941485 0.0430102 0.334299
0.990404 -0.128918 0.0498061
0.565891 0.194846 0.801126
0.898083 -0.292727 0.328265
0.110058 0.646474 0.754956
-0.775783 0.19452 0.600269
-0.269399 -0.951813 0.146547
0.977503 0.206745 0.0417543
0.349849 0.635237 0.688534
0.0154701 0.194075 0.980865
0.302561 0.0217542 0.952882
0.67327 -0.212209 0.70829
0.303582 0.189277 0.933816
0.979585 -0.0453515 0.195847
-0.24984 0.9565 0.150625
-0.425862 -0.225822 0.876154
-0.614246 0.740192 0.273528
0.0616656 -0.895122 0.441536
0.171141 -0.985189 0.0105974
-0.133118 0.431264 0.892352
-0.868252 0.117912 0.481909
-0.0230554 -0.951409 0.307065
-0.164762 -0.986322 0.00470586
0.859928 -0.205312 0.467302
0.471597 -0.827775 0.303949
-0.315047 0.571531 0.757692
0.869816 0.390602 0.301415
0.161971 0.110613 0.980577
-0.370396 -0.889827 0.266487
0.936319 0.30656 0.17125
0.561743 -0.81121 0.162429
-0.298152 0.178465 0.937686
-0.288256 -0.15655 0.94467
0.658398 0.742989 0.120328
-0.398121 0.913588 0.0828015
-0.561883 0.193209 0.804337
-0.207576 -0.809544 0.549136
-0.935901 -0.255725 0.242268
0.00935204 0.0266241 0.999602
-0.749332 0.661529 0.0296859
0.692657 0.122942 0.710712
0.957987 -0.212538 0.192583
0.323373 0.781442 0.533646
-0.470503 0.531053 0.704705
0.246102 0.555083 0.794555
0.844587 0.294944 0.446857
-0.707822 -0.460683 0.535499
-0.786214 0.0271053 0.617359
-0.196363 -0.613368 0.764997
-0.164671 0.870372 0.464043
-0.638754 0.761778 0.108114
-0.35703 -0.567875 0.741652
0.140934 -0.810018 0.569217
-0.288385 -0.319806 0.902529
0.0670372 -0.983823 0.166128
0.432519 -0.229175 0.872013
-0.0518953 0.684353 0.727302
0.00156185 -0.480123 0.8772
0.576462 -0.564898 0.590409
0.440135 -0.0594655 0.89596
-0.101477 -0.981737 0.160919
-0.660602 0.545082 0.516227
-0.777292 0.453545 0.436021
0.821719 -0.473547 0.317067
0.59175 0.583931 0.555749
0.410019 0.875287 0.256432
0.92144 0.387764 0.0242368
-0.667785 -0.600261 0.440171
-0.216261 0.690518 0.690229
-0.457099 -0.803106 0.382205
0.456975 0.684498 0.568011
-0.734656 -0.61516 0.28611
0.319028 -0.899369 0.298925
-0.289922 -0.863675 0.412324
0.144794 0.451302 0.880546
-0.684898 -0.0591856 0.726231
0.228285 -0.869571 0.437872
-0.699387 -0.714617 0.0134255
0.623117 -0.408614 0.666904
-0.871376 0.365504 0.327277
0.154724 -0.0577423 0.986269
0.837642 0.546194 0.00535365
0.0137416 0.359187 0.933164
0.788093 0.542566 0.290741
0.522587 0.841755 0.135467
-0.782172 -0.488501 0.386749
-0.443741 0.108333 0.889583
-0.900161 0.435556 0.000572698
-0.973265 -0.215929 0.0782988
-0.77988 -0.613587 0.123688
-0.135671 -0.225414 0.96477
0.150884 -0.940091 0.305719
-0.978998 0.0706936 0.191221
-0.575412 -0.815034 0.0679701
0.299783 -0.755184 0.582948
0.0330762 0.997244 0.0664136
0.488568 -0.496898 0.717212
0.689421 0.591229 0.418507
-0.540891 -0.306749 0.783162
0.730968 -0.614262 0.297267
0.784466 0.194664 0.588828
0.288738 -0.310568 0.905637
0.28907 0.364182 0.88533
-0.668657 -0.226056 0.708376
0.609978 -0.731451 0.304806
-0.43288 -0.89472 0.109961
-0.534117 0.358898 0.765448
-0.375386 0.672997 0.637308
0.429451 0.274163 0.860469
-0.584189 -0.565311 0.582363
0.0473756 -0.728522 0.683382
0.636786 -0.770888 0.0153559
-0.665503 -0.724791 0.178279
0.207786 -0.680359 0.702807
-0.70268 0.609922 0.366382
-0.662921 0.274778 0.696443
-0.960019 0.279188 0.020434
-0.13358 -0.385816 0.912854
-0.935815 0.0365558 0.35059
0.93302 -0.127975 0.336299
-0.324007 0.851523 0.412224
0.0031804 -0.999935 0.0109143
-0.0477982 0.934248 0.353407
-0.510423 0.839857 0.184686
-0.864465 -0.342551 0.367913
-0.532997 0.846085 0.00743514
-0.274564 0.783008 0.558133
0.498195 -0.866907 0.0165255
-0.389648 0.431128 0.81382
0.253113 0.93592 0.244924
-0.632539 -0.39035 0.66897
-0.838603 -0.494756 0.22795
-0.682949 0.109363 0.722233
-0.997834 -0.0542712 0.0371694
0.21441 0.728315 0.650835
0.703632 -0.470625 0.532366
0.198588 0.975899 0.0904661
-0.286308 0.0115133 0.958068
0.812119 -0.370873 0.450462
-0.610033 0.454447 0.649105
-0.275347 0.340947 0.898855
0.563521 -0.140208 0.814117
-0.372044 -0.766732 0.523169
-0.868867 -0.0503624 0.492477
0.489888 0.541486 0.683229
0.562911 0.700994 0.437881
-0.151084 0.109225 0.982468
-0.0270654 -0.823961 0.566
-0.915513 -0.380471 0.130682
-0.112125 -0.892237 0.437425
0.432957 0.804039 0.407515
0.303124 -0.146476 0.941627
0.817022 -0.552114 0.166268
-0.425652 0.273762 0.862482
-0.132366 0.990597 0.0345835
0.00863445 0.542197 0.840207
0.333947 -0.942378 0.020078
-0.993053 0.114065 0.0288949
0.581794 0.0274015 0.812875
0.0533621 0.774062 0.630857
0.697897 -0.0455352 0.714749
0.00973583 -0.143742 0.989567
0.771686 0.619982 0.141858
0.155106 -0.224598 0.962028
0.384786 -0.807511 0.447063
0.131789 -0.573347 0.808644
-0.428578 -0.059163 0.901566
0.550233 -0.304355 0.777568
0.414983 -0.89559 0.160336
-0.120769 -0.731352 0.671222
0.922347 0.221817 0.316343
-0.91634 0.203927 0.344579
-0.477915 0.807031 0.34684
0.388981 0.465562 0.794951
0.412444 -0.39014 0.823214
0.526406 0.372871 0.76411
0.99819 0.0394512 0.0453864
-0.902991 0.396858 0.164655
-0.735227 0.647218 0.20137
-0.525392 0.625797 0.57649
-0.8499 -0.217434 0.479993
-0.503865 -0.491019 0.710648
-0.135769 -0.058558 0.989008
0.771062 -0.636165 0.0275172
0.238444 -0.957434 0.162678
0.78465 -0.140878 0.60372
-0.778051 -0.141223 0.612122
0.15966 0.275989 0.947807
-0.953934 0.237255 0.18363
-0.407922 -0.404139 0.818701
0.658858 0.287398 0.695204
-0.153098 0.573812 0.80455
0.019608 -0.323648 0.945974
-0.559705 -0.142472 0.816353
0.974076 0.123302 0.189664
-0.0764613 0.978182 0.193168
0.528207 -0.718984 0.451729
0.742962 0.356545 0.566465
-0.751454 -0.305465 0.584814
0.154604 -0.412425 0.897777
-0.442183 -0.64798 0.620158
0.446122 -0.671852 0.591261
0.691895 -0.704045 0.160005
0.882056 -0.0381792 0.469595
-0.429551 0.752688 0.498946
-0.573407 0.696612 0.431203
2.22045e-16 0.866025 0.5
0.622044 0.444054 0.644885
0.899779 -0.39188 0.191905
0.447891 0.108749 0.88745
-0.525545 -0.819373 0.228976
-0.833064 0.541442 0.113332
0.164782 0.837335 0.521265
0.117757 0.917271 0.380455
-0.211031 0.926377 0.311916
-0.836066 0.282991 0.470011
-0.975217 -0.0977138 0.198506
-0.810723 0.515023 0.278351
0.552017 0.781689 0.290239
-0.366935 0.894622 0.254972
0.9497 -0.308443 0.0541565
0.865282 0.476301 0.156282
-0.863659 -0.503326 0.0275014
-0.532757 -0.69326 0.485346
-0.925202 -0.131633 0.355912
-0.130373 0.273918 0.952876
-0.607908 -0.71911 0.336643
-0.192059 -0.935833 0.295515
0.356198 -0.601315 0.715223
-0.029073 -0.61823 0.785459
0.781364 0.450528 0.431851
0.88516 -0.463564 0.0399964
-0.112099 0.790078 0.60267
0.279428 0.873238 0.399219
-0.572774 0.025622 0.819313
