0.209331 -0.891801 0.401088
0.0107446 0.69178 0.722028
0.800128 0.55478 0.228065
-0.134851 0.00841697 0.99083
-0.593639 0.291099 0.750236
-0.207741 -0.825687 0.524485
0.727978 0.442418 0.523751
0.0242412 0.0572973 0.998063
-0.315112 0.931224 0.1831
0.873739 -0.0290334 0.485528
-0.831658 0.292154 0.472219
0.698342 -0.23748 0.675219
0.294902 0.319541 0.900515
-0.333025 0.819596 0.466216
0.241984 -0.55953 0.792698
-0.961139 -0.275064 0.0235041
-0.00972271 -0.10575 0.994345
-0.818889 0.132975 0.558336
-0.981558 0.167577 0.0919932
0.740603 0.183943 0.646276
-0.156516 0.961998 0.223747
0.506584 0.634621 0.583634
-0.943213 0.0129556 0.331936
-0.769776 0.566651 0.293856
-0.814938 0.434053 0.384024
0.14981 -0.0516518 0.987365
0.283106 0.775899 0.563766
0.604417 0.503978 0.616998
0.928464 0.0714848 0.364478
-0.229441 -0.897809 0.375894
0.752637 0.533222 0.38628
-0.668239 -0.68561 0.288783
0.56094 -0.826778 0.0422386
-0.898094 0.151357 0.412938
-0.210186 -0.602711 0.76978
-0.949987 -0.144174 0.277016
-0.897329 0.304384 0.31961
0.504611 0.855565 0.115654
-0.694348 -0.167823 0.699797
-0.033975 0.330852 0.943071
-0.985069 0.0208957 0.170887
0.160113 -0.983616 0.0828479
0.688852 -0.0775141 0.720745
0.805913 -0.501595 0.314495
0.861611 -0.341259 0.375724
0.885387 -0.184451 0.426693
0.437114 0.754665 0.489297
0.765764 -0.443772 0.46548
-0.902397 -0.425812 0.0660544
-0.605489 0.788257 0.109704
-0.498918 0.192176 0.845073
-0.591098 -0.286849 0.753871
0.378799 -0.598423 0.705975
0.0955049 -0.508388 0.855816
0.951671 -0.289482 0.102575
-0.809524 -0.320852 0.491656
0.150863 0.163068 0.975012
-0.393537 0.505758 0.767683
-0.195265 -0.312286 0.929704
0.635081 -0.536312 0.555914
0.890764 0.231562 0.391047
-0.61964 0.518478 0.589259
0.0962488 -0.358517 0.928548
-0.66955 -0.00877878 0.742715
-0.0474316 -0.700245 0.712326
-0.801177 -0.175261 0.572188
0.906594 0.421759 0.0143499
-0.451692 0.35005 0.820633
0.698824 -0.585965 0.410232
-0.693318 0.689125 0.210753
0.0771918 -0.863451 0.498492
0.879837 0.409148 0.241836
-0.939855 -0.284896 0.188435
-0.470873 -0.669416 0.574596
0.457624 0.536503 0.709044
0.225971 -0.806176 0.546825
0.173319 -0.214489 0.961226
0.501231 -0.626752 0.596615
0.312144 -0.940332 0.13543
0.243834 -0.415462 0.87632
-0.329117 0.640492 0.693868
-0.743055 0.271352 0.611749
-0.398712 0.0781777 0.913738
0.0801219 0.930686 0.356937
0.694363 -0.388762 0.605578
0.385263 0.922575 0.0206927
-0.71893 -0.456907 0.523809
0.801157 -0.291385 0.522726
0.724503 -0.640408 0.254899
-0.0538579 -0.572014 0.818474
-0.723834 0.688373 0.0469844
0.99946 -0.0111755 0.0309161
-0.782191 -0.569764 0.252085
-0.586715 -0.792128 0.168224
0.384653 -0.460875 0.799773
0.336686 -0.894629 0.293736
0.95217 0.184658 0.243462
0.826532 0.55928 0.0636439
0.796952 -0.604043 0.000290408
0.418771 -0.908018 0.0115824
0.727577 0.672562 0.135246
-0.40498 0.861933 0.305062
-0.0538463 -0.808571 0.585929
-0.0775284 -0.892633 0.444068
-0.581383 -0.677716 0.450216
0.457269 0.826693 0.327847
-0.190395 0.979772 0.0616104
0.0331507 -0.981094 0.190673
-0.349649 -0.512732 0.784124
-0.256228 0.757545 0.600394
-0.0727889 0.579151 0.811964
0.796068 0.290548 0.530903
0.109806 0.973868 0.198805
0 0.866025 0.5
-0.0975934 -0.952111 0.289758
0.302332 -0.110085 0.946824
-0.476733 -0.405095 0.780143
-0.887882 -0.162164 0.430545
0.132357 0.324134 0.936707
-0.783353 -0.0170896 0.621341
-0.953188 0.160902 0.256013
0.581738 -0.195933 0.789425
-0.140094 0.445107 0.884451
-0.346082 0.938001 0.0195559
-0.573941 -0.129887 0.808531
-0.632275 -0.774693 0.00893728
0.947373 -0.0843851 0.30881
0.492976 -0.733056 0.468618
0.981057 0.0290287 0.19153
0.522688 0.126048 0.843154
-0.437667 -0.0881175 0.894809
0.275729 0.0538587 0.959725
-0.550741 0.790813 0.267019
-0.894299 0.443176 0.0618415
0.355188 -0.823128 0.443059
0.198108 0.459723 0.865684
0.706061 -0.700941 0.100796
-0.701995 0.55549 0.445684
-0.156933 -0.97816 0.136291
0.682437 0.340046 0.647031
-0.682505 0.154855 0.714287
-0.80845 -0.447012 0.38287
0.032653 0.470663 0.881709
0.565632 -0.0337626 0.823966
0.242187 -0.690568 0.681514
-0.737944 0.41683 0.530746
0.425495 0.00568435 0.904943
-0.0334005 0.99271 0.115806
-0.413138 0.713194 0.566278
0.460195 -0.871627 0.168782
0.0934938 0.785419 0.611863
-0.300564 0.405776 0.863138
0.891555 -0.3981 0.215975
-0.290119 -0.930357 0.224201
-0.87553 -0.00457945 0.483143
0.798034 -0.137598 0.586693
-0.462198 -0.247136 0.851644
-0.0826827 0.782031 0.61773
-0.210334 -0.463254 0.860904
-0.246807 0.128009 0.960573
-0.319974 -0.201908 0.925662
0.200159 0.689272 0.696305
-0.0890981 0.178041 0.979981
0.6905 0.659488 0.297129
-0.347659 -0.935156 0.0679386
0.116401 0.589028 0.799685
-0.367008 -0.780341 0.506333
0.655315 0.0858447 0.750461
-0.346036 -0.644303 0.682007
-0.29015 -0.0408637 0.956108
-0.167839 -0.153974 0.973716
0.377868 0.175337 0.909105
-0.49753 -0.866356 0.0434979
0.845765 0.13216 0.516929
0.165486 0.860599 0.481648
-0.598866 -0.562903 0.569649
-0.341866 -0.361238 0.867545
0.985553 0.150523 0.0776408
0.588464 -0.350816 0.72845
0.460753 -0.315692 0.829485
0.780296 0.0235617 0.624966
0.831078 0.386858 0.399562
-0.48054 -0.546104 0.686187
-0.818344 -0.567721 0.0894794
-0.0528466 -0.428013 0.902226
0.108648 0.993664 0.0287825
0.0569889 -0.935198 0.349508
0.980271 -0.131624 0.147461
0.373693 0.904293 0.206417
0.608296 -0.712272 0.350207
-0.167147 0.677553 0.716229
0.604155 0.244178 0.758534
0.636184 0.600215 0.484781
-0.169672 0.852525 0.49438
-0.236614 0.551408 0.799977
-0.484152 0.768628 0.418101
-0.540758 0.0309888 0.840607
0.943641 0.304981 0.128565
-0.535471 -0.779018 0.326192
0.933888 -0.243614 0.261735
0.250413 0.961838 0.110279
0.479897 -0.815195 0.324278
-0.249656 0.903337 0.34879
0.0961098 -0.761426 0.641087
-0.558517 0.652734 0.511857
-0.539327 0.444626 0.715146
-0.984142 -0.135743 0.114184
-0.631774 0.683595 0.365458
-0.202706 -0.725612 0.65757
-0.196829 0.29668 0.934473
-0.481004 0.586978 0.651223
-0.936293 0.31372 0.157911
0.284497 0.567556 0.77262
-0.601023 -0.431873 0.672501
0.23543 0.925429 0.296907
0.447482 -0.157598 0.880297
-0.864995 0.448127 0.225758
0.368761 -0.726812 0.579448
0.548923 0.399456 0.734247
-0.0256764 -0.999027 0.0358513
0.631448 0.774128 0.0447163
-0.387838 -0.850013 0.356454
0.586875 0.774591 0.23577
0.319782 0.849792 0.419037
0.569412 0.72208 0.392899
0.320595 -0.270965 0.907633
0.187107 -0.950865 0.24667
-0.707271 -0.576802 0.408739
0.378019 0.436792 0.816281
0.896701 -0.439253 0.0546312
-0.712215 -0.690162 0.128168
-0.0858574 0.92505 0.370014
0.465123 0.295939 0.834315
0.821548 -0.548545 0.155425
-0.466139 0.872952 0.143767
0.359862 0.66174 0.657723
0.513163 -0.496665 0.699992
-0.887475 -0.305264 0.345258
-0.872363 -0.431471 0.229816
-0.999632 0.0266389 0.00503527
0.102205 -0.643499 0.758593
-0.0384956 -0.26681 0.96298
-0.810709 0.571356 0.127679
0.595338 -0.7787 0.197986
-0.712095 -0.316469 0.626713
-0.444754 -0.872683 0.20154
-0.351868 0.244092 0.903664
