0.756775 -0.509032 0.410095
-0.603444 0.794852 0.0637671
-0.661019 0.231052 0.713911
5.55112e-17 0.866025 0.5
-0.25625 -0.373092 0.891705
-0.709771 -0.468258 0.526269
0.435999 -0.809624 0.392956
-0.00511113 0.660395 0.750901
-0.201436 -0.228038 0.952587
-0.950554 0.290994 0.108489
0.458626 0.487603 0.742903
-0.804378 -0.564251 0.186001
0.485876 0.176689 0.855982
-0.230171 0.160119 0.959887
-0.921881 0.129229 0.365289
0.447938 -0.39047 0.804291
-0.0927891 -0.352498 0.931201
-0.686392 -0.677281 0.264871
0.184622 0.475773 0.859974
-0.887517 0.415105 0.200003
-0.297938 0.599294 0.743021
-0.455254 0.889876 0.0294062
-0.353913 0.921889 0.157691
-0.627129 -0.778896 0.00548716
-0.952905 -0.299246 0.0492401
-0.890912 -0.439612 0.114095
-0.0393832 -0.199898 0.979025
-0.538321 0.527726 0.657051
-0.142842 0.581254 0.801087
0.432817 0.623919 0.650687
0.505238 -0.828185 0.242578
-0.0383289 0.773246 0.632946
0.0927343 -0.99536 0.0256583
0.975872 -0.109364 0.188979
-0.723 -0.683208 0.102462
0.217278 -0.743035 0.633
-0.826878 -0.56199 0.0209543
-0.392726 0.865931 0.309725
-0.400164 -0.811066 0.426662
-0.441655 -0.0866576 0.89299
0.650037 0.733578 0.198281
0.854184 -0.51217 0.0897341
0.346692 0.255527 0.902503
0.819121 0.194533 0.539628
0.715672 0.317095 0.622306
0.597794 0.416906 0.684712
0.265916 0.948065 0.17453
-0.417424 0.648827 0.636224
0.306759 0.951698 0.0130661
0.723984 0.158136 0.671447
-0.591979 -0.486345 0.642673
-0.254527 -0.823795 0.506535
0.574604 -0.289445 0.76554
0.309943 -0.484395 0.818106
0.775191 0.492183 0.396024
-0.312641 -0.931455 0.186137
-0.205448 -0.0632407 0.976623
-0.762678 -0.19371 0.617089
-0.029546 -0.598037 0.800924
0.703651 -0.0204718 0.710251
0.280036 0.687429 0.670091
-0.876422 -0.30181 0.375228
0.180117 -0.411924 0.893239
-0.517815 -0.706856 0.481894
0.400441 -0.667348 0.627928
-0.435923 -0.858232 0.270942
0.204373 0.922476 0.327521
-0.683865 -0.347393 0.641597
0.805469 0.036813 0.591493
-0.989562 -0.144106 0.000868857
0.639347 -0.61613 0.460021
0.15947 0.830939 0.533019
0.148305 -0.920812 0.360709
-0.271338 0.467468 0.841338
0.674404 -0.48506 0.556683
0.685624 0.727195 0.033283
0.107066 -0.275662 0.955273
0.688297 -0.186102 0.701151
0.901445 -0.388534 0.19089
0.321468 -0.323832 0.889827
-0.817712 -0.0424769 0.574059
-0.759282 -0.551256 0.345843
-0.454599 -0.502323 0.735535
-0.745161 0.532228 0.401832
0.72185 0.622919 0.301503
0.61436 0.100099 0.78265
-0.500033 0.846271 0.183826
-0.157382 -0.957813 0.240468
0.615406 0.261993 0.743394
0.890101 0.0658803 0.450978
0.277651 -0.622906 0.731367
0.597041 0.719114 0.355552
0.453896 -0.226751 0.861721
0.853001 -0.386911 0.350271
0.378631 0.745226 0.548887
0.0402784 0.934533 0.353589
0.948105 0.213295 0.235801
-0.0789638 0.967082 0.241903
0.960556 -0.255333 0.110173
-0.119798 0.911471 0.393534
-0.970319 0.147844 0.19137
0.503422 -0.703251 0.502001
0.579718 -0.732528 0.356833
0.110486 -0.972125 0.206799
-0.434453 0.753544 0.493378
-0.893865 0.44684 0.0365885
0.758352 -0.634324 0.15012
0.0612638 -0.794114 0.604673
-0.850452 0.109619 0.514504
-0.637472 0.0748564 0.766829
0.153495 0.614787 0.773613
-0.734421 0.625228 0.264037
-0.76639 0.393152 0.508014
0.640967 -0.74048 0.202117
0.10407 -0.112387 0.9882
0.992875 -0.116831 0.0234285
-0.0981451 -0.820041 0.563827
-0.473472 -0.873988 0.109407
-0.336505 0.0332654 0.941094
-0.558096 -0.761444 0.329745
0.923563 -0.383311 0.0101485
0.364423 0.0844152 0.927399
-0.584467 -0.0776976 0.807689
-0.377088 -0.729794 0.570267
0.57611 0.557388 0.597842
0.788869 -0.221659 0.573195
0.527022 0.685127 0.502841
0.0670343 0.224414 0.972186
-0.34376 -0.628169 0.69802
-0.0428224 -0.0344857 0.998487
-0.994461 0.00755526 0.104836
0.782226 -0.371289 0.500267
-0.391898 0.185218 0.901171
0.953107 0.0584132 0.296944
-0.929858 -0.299076 0.214284
0.652466 -0.756926 0.036741
0.0272287 0.52906 0.848148
-0.649285 -0.607469 0.457613
-0.194207 -0.977811 0.0785434
-0.5015 0.0658216 0.86265
0.221457 0.162844 0.961477
0.570101 -0.439798 0.693947
-0.856755 -0.43497 0.277078
0.0933658 0.0613377 0.993741
0.916978 0.362043 0.16756
-0.820077 0.554957 0.139631
-0.902932 -0.0234647 0.429143
0.929647 -0.24673 0.273643
-0.66664 0.38066 0.640851
-0.645197 -0.213909 0.73346
0.805476 0.349064 0.478917
0.520748 -0.850124 0.0781705
-0.599023 -0.782555 0.169647
0.481705 0.336506 0.80915
-0.225929 -0.732097 0.642643
0.976853 0.201377 0.0721443
-0.0153475 0.995766 0.090635
-0.769606 0.247409 0.588639
0.0919619 -0.682823 0.724773
0.765366 0.62801 0.140779
-0.411577 -0.373123 0.831495
-0.189689 -0.620511 0.76091
-0.542159 0.375994 0.751461
-0.360574 -0.231806 0.903467
-0.159239 0.830545 0.533702
-0.530783 0.223482 0.817512
0.308872 -0.893627 0.32562
0.193265 0.323234 0.926374
0.184319 -0.843818 0.503981
-0.303793 -0.507859 0.806095
-0.145248 -0.492655 0.858017
-0.0690039 0.129767 0.989141
0.309917 0.557589 0.770094
-0.660707 0.516627 0.544576
0.866658 0.492847 0.0775031
-0.0105951 -0.947828 0.318607
-0.0674871 -0.718478 0.692268
0.453667 0.795435 0.401832
0.500614 0.0110325 0.865601
0.379868 -0.0896558 0.920685
0.337925 0.412059 0.846176
0.827422 0.508344 0.238662
0.121047 0.736915 0.66506
0.0265261 -0.883319 0.468022
0.150713 -0.556963 0.816748
-0.721577 0.684485 0.103961
0.709248 -0.633249 0.309779
0.660394 0.597901 0.454307
-0.524313 0.774168 0.354627
0.861276 -0.0907092 0.499975
-0.754486 0.0931426 0.649674
0.0370264 0.380984 0.92384
-0.177009 0.701199 0.690643
-0.198294 0.97204 0.125767
-0.855578 0.261682 0.446664
-0.710901 -0.0593027 0.700788
-0.963328 0.000261663 0.268328
-0.489344 -0.615237 0.618082
0.298635 0.845522 0.442618
0.238613 -0.965899 0.100514
0.701336 0.462552 0.542377
-0.626313 0.746113 0.225938
0.870375 -0.241258 0.429235
0.937599 0.347708 0.00287463
-0.91811 0.275235 0.285165
0.545974 -0.579485 0.60507
-0.932423 -0.152283 0.327714
-0.792209 -0.323777 0.517276
0.36299 0.884224 0.293915
0.420176 0.896894 0.137963
-0.975138 -0.14586 0.166823
0.337541 -0.781708 0.524404
-0.510032 -0.225023 0.8302
-0.858545 -0.175114 0.481908
-0.409444 0.341436 0.846036
-0.132485 -0.897593 0.420445
-0.638523 0.660068 0.395725
0.239006 -0.0162402 0.970882
0.691227 -0.340346 0.637471
-0.113691 0.442975 0.889296
-0.24124 0.928939 0.280847
0.376923 -0.909675 0.174414
-0.300768 0.842632 0.446666
-0.549866 0.641028 0.535472
-0.296745 0.753147 0.587122
0.248098 -0.187125 0.95049
0.816435 -0.518285 0.254587
0.561158 0.822917 0.0889372
-0.0365119 -0.990754 0.130663
-0.258575 0.317252 0.912409
0.868494 0.372926 0.326565
-0.841538 0.403055 0.359667
0.516548 0.819133 0.249398
-0.0992002 0.289347 0.95207
0.892536 0.221891 0.392612
-0.987702 0.155122 0.0195483
-0.419069 0.487286 0.766116
0.575424 -0.126239 0.808054
-0.346137 -0.9379 0.0230777
0.147252 0.9881 0.0444399
0.436776 -0.535392 0.722898
0.0221087 -0.464127 0.885493
0.989732 0.0475556 0.134794
0.931852 -0.0983111 0.349266
0.104025 0.973294 0.20464
-0.281338 -0.895181 0.345687
0.387452 -0.92185 0.00860419
-0.555491 -0.362741 0.74823
