0.436431 0.741051 0.510266
-0.151747 0.285264 0.94636
0.726738 0.0736605 0.682954
-0.528076 -0.339691 0.778296
-0.779989 0.164644 0.603746
0.517978 -0.111878 0.848046
-0.380011 -0.361153 0.851563
-0.170716 0.823328 0.541283
0.569633 -0.545392 0.614871
-0.876224 0.3659 0.313605
0.293907 -0.73024 0.616739
-0.0470831 -0.203835 0.977872
0.715603 0.584524 0.382418
-0.325941 0.623173 0.710927
-0.224133 -0.876181 0.426698
-0.441041 -0.483359 0.756206
-0.932132 0.193462 0.306108
0.427152 -0.381915 0.819562
-0.0405126 0.773513 0.632484
0.334688 0.107629 0.936162
0.5899 0.670525 0.449905
0.651498 0.539913 0.532959
-0.972764 0.230266 0.0266227
-0.692917 0.643878 0.324481
-0.796689 0.513698 0.318435
-0.285667 -0.494924 0.820637
0.172424 0.317282 0.932525
0.38185 -0.0515831 0.922784
0.688306 -0.433243 0.581838
0.614803 0.00996233 0.788618
0.503115 0.783938 0.363754
-0.938695 0.296711 0.175539
0.121985 0.991742 0.0395815
-0.609118 0.792379 0.0333386
-0.624963 -0.734145 0.265427
-0.869001 0.461837 0.177605
0.570448 0.48075 0.665934
-0.939769 -0.16139 0.30131
-0.354636 -0.088532 0.930804
0.92375 -0.359816 0.131221
0.29842 -0.611131 0.73312
-0.189726 0.970028 0.151825
0.849861 0.506828 0.144436
0.486252 -0.846789 0.215654
0.542259 -0.758024 0.362429
0.573448 -0.656169 0.49051
0.94742 0.0386853 0.317647
0.335846 0.271815 0.901845
0.98355 0.0820697 0.160917
0.399601 -0.843933 0.357905
-0.426739 0.841664 0.330901
-0.754723 0.00848911 0.655988
-0.894054 -0.32121 0.312237
-0.0744256 -0.925083 0.372401
-0.370227 -0.803961 0.46538
0.74557 -0.63889 0.18959
-0.986384 -0.162935 0.0223286
-0.236964 -0.310755 0.920478
-0.56678 0.262435 0.780954
-0.620174 -0.56088 0.548449
0.227695 -0.908753 0.349746
0.675621 -0.295901 0.675262
0.377349 0.889862 0.256424
-0.691316 0.42908 0.581354
0.918501 0.393006 0.0436237
-0.369884 -0.708025 0.60157
-0.903897 -0.0548196 0.424224
-0.475969 -0.853523 0.212019
-0.983363 -0.076545 0.164735
0.883323 0.00826154 0.468692
-0.671289 0.132697 0.72922
0.334737 -0.915717 0.222289
-0.566273 0.751062 0.339471
0.762927 -0.0834648 0.641075
-0.789071 -0.614298 0.00235037
0.21981 -0.00641372 0.975522
-0.185634 -0.977969 0.095486
-0.286316 -0.629444 0.722373
0.0739682 -0.9507 0.301163
-0.228465 -0.789876 0.569121
-0.452238 0.380651 0.806589
-0.859365 0.259466 0.440646
-0.716751 -0.151836 0.680598
0.108404 0.605509 0.788421
0.398703 0.912378 0.0927506
0.247077 0.958183 0.144355
0.847302 -0.505315 0.163512
0.28913 -0.827387 0.481493
0.517014 0.619463 0.590731
-0.946228 -0.323484 0.00326703
0.437636 -0.752632 0.491955
0.760601 0.646461 0.0597856
0.411002 -0.908597 0.0743537
-0.50012 -0.786402 0.362563
-0.525778 0.827475 0.197087
0.872966 -0.395226 0.285879
-0.0807049 -0.849806 0.52088
0.781919 -0.298931 0.547031
0.819117 0.133458 0.557885
0.805679 0.293711 0.514408
0.724081 0.236498 0.6479
-0.314784 0.750067 0.581645
-0.450895 -0.89108 0.0516679
0.434859 0.389244 0.812026
-9.19403e-17 0.866025 0.5
0.344208 0.84322 0.412917
-0.736929 -0.612512 0.285944
-0.325551 0.488792 0.809382
-0.285549 0.18622 0.940098
0.545342 -0.267227 0.794476
0.208781 0.693917 0.689122
-0.0348162 0.524022 0.850993
-0.144994 -0.58455 0.798297
0.636988 0.711957 0.295574
-0.256384 0.920103 0.296103
-0.826807 -0.473389 0.303797
0.99762 -0.0440754 0.0530224
-0.999192 0.0235813 0.0325378
-0.205559 -0.153757 0.966491
-0.956441 0.0294021 0.290442
-0.920822 0.388179 0.0374591
0.908046 0.363961 0.207328
0.151312 -0.697686 0.700242
-0.379628 0.906484 0.18485
-0.401966 0.0701921 0.91296
-0.12922 0.906118 0.402807
-0.870242 -0.218232 0.441649
0.697171 -0.548381 0.461769
0.0984719 -0.985236 0.140046
0.798152 -0.419093 0.432798
0.140587 -0.42782 0.892863
-0.776566 -0.268797 0.569818
-0.141397 -0.442642 0.88548
0.522792 0.827639 0.204209
-0.442677 0.760292 0.475387
-0.732088 0.680117 0.0385879
-0.0312666 -0.998847 0.0364382
-0.09082 -0.0364427 0.9952
0.185706 0.869215 0.458233
-0.697729 0.54836 0.46095
0.650601 0.747608 0.133415
0.406174 -0.229904 0.884402
-0.871137 0.0982933 0.481102
-0.242276 0.0281148 0.9698
0.154931 -0.569858 0.807006
-0.203985 -0.941307 0.268946
-0.792409 0.411714 0.450089
0.96514 0.242649 0.0981162
0.00475844 -0.516948 0.856003
0.119631 0.796459 0.592741
-0.459656 0.524002 0.717035
-0.0140463 0.376823 0.926179
-0.543533 0.105801 0.832694
0.623664 -0.752734 0.210796
0.222368 0.925739 0.305875
-0.978673 0.129702 0.159302
0.438949 -0.648462 0.621949
-0.812094 -0.375347 0.446787
0.873295 0.322746 0.364952
-0.173672 0.437473 0.882301
-0.635091 -0.653957 0.411096
0.885847 -0.463927 0.00681771
-0.591267 -0.18569 0.784808
-0.707373 -0.420328 0.568285
0.0266836 0.222694 0.974523
-0.44924 -0.210551 0.868247
0.621566 0.174534 0.763671
-0.110419 0.128706 0.985516
0.288783 -0.47386 0.831902
-0.717609 -0.682991 0.13624
-0.661478 -0.308964 0.683366
-0.582566 -0.456343 0.672584
-0.0055738 -0.358906 0.933357
0.563811 -0.412687 0.715406
0.118726 0.464998 0.877315
-0.87958 -0.475388 0.0185977
-0.734431 -0.522132 0.433577
0.873403 -0.273498 0.402947
0.753989 0.617615 0.223725
0.151745 -0.805319 0.573092
0.00345628 -0.768709 0.63959
0.439371 -0.522365 0.730813
0.0918921 0.974947 0.202567
0.797539 -0.602215 0.035622
-0.469221 0.881851 0.0465813
0.649921 -0.147106 0.745629
-0.81933 -0.552261 0.153967
-0.0346943 0.994767 0.0961013
-0.505265 -0.699892 0.504835
0.282029 0.779054 0.559942
0.78377 -0.53552 0.314519
0.426261 0.534056 0.730127
0.254048 -0.963485 0.084596
-0.310224 0.342164 0.886953
0.271445 -0.325534 0.905729
0.483895 0.0700392 0.872319
0.767995 0.44634 0.459308
-0.18592 0.578387 0.794294
-0.431652 0.229037 0.872479
-0.450429 0.656298 0.605299
-0.822071 -0.108918 0.558871
0.845782 -0.149043 0.512287
0.673033 -0.657668 0.338377
0.36794 0.666792 0.648081
0.0651734 0.930349 0.360836
-0.186652 0.709132 0.679922
-0.33112 -0.929788 0.160789
-0.578314 0.549565 0.602935
-0.686716 0.286836 0.667942
0.922428 -0.118255 0.367617
0.973343 -0.0874927 0.212011
-0.576698 0.661433 0.479506
-0.596309 -0.794772 0.112931
-0.502556 -0.0528138 0.86293
-0.580171 0.409738 0.703929
-0.834863 0.549015 0.0398143
0.045859 0.0587763 0.997217
-0.898018 -0.4062 0.169014
0.270181 0.567135 0.778049
0.00205166 -0.651871 0.758328
-0.772887 0.607609 0.182914
-0.0565019 -0.978015 0.200732
0.263271 -0.165271 0.95046
0.696307 0.393663 0.600154
0.577753 0.334133 0.744686
0.279569 0.423394 0.86173
0.486797 0.233756 0.841657
-0.144515 -0.710241 0.688965
0.974192 -0.205171 0.0941008
0.0849077 -0.103054 0.991045
0.686813 -0.724414 0.0592635
-0.0455909 0.657579 0.752005
0.936353 -0.245088 0.251348
0.126851 -0.260654 0.957062
0.556629 -0.82815 0.065815
-0.3002 0.846786 0.439129
0.827232 0.471454 0.305645
-0.0637984 0.963315 0.260679
0.179066 0.155447 0.971479
0.0676427 -0.887775 0.455281
-0.310911 0.949624 0.0393548
0.539382 0.841158 0.0389999
0.942606 0.209693 0.259851
-0.350892 -0.880517 0.318692
-0.485625 -0.59476 0.640647
-0.659596 0.729714 0.18014
0.895568 0.164875 0.413248
-0.954829 -0.249807 0.160927
-0.638002 -0.0265177 0.769578
