8.32667e-17 0.866025 0.5
0.986394 -0.093789 0.135018
0.240997 0.407613 0.88078
-0.0770949 -0.881751 0.465373
0.292753 -0.952957 0.0785357
-0.195638 0.980625 0.0100065
-0.81254 -0.579732 0.060745
0.703073 0.216174 0.677463
-0.55516 -0.639728 0.53155
0.757985 -0.310773 0.57348
-0.393562 -0.918824 0.0295117
0.37241 -0.136601 0.91796
-0.134481 0.0354209 0.990283
0.511031 0.692091 0.509762
-0.517619 0.763929 0.385336
0.877675 0.42926 0.213125
-0.153768 -0.487979 0.859204
-0.935264 0.340723 0.095859
0.340224 0.938384 0.0606895
-0.281502 0.521054 0.805766
-0.592725 -0.166144 0.788082
0.736897 -0.656885 0.159641
0.341028 -0.630742 0.69704
-0.923043 -0.133202 0.3609
-0.736283 0.318083 0.597252
