0.101273 -0.471767 0.875888
0.366998 -0.911957 0.183432
-0.692505 0.697007 0.186057
0.748287 -0.181351 0.638105
0.863312 -0.335622 0.376895
-0.584097 -0.231457 0.777983
-0.22163 -0.835807 0.502302
0.994862 0.0458375 0.0902647
-0.547166 0.702728 0.454734
0.24688 -0.169345 0.954135
-0.0690821 -0.960475 0.269658
-0.831989 -0.359757 0.422339
0.960851 -0.248701 0.122117
-0.0703219 -0.818719 0.569872
0.701284 -0.585412 0.40681
0.0865781 0.661796 0.744668
0.178516 -0.319432 0.930642
0.339178 -0.297545 0.892427
0.496191 -0.750925 0.435782
0.809787 -0.48589 0.328871
-0.778445 0.570431 0.261975
0.964685 0.0846535 0.249433
0.799814 -0.291808 0.524544
0.412928 0.457185 0.787701
-0.491962 0.49388 0.716977
0.0138398 -0.34461 0.938644
-0.947991 0.0491637 0.314477
-0.52268 -0.0930516 0.847436
-0.98377 0.174451 0.0419916
-0.502612 -0.376757 0.778098
-0.742808 -0.659174 0.117157
-0.427989 0.807964 0.404994
0.420837 0.902455 0.0920389
-0.54651 0.215457 0.809262
0.42057 -0.414989 0.806787
-0.743225 0.435046 0.508283
-0.909302 -0.235115 0.343352
-0.655401 0.57533 0.489332
0.745101 0.515146 0.423615
-0.568497 -0.610386 0.55158
0.204679 0.110973 0.972518
0.982217 0.18771 0.00386913
0.640671 0.221608 0.73514
0.582532 -0.626397 0.51796
-0.794802 0.598799 0.0986363
0.53156 0.34088 0.7754
0.312354 0.823845 0.472986
-0.701427 0.712448 0.0204257
-0.492008 -0.813074 0.31119
0.861598 0.495788 0.108828
0.257114 0.57201 0.778908
0.937382 -0.0491697 0.344815
-0.178927 -0.370324 0.911507
0.240408 0.268976 0.932661
0.0840265 0.225826 0.970537
-0.575417 0.805905 0.139328
-0.370912 -0.0990273 0.923373
0.724898 0.0871874 0.683317
-0.961624 -0.274091 0.0124054
-0.500449 -0.852741 0.149613
-0.908626 -0.0820431 0.409471
0.831884 -0.0666117 0.550937
0.430158 0.829873 0.355352
-0.388616 0.619726 0.681848
-0.0528104 0.592413 0.803902
0.738496 -0.62633 0.24967
-0.828996 -0.559034 0.0156896
-0.987571 0.0346169 0.153314
-0.312117 0.352886 0.882074
0.626777 0.630885 0.457313
0.282064 0.901343 0.328665
0.0271695 0.772123 0.634892
-0.288969 0.938724 0.18787
0.0749253 -0.996969 0.0209629
-0.940653 0.323411 0.102851
0.201719 -0.792621 0.575379
-0.346231 0.492813 0.798285
-0.950408 -0.255341 0.177555
-0.749862 -0.179343 0.636823
-0.287312 -0.244655 0.926065
-0.829694 -0.528582 0.17947
-0.354664 -0.379238 0.85463
0.815005 0.51195 0.27143
-0.602492 0.0591235 0.795932
-0.625377 0.475136 0.618991
0.264123 -0.442043 0.857226
-0.959872 0.190173 0.206106
0.0242452 0.0726124 0.997065
-0.0043505 0.983274 0.18208
-0.617762 -0.755746 0.217298
0.841056 0.386762 0.378206
0.908101 0.103033 0.405878
0.677099 -0.064445 0.733064
0.267149 0.428608 0.863092
-0.725607 0.308439 0.61511
0.525345 0.614601 0.588455
0.547706 -0.104234 0.830152
0.173193 0.807983 0.563177
0.628012 -0.223149 0.745524
-0.222062 -0.90902 0.352663
0.233017 0.700011 0.675047
-0.988823 -0.119254 0.0894845
-0.0112626 0.999801 0.0164568
0.503136 -0.556609 0.661091
-0.190784 -0.735853 0.649709
-0.0665915 -0.486566 0.871102
0.291352 0.956613 0.00230255
-0.554644 0.775433 0.301784
0.0740744 -0.979631 0.186645
0.356782 -0.934002 0.0186243
-0.0305419 0.452359 0.891313
0.934054 -0.217202 0.283491
0.140315 0.955403 0.259842
0.134061 -0.703005 0.698436
-0.661705 -0.0878809 0.744596
0.000989477 0.937012 0.349296
0.220871 -0.878867 0.422859
-0.909049 -0.403834 0.102707
0.0774146 -0.195642 0.977615
-0.478323 -0.732938 0.483745
-0.678223 0.181539 0.712079
-0.528604 0.608081 0.592297
0.543586 0.481769 0.687323
0.357959 0.151477 0.921368
-0.908527 0.202826 0.365294
-0.601614 -0.705182 0.375205
-0.339719 -0.743896 0.575508
-0.885591 -0.380745 0.266012
-0.754579 -0.330481 0.566916
0.959832 0.227616 0.164051
-0.268692 0.725047 0.634122
-0.843578 -0.209811 0.494323
0.913551 0.247359 0.322859
-0.820537 0.443212 0.360946
-0.105243 -0.231642 0.967091
-0.74372 0.0349735 0.667575
-0.358506 -0.89722 0.257818
0.618448 -0.785775 0.00895102
-0.129595 -0.611694 0.780407
-0.0415231 -0.08044 0.995894
-0.0806892 0.201554 0.976148
0.902437 -0.371069 0.218894
0.14523 0.894219 0.423415
0.109184 0.528443 0.841919
-0.289562 0.81793 0.497137
-0.244663 0.207004 0.947254
0.387121 0.313103 0.867239
0.493754 0.730006 0.472543
0.690261 0.723317 0.0187733
-0.0319119 -0.71714 0.696198
-0.071215 -0.991807 0.106056
0.366506 -0.864802 0.343207
-0.903967 0.335676 0.264886
-0.243413 -0.500881 0.830583
-0.414274 0.722755 0.553175
-0.443351 0.892226 0.0858587
0.467031 0.0313294 0.883686
0.399855 0.595922 0.696415
0.225002 -0.937108 0.266837
0.708269 0.633237 0.312036
0.50863 -0.817442 0.270339
0.689584 -0.337229 0.640898
0.504933 -0.856325 0.108394
-0.308339 0.0530858 0.949794
-0.188432 0.488235 0.852127
-0.145612 0.893873 0.424015
-0.868457 0.466441 0.167976
-0.799481 0.163832 0.577919
0.97821 -0.088004 0.188045
-0.462453 0.359278 0.81059
-0.401348 0.212489 0.890937
0.34716 -0.796985 0.494262
0.64861 0.739716 0.179236
-0.601738 0.345037 0.72032
-0.112296 0.706817 0.698426
-0.293455 0.890652 0.347309
-0.238348 0.61281 0.753428
0.844581 0.24806 0.474499
0.143692 -0.0432062 0.988679
0.99278 -0.11738 0.0247151
-0.402291 -0.508672 0.761193
0.765912 0.623727 0.156027
-0.796278 -0.500213 0.340189
-0.719477 -0.635405 0.280383
0.882144 -0.17679 0.436541
-0.543916 -0.500005 0.673907
-0.828632 -0.0561749 0.556968
0.035954 -0.603076 0.796873
0.899351 0.377754 0.220158
-0.461804 0.057366 0.885125
0.360488 -0.558451 0.747115
-0.14009 0.809472 0.570202
-0.143655 0.95261 0.268137
0.21827 -0.970359 0.103739
0.907517 -0.415916 0.0585353
0.754718 -0.446149 0.48099
0.403596 -0.144314 0.903484
-0.827362 0.294423 0.478317
0.0789607 -0.934556 0.346945
-0.21703 -0.956861 0.193171
0.827922 0.0999275 0.55187
-0.146254 0.048872 0.988039
0.933385 0.354022 0.0588188
-0.426935 0.869036 0.250007
0.200805 -0.580321 0.789243
-0.28691 -0.623859 0.726968
0.56228 0.825471 0.049387
-0.0724582 -0.902001 0.425611
-0.217316 -0.975709 0.0276522
0.753665 0.2357 0.613543
-0.881996 0.0725247 0.465642
0.659914 0.366783 0.655731
-0.362254 -0.927326 0.0940152
-0.151726 0.982892 0.104412
0.629589 -0.757481 0.172741
0.513454 0.831747 0.211095
0.296142 -0.687249 0.663316
-0.151866 0.343815 0.926676
-0.442101 -0.237811 0.864866
-0.671164 -0.474659 0.569419
0.837471 -0.519962 0.168171
0.490753 -0.265669 0.829808
0.561634 -0.410669 0.718275
0.439685 -0.686801 0.578776
0.117307 0.38018 0.917443
0.639444 -0.488834 0.593425
0.654072 0.505106 0.563079
0.740352 -0.666446 0.087911
0.0728287 -0.864212 0.497829
0.760635 0.383151 0.524052
0.832104 -0.554595 0.00531057
-4.51028e-17 0.866025 0.5
-0.364037 -0.833371 0.415895
0.318473 -0.00817577 0.947897
0.373142 0.718564 0.586883
-0.433413 -0.626595 0.647713
0.620315 -0.710485 0.332294
-0.687557 -0.577874 0.43969
-0.961671 -0.105157 0.25324
-0.211598 -0.10351 0.97186
-0.637658 -0.357069 0.682564
0.499868 0.192608 0.844413
0.278984 0.945476 0.168058
0.137572 0.986387 0.090079
-0.301856 0.95309 0.0224031
-0.635627 -0.770223 0.052304
0.602397 0.0709456 0.795038
0.583111 0.741277 0.3324
-0.666394 0.660234 0.346425
-0.89348 0.449083 0.0041947
