0.155473 -0.730556 0.664918
-0.89536 0.410849 0.171853
-0.141165 0.810329 0.568717
-0.857825 -0.293878 0.42163
-0.128485 -0.914478 0.383694
-0.356914 0.61105 0.706563
-0.82714 -0.174875 0.534096
-0.0586375 0.301358 0.951706
-0.182929 -0.00484851 0.983114
-0.766859 0.202334 0.609088
-0.00591058 0.999707 0.0234924
-0.300811 -0.529924 0.792902
-0.762822 -0.326673 0.558021
-0.334671 0.373656 0.865088
-0.574226 0.645382 0.503733
0.780535 0.623587 0.043639
-0.15405 0.982547 0.104255
-0.7228 -0.199766 0.661554
-0.704513 0.655074 0.27302
-0.50606 0.578132 0.640052
0.0142925 0.440949 0.897418
0.0167808 -0.950426 0.310499
-0.277347 0.731296 0.623125
0.547021 -0.415157 0.72692
0.550321 0.772108 0.3178
-0.429462 -0.787982 0.441189
0.380549 -0.914572 0.136899
0.844752 0.0313392 0.534239
-0.295136 0.93817 0.180918
-0.927847 0.0362342 0.371196
0.604687 -0.794561 0.0550038
0.494204 0.487045 0.720103
0.51658 -0.834767 0.190549
0.43721 -0.75683 0.485856
-0.295818 0.112688 0.948574
0.275511 0.960993 0.0242202
0.269152 -0.085506 0.959295
0.167397 0.061449 0.983973
0.0637913 0.191819 0.979355
0.283069 0.811983 0.510447
-0.577637 0.732431 0.360391
0.420325 0.806284 0.416213
0.105602 -0.0931359 0.990037
0.802509 -0.121912 0.584052
0.856896 0.386045 0.341612
-0.957026 -0.290003 8.35481e-05
-0.700093 -0.71327 0.0333987
-0.162335 -0.473022 0.865966
-0.429238 -0.575952 0.695726
0.398892 0.214061 0.891663
0.679227 0.709614 0.187349
-0.809613 -0.0177822 0.586695
-0.685277 -0.576582 0.444914
0.0258897 -0.257117 0.966034
-0.0936665 0.54884 0.830663
0.416951 0.904253 0.0920813
-0.555865 -0.468058 0.686976
0.724238 -0.68374 0.0893272
-0.278621 -0.773672 0.569036
0.131819 0.803553 0.580454
0.19014 -0.232067 0.953935
0.0148263 -0.796384 0.60461
-0.056994 0.726102 0.68522
0.825139 0.298411 0.479684
-0.336992 -0.928731 0.154583
-0.649655 0.509662 0.564085
0.00454382 -0.685255 0.728289
0.627847 0.473578 0.617683
-0.619176 -0.317194 0.718338
-0.0155727 -0.409249 0.91229
0.907395 0.227721 0.353238
0.431014 -0.656698 0.618849
0.873345 0.486429 0.0255879
-0.433241 -0.428859 0.792705
-0.924175 -0.350519 0.151775
0.452466 0.357074 0.817173
-0.0593666 -0.116271 0.991442
0.545318 -0.757408 0.359112
-0.292425 0.956166 0.0153265
0.00318827 0.0379287 0.999275
0.35035 -0.227887 0.908472
-0.425217 -0.69524 0.57951
0.992931 0.00923387 0.118333
0.348668 0.486385 0.801162
-0.298595 -0.377757 0.876436
0.290874 -0.643573 0.707959
0.0700208 0.575446 0.814837
-1.34441e-17 0.866025 0.5
0.861757 -0.456401 0.221523
0.567279 -0.101313 0.81727
0.55519 0.816701 0.157365
0.65031 0.579559 0.491131
0.932365 -0.309595 0.186674
0.842943 -0.244792 0.479087
-0.00373534 0.936992 0.34933
0.876257 0.4442 0.186709
0.556245 -0.547045 0.625567
-0.14592 0.893589 0.424506
-0.129338 -0.837253 0.5313
0.7861 0.583068 0.205129
0.01514 -0.885709 0.463994
-0.27304 -0.961993 0.00439729
0.759968 -0.606864 0.232734
0.977066 -0.154112 0.146941
-0.471766 0.840436 0.266653
0.895427 -0.0928352 0.435422
0.301709 -0.84398 0.443474
-0.533297 -0.786715 0.310925
-0.948178 0.254006 0.190891
-0.268832 0.517346 0.812454
0.963606 0.120902 0.238425
0.980381 0.178736 0.0831005
0.159926 -0.908975 0.384952
-0.607168 -0.162069 0.777869
0.667523 -0.423794 0.612218
-0.625686 -0.760225 0.174858
0.538462 0.70081 0.467893
-0.858279 0.115846 0.499937
0.568063 -0.654554 0.498862
0.286125 0.939356 0.189057
-0.337459 -0.0558367 0.939683
-0.971148 0.0916275 0.220172
-0.809206 -0.58697 0.025532
0.137034 0.333944 0.932579
0.133414 -0.471698 0.871609
0.193302 0.472784 0.859715
-0.548652 0.169554 0.818677
-0.847881 -0.503952 0.164713
-0.70169 -0.0421645 0.711234
0.784585 -0.503857 0.361324
0.144117 -0.609924 0.779246
-0.83777 0.278384 0.469728
0.496044 -0.251262 0.831149
0.274401 -0.924405 0.264914
-0.427426 0.474014 0.769817
0.776532 -0.397244 0.489076
0.935874 0.289311 0.201095
-0.916768 0.200453 0.345479
0.667328 0.744349 0.0248565
-0.444871 0.0627875 0.893391
-0.151151 -0.612637 0.775776
0.429066 0.866837 0.253961
-0.58016 0.00602553 0.814481
0.74346 0.441876 0.502009
0.642668 -0.731946 0.226347
0.623224 0.0511998 0.780366
0.427448 -0.532908 0.730272
-0.817812 0.556262 0.147497
-0.995236 -0.0168174 0.0960293
0.333851 0.0668204 0.940254
0.132265 -0.972351 0.192454
-0.119523 0.149194 0.981558
-0.749887 -0.638376 0.173624
0.693926 -0.117912 0.710327
0.148533 0.947667 0.282604
0.668783 0.658303 0.345494
0.926114 -0.205343 0.31646
-0.886033 0.46341 0.0140487
-0.56663 -0.693522 0.444924
0.591462 0.351902 0.725492
-0.928718 -0.243655 0.279491
-0.777981 -0.546604 0.309788
-0.803469 0.51013 0.306927
-0.908948 -0.127253 0.397014
-0.28508 0.825989 0.486284
0.240052 -0.968548 0.0654918
-0.872891 0.360312 0.328993
-0.193038 -0.952649 0.23494
-0.406282 0.224663 0.885698
0.90944 -0.411883 0.0571999
-0.389497 -0.870288 0.301482
-0.864616 -0.404841 0.297562
-0.78257 -0.441488 0.438945
-0.677929 0.122153 0.724908
-0.167436 0.413935 0.894776
0.86493 -0.355637 0.354144
-0.719599 0.685629 0.109954
0.676003 0.193223 0.711115
-0.428423 -0.903406 0.0176495
-0.666737 -0.676442 0.312869
0.232392 0.602858 0.763254
-0.215351 -0.166904 0.962168
-0.36038 -0.225724 0.905083
-0.230108 0.265278 0.936311
0.544318 0.216576 0.81044
-0.192916 0.645938 0.738612
-0.486974 -0.857299 0.167016
0.685793 -0.536934 0.491315
-0.558032 -0.594684 0.578749
0.160793 -0.831174 0.532255
0.301529 0.349163 0.887224
-0.439169 0.891464 0.111458
0.26266 -0.368536 0.891735
-0.949835 0.310864 0.0343143
-0.503403 0.32868 0.799097
-0.430597 0.705237 0.56323
-0.0106637 0.981908 0.18906
-0.98632 0.151316 0.0653851
-0.895848 -0.444041 0.0168564
0.105654 0.698229 0.708035
-0.109561 -0.993958 0.00655998
0.242371 0.205823 0.9481
0.669193 -0.646284 0.366741
0.282945 -0.512637 0.810645
0.744218 0.0348872 0.667025
-0.140139 -0.735561 0.662806
0.742796 -0.275192 0.610347
0.258955 0.718119 0.645947
0.406212 0.715728 0.56809
-0.279969 -0.860026 0.426583
-0.965471 -0.0721105 0.25033
0.827992 -0.55341 0.0903707
0.965481 -0.259802 0.0186941
-0.779188 0.433411 0.452792
-0.572036 -0.819723 0.0287971
0.788271 0.178197 0.58896
-0.573197 0.818181 0.0449895
-0.478107 -0.11289 0.871017
-0.00519875 -0.555077 0.831782
-0.574375 0.435718 0.692995
0.413798 -0.852085 0.320502
-0.153889 0.950961 0.268311
-0.0475155 -0.985818 0.160949
-0.325622 0.883985 0.335471
-0.606965 0.769012 0.200534
-0.435829 0.794581 0.422723
-0.49577 -0.277441 0.822945
0.299363 -0.754539 0.583997
0.523122 0.602296 0.602978
-0.720916 0.36147 0.591286
0.485348 0.073133 0.871257
0.38381 0.609059 0.694073
-0.639642 0.283936 0.71431
0.941286 0.335109 0.0410167
0.472629 -0.881259 0.00212744
0.425298 -0.0792696 0.901575
0.140899 0.982734 0.119922
0.769641 0.526624 0.360998
-0.70077 0.576675 0.419961
-0.153988 -0.319383 0.93503
0.293628 0.890294 0.34808
0.918907 0.0654258 0.389011
0.960476 -0.0479071 0.274209
-0.286671 -0.662066 0.692451
-0.675047 -0.467703 0.570583
0.627547 -0.269368 0.730497
0.411519 -0.394497 0.821599
0.153044 0.886168 0.43736
0.715809 0.325393 0.617849
0.0674984 -0.996879 0.0409433
-0.973845 -0.186613 0.129619
