-0.816533 -0.0982298 0.568881
-0.0980507 0.132966 0.986259
-0.667271 0.618417 0.415102
0.582692 0.328147 0.743499
0.498574 -0.249517 0.830159
-0.398841 0.722592 0.564613
-0.695859 -0.698641 0.166375
0.471867 0.451775 0.757127
-0.377092 -0.453657 0.807463
-0.172329 0.965065 0.197362
0.473769 -0.575834 0.666301
0.158745 0.962172 0.221418
0.103767 0.561005 0.821283
-0.942411 0.102297 0.318427
-0.143479 -0.309474 0.940021
0.672953 0.722165 0.160037
0.598318 0.468552 0.64998
-0.308953 -0.930587 0.196357
0.620796 -0.48035 0.619578
0.435888 -0.837163 0.330395
-0.16503 0.863014 0.477463
-0.457815 -0.310218 0.833169
-0.38516 0.506663 0.771327
-0.89542 0.00496245 0.445194
-0.872797 0.169534 0.457694
0.647386 -0.652346 0.394127
0.161683 -0.682947 0.71235
0.322346 -0.642318 0.695357
0.476262 0.584666 0.656765
-0.377545 0.267916 0.886386
-0.328711 0.642148 0.692528
-0.332225 0.927945 0.168953
-0.545361 0.65549 0.522412
-0.887435 -0.161094 0.431866
0.572536 -0.617883 0.538909
-0.786347 -0.615425 0.0539534
-0.684469 -0.652127 0.325933
0.0228163 -0.879306 0.475711
0.921496 0.342035 0.184004
0.729063 -0.637266 0.24972
0.419 -0.70338 0.574191
-0.779977 0.231091 0.581578
0.836145 -0.224556 0.500436
0.2865 0.298744 0.910313
-0.240096 -0.969474 0.049733
0.578938 -0.762301 0.289358
0.0785256 0.928303 0.363438
-0.426544 -0.744616 0.513426
-0.991738 0.122087 0.0393713
-0.103289 0.993471 0.0484383
-0.804384 0.594023 0.0101604
-0.480859 0.370866 0.794502
-0.169768 -0.690767 0.702865
0.567243 -0.0982544 0.817669
0.892772 -0.0785568 0.443607
0.584031 0.810187 0.0500519
0.746098 0.611837 0.262667
0.890112 -0.371074 0.264584
0.32302 0.517902 0.792108
0.259242 -0.134583 0.95639
0.799931 0.342403 0.492819
-0.408038 0.861685 0.30167
-0.842432 -0.350844 0.408922
0.272618 -0.409509 0.870621
0.344448 -0.919263 0.190557
0.681786 0.60175 0.416011
0.416322 -0.908307 0.0406702
0.737658 -0.230335 0.63467
-0.872551 -0.477559 0.10292
0.874594 0.482086 0.0517588
0.828917 -0.369996 0.419523
-0.743158 0.65102 0.15456
0.422772 -0.114956 0.898915
0.096192 -0.994495 0.0415572
-0.0043798 -0.691015 0.722827
-0.601622 0.734121 0.31483
0.773274 -0.62774 0.0893879
0.259765 -0.964333 0.0508235
0.997854 0.0533205 0.0379988
-0.22756 0.549921 0.803619
0.117614 -0.929929 0.348422
0.561434 0.639918 0.524687
0.617737 0.719579 0.317188
0.095853 -0.152208 0.983689
0.515797 -0.432287 0.739649
0.629652 0.0502635 0.77525
-0.48763 -0.0413024 0.872073
-0.0703787 -0.9966 0.0428329
-0.549702 -0.83299 0.0628937
-0.863835 -0.429337 0.263551
-0.0481115 -0.940826 0.335459
-0.771393 -0.517246 0.370689
0.227292 0.971318 0.0698614
-0.814388 0.06818 0.576301
0.953313 -0.240689 0.182383
0.0629435 0.996273 0.0589687
-0.997278 -0.0639049 0.036791
0.846205 0.48719 0.215832
-0.0741307 -0.790086 0.608497
0.536542 0.817438 0.209564
-0.484864 0.86095 0.153856
-0.770039 0.565662 0.295071
-0.851144 0.42128 0.313173
-0.759059 0.48135 0.438328
-0.22002 -0.454876 0.862948
-0.624862 0.294627 0.72301
-0.537608 -0.41676 0.733
-0.796922 -0.26373 0.543473
0.939034 0.204519 0.276382
-0.070132 -0.166379 0.983565
0.068508 0.135269 0.988438
-0.326473 0.827306 0.457143
-0.615121 -0.0996512 0.78211
-0.674419 -0.738324 0.00600888
-0.32763 -0.0261512 0.944444
0.416831 0.712344 0.564639
0.280716 -0.896494 0.342779
0.0186915 -0.981899 0.188482
-0.94923 -0.0702598 0.306637
-0.351396 -0.67754 0.646112
0.928611 0.0641394 0.36547
0.790059 -0.510656 0.33917
0.202709 0.438475 0.875585
0.73786 -0.378622 0.558756
0.511926 -0.737645 0.440241
-0.95803 0.285006 0.0308305
0.249937 0.902803 0.349968
-0.237825 -0.779554 0.579427
0.232205 0.149659 0.961084
-0.451621 -0.55519 0.698429
-0.147539 -0.970979 0.188235
-0.461611 -0.864049 0.200833
0.805765 -0.0849261 0.586114
-0.264928 0.964042 0.0208988
-0.397683 -0.915814 0.0559693
-0.420874 0.907091 0.00713166
0.0890189 0.783845 0.614543
0.752891 0.0569345 0.655678
0.325546 0.648215 0.688358
-0.920188 -0.254236 0.297689
-0.117017 -0.574624 0.810009
0.187784 -0.856631 0.480541
0.0395209 0.422981 0.905276
-0.686924 -0.343311 0.640526
0.214236 -0.554277 0.804289
-0.972208 -0.161705 0.169299
-0.241208 0.769015 0.591975
0.61794 -0.301379 0.726169
0.918444 -0.382488 0.100819
0.125054 0.287104 0.949701
0.165839 0.857774 0.486539
0.371641 -0.506396 0.778104
0.183818 -0.962589 0.199083
0.25307 0.764205 0.593251
-0.59826 -0.263435 0.756761
0.0223989 -0.301536 0.953192
-0.261881 0.126416 0.956785
0.329849 0.0157852 0.943902
-0.74132 -0.434089 0.511871
0.704004 -0.522194 0.481344
-0.0066538 0.977851 0.209197
0.851094 0.0628214 0.521241
-0.914479 0.367801 0.168672
-0.166435 -0.0189399 0.98587
0.874375 0.342458 0.343789
0.542616 0.18531 0.819285
0.786395 0.203211 0.583342
0.567054 -0.823221 0.0275164
-0.206659 0.28231 0.936799
0.438098 0.312899 0.842713
-0.646327 0.526421 0.552397
-0.0413716 0.286874 0.957075
-5.55112e-17 0.866025 0.5
0.973249 0.19981 0.113412
0.677438 0.195507 0.709123
0.701173 0.339547 0.626948
0.164063 0.676726 0.717722
-0.25134 0.908874 0.332831
-0.418154 0.107112 0.902039
0.988154 -0.0879365 0.125773
0.875622 0.204711 0.437469
-0.565623 0.824644 0.00574697
-0.98405 0.0268683 0.175849
0.320007 0.925932 0.200612
0.414346 0.853121 0.31702
-0.0872717 0.933408 0.348041
-0.65935 -0.5826 0.475221
-0.213206 -0.918806 0.332171
-0.143409 -0.868348 0.474769
-0.478821 0.770115 0.421489
0.977325 0.0595489 0.203201
-0.563037 -0.708855 0.424868
0.791532 0.483972 0.37316
-0.717152 -0.182649 0.672557
-0.698649 0.147023 0.700196
-0.000462814 -0.0159397 0.999873
-0.0774411 0.780588 0.62023
-0.479809 0.581842 0.656691
-0.907565 0.265038 0.325702
-0.234645 -0.168236 0.957412
0.164864 -0.000608813 0.986316
-0.0567386 -0.444108 0.894175
0.696061 -0.08901 0.712444
-0.622686 0.767376 0.152959
-0.972168 -0.233514 0.0189822
-0.725221 -0.0170027 0.688306
-0.62032 -0.492942 0.610091
-0.304693 -0.315895 0.898539
0.109359 -0.431393 0.895511
0.347857 -0.263749 0.899684
-0.6946 0.719318 0.0105831
0.655409 -0.741651 0.142805
0.049035 -0.567956 0.821597
0.942538 0.333559 0.0189667
0.388516 0.167067 0.90617
0.187584 -0.284294 0.940207
0.347783 -0.811584 0.469445
-0.126871 0.423076 0.897168
0.953948 -0.0815106 0.288685
-0.594918 0.0646041 0.801186
0.340106 0.818969 0.462188
-0.792085 -0.571468 0.214536
0.255373 -0.759732 0.59799
-0.452873 -0.815663 0.36
-0.167687 0.678071 0.715612
-0.826549 0.330065 0.455932
-0.70391 0.377971 0.601372
-0.522498 0.21261 0.825707
-0.576841 0.448902 0.682453
0.496509 0.756737 0.425239
0.968672 -0.247783 0.0166556
-0.0627367 0.559572 0.826404
-0.392087 -0.17415 0.903294
-0.001886 0.682059 0.731295
-0.280825 -0.582154 0.763043
-0.9616 0.208325 0.178679
-0.530174 -0.627305 0.570441
-0.289778 0.408001 0.865773
0.442907 0.89168 0.0934936
-0.310572 -0.84112 0.44279
0.842589 -0.507188 0.181118
-0.932366 -0.329194 0.149416
-0.581862 -0.768688 0.265623
-0.897983 0.439725 0.0164015
0.860288 -0.509704 0.0103439
0.495517 -0.850697 0.175433
0.783712 0.612959 0.100384
0.706267 0.476738 0.523363
0.0922786 -0.793487 0.601551
-0.842168 0.517056 0.15299
0.90813 -0.229358 0.350279
0.487433 0.0373588 0.872361
