0.789894 0.603821 0.107087
-0.332748 0.546487 0.768525
0.812119 0.244616 0.529741
0.826736 -0.558168 0.0704065
-0.536338 -0.0131265 0.843901
-0.527259 0.782555 0.331068
-0.499819 -0.813598 0.297051
0.17238 0.42335 0.889416
0.990821 -0.0530922 0.124318
-0.97267 -0.0379775 0.229063
-0.0789513 -0.996579 0.0244332
-0.865285 0.500469 0.028494
0.364668 0.926266 0.0951201
-0.854605 -0.51848 0.02879
0.240321 -0.492386 0.836542
-0.0222231 -0.845643 0.533287
0.494668 -0.747797 0.442836
5.55112e-17 0.866025 0.5
-0.0273492 -0.0596438 0.997845
0.488739 -0.0062545 0.872408
-0.738619 -0.402919 0.540462
-0.293257 -0.48786 0.822188
-0.770023 0.351827 0.532242
0.495966 0.674359 0.547044
-0.157846 0.987452 0.00475078
0.780775 -0.308508 0.543335
