0.81273 -0.565524 0.140192
-0.128694 0.496654 0.858355
0.379513 0.572715 0.726614
-0.547231 -0.693966 0.46792
0.735432 -0.313659 0.600631
-0.498468 0.68684 0.528943
-0.785 -0.231874 0.574464
0.79565 0.322894 0.512523
0.453275 -0.747785 0.485139
-2.01228e-16 0.866025 0.5
0.191546 0.981301 0.018921
0.977724 -0.0648637 0.19962
0.906225 0.422783 0.00339538
-0.838265 0.28449 0.465164
-0.0520868 -0.761675 0.645862
-0.509632 0.127539 0.850887
-0.767667 0.636491 0.0746168
-0.818456 -0.573881 0.0281111
-0.0173337 -0.00233922 0.999847
0.286018 -0.415592 0.86341
0.490873 0.0737214 0.868106
-0.990788 -0.0789055 0.110064
0.595356 0.754109 0.277255
0.0848089 -0.979634 0.181999
-0.410335 -0.911926 0.00405717
-0.358392 -0.380929 0.852319
-0.332051 0.938693 0.09272
