0.0207375 -0.995912 0.0879187
0.159095 -0.460928 0.87306
-0.472378 0.168308 0.865177
0.987647 -0.00267156 0.156674
0.490321 0.749722 0.444412
-0.373682 0.913533 0.160683
-0.326595 -0.316598 0.890562
0.865807 -0.49541 0.0703387
0.843454 0.509042 0.171645
0.79508 -0.294296 0.530319
-0.102689 0.514952 0.851046
-0.779093 0.609415 0.147061
0.488292 -0.07538 0.869419
-0.988846 -0.0493467 0.140528
0.477148 -0.688904 0.545657
-0.010738 -0.825465 0.564352
0.106995 0.994037 0.0210418
-0.504574 0.64703 0.571627
-0.748049 -0.232034 0.621758
0.394198 0.420071 0.817403
0.0128953 0.0439991 0.998948
-0.825697 -0.524721 0.207104
0.788676 0.21043 0.577676
0.508342 -0.858397 0.0688657
-1.11022e-16 0.866025 0.5
-0.491757 -0.665324 0.561711
-0.821835 0.256632 0.508652
-0.471679 -0.875967 0.100997
