0.953112 -0.123985 0.276052
0.403666 0.368262 0.837518
-0.893516 -0.387518 0.226844
0.712533 0.700384 0.0419314
0.483787 0.724871 0.49042
-0.842484 0.398369 0.362661
0.438162 -0.886122 0.151004
0.28059 0.95551 0.0909419
0.708181 -0.0112447 0.705941
-0.593746 -0.787804 0.1638
0.834591 0.373078 0.405303
-0.0782043 0.515276 0.853448
-0.486963 0.741907 0.460913
-0.586476 -0.512989 0.626808
0.693607 -0.484501 0.533075
-0.54404 0.344161 0.765228
-0.695238 0.718776 0.00248853
-0.80552 -0.0497388 0.590477
-0.415543 -0.123916 0.901093
-0.997896 0.0610111 0.0219219
-0.0374279 -0.99891 0.0278806
0.270286 -0.748263 0.605844
2.77556e-17 0.866025 0.5
-0.109749 -0.52088 0.846545
-0.254423 0.966366 0.0374882
-0.206404 -0.852796 0.479726
0.356053 -0.330269 0.874156
0.819174 -0.571122 0.0526621
0.0479485 0.049058 0.997644
