0.911681 -0.392536 0.121464
0.981118 0.0881285 0.172162
-2.77556e-17 0.866025 0.5
0.379385 -0.913809 0.144984
-0.804875 0.387953 0.449075
0.788794 0.491322 0.369332
0.194523 -0.791087 0.57995
-0.416006 0.909227 0.0156748
0.413619 0.647525 0.640024
-0.160826 -0.014071 0.986883
-0.266321 0.486759 0.831948
-0.291847 -0.749999 0.593571
0.184707 0.325752 0.927237
-0.472114 0.744573 0.471932
-0.589899 0.122641 0.798109
0.635682 -0.628928 0.447613
0.430156 -0.209538 0.8781
-0.797009 0.603864 0.0111812
-0.468433 -0.350122 0.811163
0.49656 0.84442 0.200954
0.000526747 -0.46375 0.885966
0.626488 0.221377 0.747332
-0.709956 -0.551697 0.437714
-0.878295 -0.0943886 0.46871
-0.549926 -0.832153 0.0714288
-0.935762 -0.348228 0.0555595
-0.987283 0.150376 0.0515715
-0.101668 -0.973788 0.203469
0.0639123 0.997374 0.0340679
0.81239 -0.186015 0.552649
