0.960005 0.27597 0.0472258
0.714707 0.695604 0.0729974
-0.310396 0.423943 0.850839
0.370849 -0.866612 0.333848
-0.257032 -0.821439 0.509091
-0.283082 0.952341 0.113623
0.788956 0.366067 0.493501
0.153508 -0.67304 0.723501
0.601104 -0.529685 0.598422
0.975732 -0.20989 0.0623929
0.336335 -0.26052 0.904991
0.160739 0.541841 0.824968
0.277038 0.95452 0.110185
-0.713523 0.695278 0.0864504
-0.50113 -0.0232205 0.86506
-0.981097 -0.188316 0.0445641
-0.721698 0.327234 0.609976
0.845321 -0.116196 0.52147
-0.466095 0.727186 0.503941
0.0285678 0.10539 0.994021
0.00578855 -0.999138 0.0410946
0.499649 0.193556 0.844326
0.467137 0.73069 0.49787
-1.38778e-16 0.866025 0.5
0.757356 -0.635499 0.150175
-0.847507 -0.135788 0.513121
-0.142047 -0.3452 0.927717
-0.777563 -0.566752 0.272374
-0.465153 -0.882154 0.0737337
-0.943753 0.27725 0.180174
-0.546153 -0.474788 0.690141
