-0.333484 0.926532 0.174147
0.283744 0.94942 0.134504
0.86536 -0.0166662 0.500873
-0.20674 0.424257 0.881626
0.532566 0.712839 0.456328
-0.927035 -0.00392095 0.374955
-0.607299 0.206268 0.76723
0.746714 -0.470569 0.470088
-0.00845942 -0.858973 0.511951
-5.20417e-18 0.866025 0.5
-0.960028 0.279899 0.00157846
0.361548 -0.628757 0.688439
0.681633 0.731614 0.0108174
0.808893 -0.587649 0.0190019
-0.256472 -0.035611 0.965895
0.264205 0.134878 0.954989
0.859333 0.410635 0.304837
0.496345 -0.821306 0.281244
-0.715177 0.698624 0.0211063
-0.245866 -0.562683 0.789264
-0.352338 -0.935868 0.00312762
0.985629 -0.154713 0.0678244
0.108803 -0.991135 0.0762494
0.229261 0.572648 0.787092
-0.432652 0.696739 0.57216
-0.807018 -0.458499 0.372157
-0.79574 0.446213 0.409502
0.557853 -0.200441 0.805372
0.623095 0.327619 0.710224
0.122266 -0.313154 0.941799
-0.463712 -0.774409 0.430421
-0.606504 -0.263582 0.750118
