0.822387 -0.397261 0.407263
-0.577165 0.353434 0.736183
0.753558 -0.656787 0.0279317
-0.449367 0.748056 0.488346
-1.38778e-17 0.866025 0.5
-0.267201 0.0868188 0.959722
-0.985463 0.150427 0.0789527
-0.168742 0.562831 0.809165
0.14988 -0.19261 0.969761
0.165497 0.271364 0.948141
-0.319268 -0.931659 0.173433
-0.677365 -0.667922 0.308313
-0.400808 0.91438 0.0571137
-0.853699 0.0500111 0.51836
-0.269153 -0.375673 0.886807
-0.803695 0.480613 0.350836
0.0565768 0.996734 0.057623
-0.669745 -0.355281 0.652087
0.341495 0.624429 0.702474
0.526306 -0.372029 0.764589
0.966895 0.249232 0.0547564
0.0745611 -0.905042 0.418735
0.72608 0.497798 0.474346
0.75017 0.660063 0.0395212
-0.319681 -0.735624 0.597211
0.976964 -0.21319 0.00951041
0.375516 -0.924524 0.0651402
0.571409 0.0876542 0.815971
0.114418 -0.615325 0.779926
-0.932576 -0.291389 0.213061
0.880585 0.0595133 0.470136
0.422168 0.853271 0.306107
0.501608 -0.728183 0.467053
