-0.418196 -0.523251 0.74251
0.429484 0.835236 0.343401
-0.793531 0.493034 0.356689
0.6944 -0.702003 0.158112
-0.276873 0.949947 0.144717
0.968749 0.152727 0.195446
-0.462021 -0.800981 0.380745
0.478033 -0.136124 0.86773
0.66077 -0.494102 0.565019
0.334565 -0.942343 0.00750109
0.929432 -0.310428 0.199475
-0.66245 0.749106 7.6051e-05
-0.875837 0.0592105 0.478961
-0.778305 -0.388232 0.493475
-0.238665 0.140621 0.960867
-0.137772 0.563034 0.814869
-0.0816314 -0.977222 0.195892
-0.0671145 -0.787475 0.612681
0.359298 -0.818669 0.447979
0.818975 -0.0641349 0.570234
2.77556e-17 0.866025 0.5
-0.970757 0.239326 0.0188269
-0.438958 0.735671 0.515853
0.683902 0.369726 0.628952
-0.574802 0.35719 0.736219
-0.0842818 -0.290695 0.953097
0.308817 0.614234 0.726188
-0.591605 -0.103019 0.799619
-0.970916 -0.207778 0.118955
-0.776497 -0.622208 0.0995465
0.21119 0.226965 0.950729
0.15844 0.987345 0.00676226
0.269167 -0.538055 0.798778
0.787154 0.57188 0.230957
