-0.0526342 0.559764 0.826979
-0.546334 -0.482195 0.684841
0.347517 0.912417 0.216166
-0.943141 -0.332361 0.00465607
0.517383 -0.41511 0.74833
-0.581531 -0.050814 0.811935
0.887243 -0.458988 0.0461643
0.63155 0.0204732 0.775065
-0.432357 0.738552 0.517309
0.0238805 -0.994428 0.10268
-0.984165 0.092225 0.151372
-0.502294 0.864107 0.0319271
-0.0725337 0.994635 0.0737603
0.21286 -0.161379 0.963663
0.910543 0.411566 0.0390466
-0.134455 0.143556 0.980466
0.993261 -0.0256608 0.11302
-0.215971 -0.297234 0.930058
-0.46744 0.385304 0.795639
0.859022 0.239104 0.45267
-0.41018 -0.895091 0.174828
-0.736619 -0.608215 0.295749
0.843649 -0.24454 0.477972
-0.231255 -0.785428 0.574129
-0.769591 0.582505 0.261567
-0.807591 0.23154 0.542389
0.658286 -0.645617 0.38709
0.359456 0.651501 0.668085
-3.53884e-16 0.866025 0.5
0.459748 -0.885949 0.0610452
0.290377 0.28032 0.914933
0.10424 -0.588042 0.802085
0.681461 0.641456 0.352341
0.255482 -0.849463 0.461672
-0.848407 -0.213914 0.484196
