-0.313259 -0.579227 0.752572
-0.107783 -0.224425 0.968512
0.554194 0.277797 0.784664
0 0.866025 0.5
0.614732 -0.745596 0.257276
-0.853908 -0.506942 0.117687
-0.561043 0.796508 0.2254
-0.807664 -0.303119 0.505764
0.239603 -0.84117 0.484793
0.529622 -0.5506 0.645244
0.760392 0.471491 0.446654
0.122972 -0.566952 0.81452
-0.883125 0.400688 0.244007
0.674551 -0.141935 0.724455
-0.460731 0.235408 0.855751
0.652346 0.748199 0.121008
-0.622009 0.533094 0.573512
0.280742 -0.957797 0.0617189
-0.175837 0.978067 0.111652
-0.801929 0.130817 0.582921
-0.231002 0.600591 0.765459
0.995113 -0.0984729 0.00735032
0.84166 -0.376341 0.387266
-0.157082 -0.987378 0.0202279
0.939899 0.334598 0.0680724
0.426358 0.754201 0.499399
0.910048 0.0584875 0.410356
-0.524678 -0.199793 0.827524
-0.198084 -0.873786 0.44414
-0.978063 -0.0281001 0.206406
0.303577 -0.0671296 0.950439
0.203113 0.542567 0.815087
0.263243 0.95421 0.142081
-0.594081 -0.680849 0.428383
-0.0376328 0.210656 0.976836
-0.566403 -0.824034 0.012429
