-0.611425 -0.507722 0.606941
-0.154622 -0.961241 0.228272
-0.558752 -0.82259 0.105557
-0.597108 -0.105293 0.79522
0.323718 0.633682 0.702605
0.193768 0.263684 0.944947
-0.885566 -0.0460497 0.462225
0.408529 0.852824 0.325263
-0.241059 -0.753508 0.61165
0.581655 -0.778528 0.235736
0.861202 -0.507836 0.020835
0.931936 0.352973 0.0830937
-0.837811 -0.497661 0.224513
-0.178136 0.0232959 0.98373
-0.991477 -0.124699 0.0377244
-0.2722 -0.397655 0.876229
0.531888 -0.570765 0.625558
-0.101455 0.569778 0.815512
0.61794 -0.159238 0.769931
-0.454107 0.684441 0.570375
0.1239 -0.585057 0.801472
0 0.866025 0.5
0.216427 -0.180024 0.959558
-0.468603 0.319301 0.823686
-0.9444 0.31267 0.101717
0.0778994 0.994886 0.0642917
0.241415 -0.970262 0.0176117
0.881531 0.118092 0.457118
0.59398 0.284302 0.752569
0.693105 0.720763 0.0103338
0.993044 -0.0873137 0.0789947
0.845221 -0.323794 0.425158
0.720803 0.551099 0.420396
0.208981 -0.861067 0.463562
-0.773327 0.381826 0.506137
-0.709082 0.680823 0.183527
-0.334387 0.918325 0.21181
