-0.039543 0.411058 0.910751
0.754231 -0.577223 0.312969
0.234016 0.970766 0.0533775
-0.807474 -0.567778 0.160042
-0.143327 0.483784 0.863371
-0.621493 -0.416336 0.663634
0.931566 0.19676 0.305728
0.752271 -0.334915 0.56738
0.49594 0.542572 0.677982
-0.081906 -0.701454 0.707993
-0.718743 0.466576 0.515476
0.67633 0.231082 0.699413
-0.583407 -0.573929 0.574667
0.374496 0.587003 0.717761
0.445586 0.84065 0.307832
-0.756901 0.519248 0.39684
-0.264928 -0.9636 0.0358812
0.888038 -0.251615 0.38481
0.399388 0.0121165 0.916702
0.225566 0.489954 0.84206
-0.0932753 0.906887 0.410921
-0.837032 -0.147993 0.526759
0.222628 0.948594 0.22496
-0.90396 0.352997 0.241349
0.868688 -0.372321 0.326738
-0.513683 -0.800791 0.308
0.287668 -0.195148 0.937638
0.484536 -0.711757 0.508553
-0.184455 -0.303602 0.934774
-0.994938 -0.0769958 0.0645793
-0.153409 -0.773489 0.614963
-0.221276 0.972341 0.0747716
-0.581423 -0.715172 0.387912
-0.95331 0.270387 0.134502
0.12708 0.982606 0.135412
0.658876 0.544491 0.51905
-0.974013 -0.211608 0.0807485
-0.42357 0.653071 0.627763
0.0723612 0.339936 0.937661
0.771949 0.0273034 0.635098
0.00028122 -0.90109 0.433631
-0.939116 0.223793 0.260726
0.463021 0.885454 0.0397817
-0.081971 0.707161 0.702285
0.864117 -0.453382 0.21851
0.308245 -0.846589 0.433903
0.395148 -0.260977 0.880766
0.317086 -0.633057 0.706183
0.983255 0.166452 0.0741885
0.403852 0.806181 0.432407
0.183379 0.918303 0.350845
0.169368 -0.958087 0.23105
0.23222 -0.966249 0.111517
-0.879365 -0.461545 0.117015
0.0363741 -0.976158 0.21399
-0.691783 0.278878 0.666081
-0.654549 -0.745575 0.125231
0.239296 -0.910687 0.33673
-0.358764 -0.924971 0.125367
0.278557 -0.325747 0.903491
0.60791 0.484471 0.629073
-0.116598 0.596764 0.7939
0.522299 0.760679 0.38545
0.100225 0.994959 0.0033844
-0.902936 -0.0899789 0.42025
-0.984557 0.00544784 0.174981
0.674578 -0.302608 0.673329
0.54622 -0.821691 0.162691
0.352621 0.929958 0.104097
-0.0336479 -0.996557 0.0757819
0.858525 0.449692 0.246399
-0.705615 0.147045 0.693171
0.69975 -0.565698 0.436274
-0.639896 -0.616165 0.459211
0.902046 0.326671 0.282132
0.480403 -0.875176 0.0572753
0.634767 -0.540474 0.552231
-0.0699686 -0.116319 0.990744
-0.85984 0.119113 0.496476
-0.395246 0.895031 0.206639
-0.564492 0.479292 0.672033
0.49779 0.0877579 0.862846
0.101493 -0.548058 0.83026
0.221213 -0.816641 0.533068
-0.514746 0.831616 0.208451
0.922045 -0.361865 0.137429
-0.770718 -0.406503 0.490661
-0.69395 -0.121891 0.709631
0.961386 -0.151172 0.229964
0.463291 0.350925 0.813765
-0.0491785 -0.947323 0.31648
0.801139 -0.568727 0.186349
-0.617149 -0.040618 0.785797
-0.695159 -0.634892 0.337144
0.0106837 0.636588 0.77113
0.172208 0.14596 0.974187
0.425809 0.473665 0.770926
-0.436597 -0.871737 0.222389
0.797513 0.351466 0.490352
0.377998 -0.391125 0.83913
0.94961 -0.313107 0.0142715
-0.266267 0.804601 0.530772
0.893422 0.145522 0.424995
0.989048 -0.101427 0.107224
-0.272493 -0.390191 0.879487
0.559664 0.787468 0.258206
-0.978638 0.138617 0.151832
0.599253 0.0238329 0.800205
-0.186262 -0.037862 0.98177
0.727354 0.632806 0.265541
-0.057997 0.285157 0.956724
0.898683 -0.437714 0.0278565
0.838386 -0.0463701 0.543101
-0.0973474 -0.976277 0.193409
0.491162 -0.323465 0.808783
0.885311 -0.128961 0.446759
-0.351882 0.831657 0.429564
0.666306 0.744068 0.0489871
-0.00404181 0.985673 0.168619
-0.347022 -0.477122 0.807422
0.976178 -0.0173863 0.216272
0.399288 -0.124529 0.908329
0.0517281 -0.0575335 0.997003
0.501779 -0.185874 0.844789
0.176489 -0.128222 0.975915
0.388406 0.152837 0.908725
-0.997335 0.0569415 0.0456032
0.560566 -0.501099 0.659292
0.688891 -0.171671 0.704243
-0.182662 0.933429 0.308779
-0.734396 -0.523112 0.432453
-0.721326 -0.660944 0.206984
-0.690518 0.716621 0.0981808
0.590755 0.664978 0.45696
-0.224568 0.877156 0.424461
-0.208512 0.662476 0.719478
-0.0814215 -0.846268 0.526498
-0.757006 -0.20258 0.621211
-0.0501577 0.955078 0.292078
0.835951 0.403803 0.371657
-0.41105 -0.728073 0.548587
0.433624 -0.79833 0.417899
-0.0741464 -0.51293 0.855222
0.1232 0.572607 0.81052
0.308243 0.688069 0.656923
-0.466438 -0.771512 0.432673
0.286714 0.0765071 0.954957
-0.789142 0.551898 0.269562
-0.853652 -0.0138603 0.52066
0.764652 0.161927 0.623769
-0.935498 -0.340644 0.0938377
0.136209 0.872569 0.469117
0.609426 -0.74963 0.258175
-0.917068 0.042458 0.396464
-0.895487 -0.309723 0.319648
0.487318 0.22142 0.844686
-0.501723 0.301493 0.810787
0.447365 -0.56825 0.69062
-0.519874 0.0346747 0.853539
0.467541 -0.453226 0.758941
0.0573615 0.077635 0.99533
0.663469 -0.42466 0.616013
-0.313552 -0.913007 0.260965
-0.563664 -0.335027 0.75501
-0.584127 -0.811104 0.0300908
0.892245 0.451517 0.00560967
0.199509 0.373548 0.905902
-0.779455 0.200857 0.593386
0.591619 -0.805872 0.0236176
-0.551149 -0.815255 0.177749
-0.623412 -0.736989 0.26116
-0.407091 -0.167903 0.897823
-0.243172 0.549296 0.799463
0.497162 -0.816823 0.292626
0.311805 0.87775 0.363776
0.222049 0.772207 0.595308
-0.593408 0.686139 0.420809
-0.693524 0.630274 0.34897
-0.39698 -0.346121 0.850063
-0.48141 0.427282 0.765294
0.694007 0.598557 0.400106
0.247351 0.597431 0.76282
-0.608704 0.227958 0.759944
0.794673 -0.469739 0.3845
-0.785823 -0.545339 0.291696
0.0376004 -0.447076 0.893706
0.649057 0.360297 0.670008
0.602194 -0.113435 0.79025
-0.468679 -0.42992 0.771692
-0.0135056 0.528499 0.848826
0.690307 0.09765 0.716896
-0.176784 0.762062 0.622904
0.0927243 0.809049 0.58038
0.631403 0.700379 0.332865
0.3543 0.75656 0.549627
-0.350281 0.932803 0.0847512
0.745961 0.656154 0.114036
-0.215647 -0.684848 0.696045
0.350466 0.90603 0.237243
0.826525 0.560547 0.0514171
-0.0129158 -0.781621 0.62362
-0.416631 -0.0333637 0.908463
0.964368 -0.234156 0.123147
0.352778 -0.522814 0.776024
-0.435505 0.840043 0.323517
-0.288154 0.302768 0.908459
0.780414 -0.150688 0.606834
0.0846007 -0.93853 0.334669
0.273717 -0.731652 0.624311
-0.0679434 0.153403 0.985825
-0.838567 0.43815 0.323775
-0.182498 -0.93894 0.291696
0.260543 -0.457347 0.850266
0.542177 0.419641 0.727974
0.172745 0.00757397 0.984937
-0.805667 0.388804 0.446914
0.0687423 -0.842379 0.534483
-0.587457 0.804046 0.0916761
0.953197 0.297112 0.0560349
-0.311527 -0.26242 0.913284
0.0891768 0.960555 0.263405
0.362818 -0.767214 0.52891
-0.66287 0.581664 0.471455
-0.388953 0.747998 0.537787
-0.136628 0.842203 0.521562
-0.45168 0.546023 0.705581
0.807922 0.559357 0.185423
0.8254 0.222207 0.518979
-0.301741 0.711522 0.634578
-0.838574 0.252044 0.482978
-0.190756 -0.172209 0.966414
0.899481 0.0108799 0.436824
-0.345055 -0.665976 0.661372
-0.405708 0.238508 0.882335
0.429422 -0.881764 0.195163
-0.208078 -0.502194 0.839348
-0.2689 0.942624 0.197873
-0.0841586 -0.39243 0.915924
0.927604 -0.281209 0.245913
-0.0102812 -0.612868 0.790118
0.660663 0.725466 0.192936
-0.364366 0.489598 0.792169
-0.388627 0.367416 0.84497
-0.145164 -0.606989 0.78134
0.734292 -0.454126 0.504564
0.951067 0.249274 0.182574
-0.515915 0.170062 0.839589
-0.597689 -0.185973 0.77986
-0.284563 -0.759658 0.584759
-0.137382 0.972618 0.187457
-0.720947 0.657381 0.219285
-0.550941 0.76948 0.323054
-0.265061 -0.884467 0.384006
0.574224 0.290371 0.765475
-0.266808 0.42849 0.863255
0.593444 0.158548 0.789105
-0.308869 0.0368831 0.950389
-0.846752 0.508927 0.154933
0.408755 -0.673904 0.615445
-0.806171 -0.279615 0.521444
0.653159 -0.746267 0.128333
0.827544 -0.233314 0.510622
-0.0646153 -0.249277 0.966274
-0.50999 0.679733 0.527136
-0.579299 0.575093 0.577651
0.18637 -0.676999 0.711996
-0.910718 0.397095 0.11362
0.476715 0.718957 0.50581
0.375639 -0.870143 0.318976
0.597751 -0.645511 0.475405
0.360185 -0.928645 0.0887983
-0.973734 -0.128809 0.18775
-0.302102 0.171416 0.937737
0.290679 -0.0587309 0.955017
0.690954 -0.0375512 0.721923
-0.624563 0.751958 0.210903
0.0497343 0.730119 0.681508
-0.589722 0.357104 0.724365
0.464053 0.868547 0.174013
0.754362 0.477294 0.450698
-0.468563 -0.628898 0.620432
0.227519 -0.572625 0.787613
-0.759716 0.330478 0.560014
0.818903 -0.354597 0.451286
-0.492045 -0.251284 0.833515
-0.780694 0.616001 0.105166
-0.956764 0.0905719 0.276404
0.743969 0.293553 0.60028
-0.476815 -0.875181 0.0818924
-0.878643 -0.223062 0.422173
0.593734 -0.246279 0.766046
-0.22877 -0.959191 0.166181
-0.678043 -0.478732 0.557739
-0.16439 0.359508 0.918548
-0.819246 -0.439218 0.368678
0.945121 0.0629684 0.320596
-0.280424 -0.585271 0.760802
0.0429007 0.922093 0.384583
0.179216 0.694142 0.697172
-0.710611 0.0122348 0.703479
0.831938 -0.552069 0.055663
-0.0643903 0.01868 0.99775
-0.665622 -0.268062 0.696484
-0.415745 0.105235 0.903373
0.505164 -0.0516533 0.861476
0.710711 -0.667508 0.222087
0.0570337 -0.191628 0.979809
0.97288 0.116842 0.199633
-0.934794 -0.176542 0.308209
-0.302548 -0.0982452 0.948057
-0.943731 -0.261101 0.202972
-0.526124 -0.510932 0.67981
-0.98138 0.190197 0.0267837
-0.333247 0.610075 0.718857
-0.755538 -0.651626 0.0674296
0.369124 0.284586 0.884736
0.248359 0.250924 0.935604
-0.39454 -0.84997 0.349126
0.907012 0.40052 0.130054
0.576676 -0.382302 0.722004
0.65885 -0.665089 0.351531
-5.55112e-17 0.866025 0.5
0.871494 0.277429 0.404389
0.995206 0.0328814 0.0921098
0.153559 -0.885595 0.43834
0.551279 -0.738299 0.388596
0.13547 -0.768127 0.625802
-0.407318 -0.561359 0.720395
0.0986104 0.460502 0.882164
-0.87811 0.307869 0.36625
0.709163 0.421346 0.565292
0.0533681 -0.701757 0.710415
0.938893 -0.071214 0.336762
-0.190715 0.09727 0.976814
-0.906558 0.176703 0.383313
0.83987 0.0887037 0.53549
0.169462 -0.2609 0.950376
0.26524 0.83438 0.483174
0.526432 -0.61218 0.590004
0.433694 0.656089 0.617622
-0.473282 0.876529 0.08775
0.0538485 0.211482 0.975897
-0.0427722 0.794084 0.606301
0.334725 0.410266 0.848317
-0.780955 -0.0685336 0.620815
-0.530314 -0.67889 0.507814
-0.516286 -0.103842 0.850097
-0.133273 -0.901387 0.411995
-0.181822 0.230644 0.9559
-0.617182 0.094597 0.781113
0.100065 -0.99039 0.0954748
-0.947408 0.319909 0.00873284
-0.312275 0.895521 0.317058
0.551352 0.606777 0.572567
-0.719695 -0.347375 0.60114
0.0472738 -0.322425 0.945414
-0.873116 -0.420939 0.245923
-0.471492 0.768495 0.432562
0.751011 -0.65361 0.0936818
0.783777 0.527114 0.328396
-0.343159 -0.813832 0.468956
-0.0882553 0.9941 0.0630623
-0.214018 -0.838763 0.500672
0.158916 -0.388794 0.907516
-0.953575 -0.0429388 0.298078
-0.83553 -0.548942 0.0234983
-0.66743 0.40536 0.624676
0.575091 0.808416 0.125434
-0.790426 0.0669007 0.608894
0.304209 -0.927053 0.219157
