0.50569 -0.460423 0.729581
0.885866 0.398154 0.238146
-0.883251 -0.139975 0.447521
0.651272 0.756536 0.0591506
-0.745132 0.654572 0.127728
0.485124 -0.348113 0.802167
-0.533053 -0.509446 0.675514
-0.523863 0.587173 0.617086
0.87661 -0.402696 0.263421
-0.405312 -0.88904 0.212908
0.0345659 0.113441 0.992943
-0.566173 0.819008 0.0931334
0.758521 -0.650954 0.0300783
-0.649673 -0.539855 0.535241
0.845114 -0.365894 0.389749
0.979753 0.0583763 0.191508
0.0219086 0.246003 0.969021
0.476819 -0.83605 0.27141
0.710986 -0.459983 0.531897
0.723829 0.207312 0.658099
-0.496983 -0.183694 0.848095
0.903885 0.259217 0.340291
-0.230999 0.327733 0.916095
0.243071 0.963841 0.109213
-0.842063 -0.483071 0.239944
0.257631 -0.923747 0.283405
-0.114298 -0.811656 0.572844
0.358397 0.881888 0.306308
-0.436089 0.549284 0.712821
-0.652788 0.263824 0.710116
0.199515 0.745424 0.636032
-0.525902 -0.831255 0.180117
0.612816 0.544919 0.572294
-0.799912 -0.473904 0.368179
-0.349292 0.382489 0.855393
0.849051 0.379972 0.367061
0.939458 -0.338329 0.0543322
-0.956114 0.238465 0.170235
-0.737146 0.171586 0.653585
-0.614829 0.725608 0.308995
0.383094 0.0228195 0.923428
0.527473 -0.559127 0.639648
-0.344933 0.255942 0.903058
0.959023 0.281023 0.0360705
-0.129073 0.989944 0.0578865
0.651474 -0.126743 0.748009
0.260332 -0.954029 0.148514
0.958495 -0.0404557 0.282224
0.887609 0.160748 0.431637
-0.858015 -0.0243276 0.513049
-0.0533233 -0.1122 0.992254
-0.931418 -0.263549 0.251003
0.145636 -0.964685 0.219481
0.889806 -0.436502 0.133083
0.569535 -0.243783 0.784984
-0.545991 0.473386 0.69123
0.985604 -0.0712824 0.153306
0.80979 0.49704 0.311756
-0.519711 -0.0476336 0.853013
-0.557673 0.220151 0.800334
0.940318 0.295185 0.169317
-0.154273 -0.198897 0.967802
-0.923267 0.238089 0.301483
-0.744107 -0.454255 0.489854
-0.87801 0.101578 0.467739
0.906394 0.409209 0.104874
0.110252 -0.794442 0.597249
-0.317672 -0.00871491 0.94816
0.479988 0.464594 0.744153
-0.375637 0.756395 0.535504
0.176805 -0.0542775 0.982748
0.58096 -0.789282 0.198798
-0.147827 -0.96526 0.215452
0.359446 0.471677 0.805183
0.0399034 0.635841 0.770788
0.32487 0.74739 0.579541
-0.45752 0.876415 0.150242
-0.812051 0.20772 0.545367
-0.659253 -0.318846 0.680971
-0.345153 -0.36033 0.866621
0.745571 -0.597896 0.294355
-0.218467 -0.402152 0.889126
-0.821734 -0.351394 0.448638
0.67204 -0.250324 0.696922
-0.343716 0.914691 0.212601
0.451899 -0.726982 0.516996
0.804372 -0.485775 0.342064
-0.868839 -0.483321 0.107324
0.141923 -0.986139 0.0859486
0.569919 0.122378 0.812537
-0.246804 -0.784639 0.568708
-0.792251 0.444701 0.417827
0.997764 0.0270127 0.0611357
-0.459619 0.307378 0.833228
0.579997 -0.811987 0.065424
0.0956406 -0.703927 0.703803
0.410945 -0.556705 0.721944
0.297831 0.665849 0.684063
0.254836 -0.966884 0.0139423
0.513124 0.244757 0.822677
0.778945 0.402987 0.480465
-0.375351 -0.749803 0.544891
0.372071 -0.903142 0.214239
0.253163 0.936822 0.241399
0.230624 -0.810963 0.537728
-0.288835 0.718893 0.632272
0.373459 -0.924139 0.0805891
0.248969 -0.877353 0.410202
0.573858 -0.750327 0.32817
0.640951 0.690299 0.335662
-0.558248 0.351239 0.751658
0.664106 0.331471 0.670142
0.169498 0.657363 0.734264
-0.738697 -0.35007 0.576001
-0.888971 -0.256662 0.379283
0.138404 0.556677 0.819119
0.973088 -0.201795 0.111255
0.624203 0.227763 0.747326
0.544417 -0.118821 0.830356
-0.265576 0.825541 0.497947
0.723201 0.586756 0.364277
0.348371 0.936974 0.026772
-0.557877 -0.828495 0.0486828
-0.465941 -0.313733 0.827327
0.757637 0.308654 0.575082
-0.35814 0.930561 0.0761026
-0.666024 -0.664297 0.339297
-0.874925 0.459072 0.154137
-0.435115 0.852256 0.290403
-0.223171 -0.902832 0.367545
-0.191132 0.673454 0.714092
0.249146 0.888278 0.38586
0.702594 -0.354937 0.61675
0.865604 -0.241431 0.43868
-0.760797 -0.579387 0.2924
0.46533 -0.79047 0.398278
-0.00425686 0.372283 0.92811
-0.407897 -0.100941 0.907431
-0.807267 0.0784329 0.584952
0.853021 0.0626078 0.518107
-0.434668 0.0468313 0.899372
-0.704649 -0.091677 0.703609
0.670536 -0.69976 0.246411
0.11545 -0.278302 0.95353
-0.0857534 -0.448053 0.889885
0.33522 -0.738965 0.58443
-0.629015 0.506566 0.589686
-0.932441 0.110029 0.344163
-0.315185 0.884443 0.344121
-0.814959 -0.578846 0.0279298
-0.41429 -0.556105 0.720494
-0.990996 -0.0184973 0.132611
-0.960528 -0.251231 0.119451
-0.666917 0.63313 0.392897
-0.651072 0.737867 0.177924
0.560844 0.815932 0.140391
0.461565 0.88365 0.0782387
0.623047 -0.562096 0.54393
-0.183396 -0.0674061 0.980725
-0.907551 -0.378007 0.182924
0.421038 0.661523 0.620576
-0.841923 0.45798 0.285341
-0.87285 -0.373857 0.313629
-0.157967 -0.631072 0.75947
0.457543 -0.228464 0.859336
0.02224 0.92467 0.38012
0.84308 0.509034 0.173493
-0.723779 0.419538 0.547842
-0.411205 0.661398 0.627266
0.939103 0.0832816 0.333391
0.86095 -0.118377 0.494724
0.253446 0.259224 0.93197
0.132589 0.31972 0.938189
-0.825162 0.560146 0.0731028
-0.297244 -0.694085 0.655662
0.211368 -0.183109 0.960101
-0.734933 0.29916 0.608585
0.785856 -0.349389 0.510253
-0.0177967 -0.240904 0.970386
-0.646224 0.389508 0.656261
-0.238921 0.962055 0.131782
-0.821137 -0.236183 0.519568
-0.0957709 -0.93662 0.337004
-0.667107 0.743679 0.0437072
0.831714 -0.549248 0.0811043
0.476263 -0.879289 0.00492594
-0.423232 -0.653757 0.627277
0.59486 -0.35921 0.719103
0.615253 -0.00277647 0.788325
0.805632 -0.0410615 0.590991
0.994497 -0.102442 0.0219472
0.91927 -0.139034 0.368257
0.506362 0.561997 0.654031
-0.477819 -0.823316 0.306332
0.95335 0.181374 0.241304
-0.443683 -0.892313 0.083208
-0.060166 -0.563411 0.823983
0.0121898 -0.999803 0.0156411
0.442351 0.360076 0.821383
0.2712 -0.428337 0.861962
0.312928 -0.646281 0.695987
-0.106879 0.287284 0.951864
0.22457 0.820499 0.52569
-0.971472 -0.138079 0.192812
-0.220875 0.938931 0.26386
0.0227921 -0.988417 0.15004
0.824776 -0.523505 0.213747
0.350878 -0.809844 0.470145
-0.0938566 0.154946 0.983454
-0.866043 0.347435 0.359524
0.265754 0.571955 0.776042
-0.405027 0.813876 0.416604
-0.166567 -0.727795 0.665259
0.840303 0.283847 0.461869
0.00231021 0.992809 0.119684
0.144627 0.189079 0.971253
0.453803 0.130288 0.881526
0.675495 0.103443 0.730073
0.304319 -0.0842025 0.948841
0.764588 0.59971 0.23612
0.731573 0.670129 0.125412
0.503429 0.0056453 0.864018
-0.208035 0.0655409 0.975923
-0.807144 0.33065 0.48907
-0.0117732 -0.762882 0.64643
-0.761391 0.551523 0.340744
-0.0305121 0.792353 0.6093
-0.551484 -0.740557 0.383981
0.144435 -0.401062 0.904593
-0.0895606 0.603146 0.792587
-0.301159 -0.837198 0.456511
0.591155 0.45187 0.668094
-0.124051 -0.880795 0.456958
-0.989511 -0.131919 0.0588656
-0.194362 0.89374 0.404292
0.130261 0.883309 0.45033
-0.274862 -0.929635 0.245419
-0.874176 0.230645 0.427339
0.336543 -0.211821 0.917535
0.242686 -0.309248 0.919494
-0.355359 -0.871695 0.337442
0.0149977 -0.365962 0.930509
-0.317162 -0.482762 0.816302
-0.603339 -0.754 0.259742
0.691876 0.429093 0.580678
-0.931647 0.349995 0.0976575
-0.523388 0.749219 0.405877
0.104632 0.44314 0.890325
0.0988639 0.812145 0.575019
0.318381 0.363603 0.875458
-0.73388 -0.674757 0.0782507
0.756437 -0.633126 0.164179
0 0.866025 0.5
0.367772 -0.333769 0.867952
0.67494 -0.728954 0.114376
0.0689244 -0.596044 0.799988
0.341648 0.820743 0.457884
-0.0997299 0.457254 0.883727
-0.578213 -0.261452 0.77286
0.00771264 -0.849197 0.52802
0.325649 0.144829 0.934332
0.216768 0.0746407 0.973365
-0.221318 -0.97455 0.0356492
-0.233034 0.451436 0.861337
0.955512 -0.169424 0.24144
0.551088 0.78162 0.292185
-0.64879 0.134303 0.749022
-0.320002 0.618611 0.717579
-0.473645 0.880571 0.0159745
0.171072 -0.516405 0.839083
0.366181 -0.864695 0.343823
0.232801 0.466081 0.853565
0.744508 -0.145457 0.651575
0.0822346 -0.151004 0.985107
0.97955 0.169023 0.109144
-0.609371 -0.645318 0.460686
-0.602978 0.613086 0.510435
-0.0992915 -0.990817 0.0917741
-0.0820077 0.0207944 0.996415
-0.133021 0.846624 0.515299
-0.220118 0.56766 0.793291
-0.288361 -0.596538 0.748993
0.0145148 0.967605 0.25205
0.121223 0.991091 0.0551705
0.00916518 0.529339 0.848361
-0.452039 0.178575 0.87394
0.645734 0.734801 0.207596
-0.930225 -0.363521 0.0503306
-0.604312 -0.129366 0.786175
-0.640349 -0.441976 0.628181
0.392233 -0.449621 0.802492
-0.743234 -0.225976 0.629713
-0.427044 -0.796118 0.428754
-0.714946 0.649238 0.259505
0.812432 0.187081 0.552227
-0.0985763 0.941711 0.321656
0.360042 0.91905 0.160367
0.800752 -0.222925 0.555969
-0.256112 -0.277526 0.925952
0.216794 -0.729144 0.649114
0.142224 0.937076 0.318842
-0.890588 0.454378 0.0198322
-0.44077 -0.439032 0.782926
-0.703404 0.530464 0.473107
-0.99104 0.106438 0.0806852
-0.90704 0.352231 0.230678
0.0432632 -0.485264 0.873297
0.480421 -0.865874 0.139491
0.128968 -0.871871 0.472449
0.531707 0.649365 0.543703
-0.631499 0.00272909 0.775372
0.439244 0.741271 0.507525
-0.0292767 -0.669222 0.742485
-0.726064 0.0408026 0.686416
-0.541659 -0.606688 0.581838
0.631662 0.627554 0.455169
-0.452918 0.431628 0.780104
-0.494469 0.692526 0.52527
0.428347 -0.102088 0.897829
-0.936855 -0.132856 0.3235
0.655175 -0.654243 0.377773
0.81169 0.580671 0.0630943
0.56812 -0.668172 0.480401
-0.7959 -0.583408 0.161799
-0.545357 0.807081 0.226286
0.772009 0.0840398 0.630032
-0.162944 0.767051 0.62055
-0.496771 -0.707163 0.50313
0.620682 -0.461219 0.634059
0.46276 0.85781 0.223642
-0.218706 0.198832 0.955318
-0.321929 -0.939263 0.11894
-0.111195 0.975235 0.191187
0.193221 -0.625846 0.755634
-0.970399 0.111349 0.214307
-0.33056 0.125362 0.935422
0.138781 -0.926728 0.349163
0.906937 -0.0146619 0.421012
0.90903 -0.273327 0.314575
0.389326 0.573264 0.720967
0.428897 -0.650852 0.62645
0.717525 -0.020625 0.696227
-0.971885 0.232692 0.0359854
0.719635 -0.546541 0.428273
-0.380034 -0.232771 0.895205
-0.712173 -0.564185 0.417738
-0.188447 -0.521233 0.832348
0.293797 -0.541277 0.787847
-0.802089 0.560397 0.206417
-0.118045 -0.325809 0.938037
-0.339006 0.503101 0.794962
0.55809 0.350943 0.751913
0.933254 -0.307376 0.185894
-0.556692 -0.389606 0.73369
0.0163649 -0.912496 0.408758
-0.792372 -0.103174 0.60125
0.0700505 0.730675 0.679122
0.392993 0.251109 0.88459
-0.708119 -0.673808 0.211068
0.707959 0.518164 0.479897
-0.639889 -0.757473 0.129523
0.133912 0.972875 0.188633
0.543544 0.725073 0.422883
0.0258221 -0.959045 0.282074
-0.964113 -0.0138817 0.265129
-0.545118 0.0890463 0.833617
-0.919476 -0.0155402 0.392839
0.0465869 -0.0211973 0.998689
0.449204 0.810232 0.376483
-0.286997 -0.147418 0.94652
-0.0595025 0.704067 0.707637
