-0.24292 0.43678 0.866148
-0.726924 -0.442294 0.525317
0.975581 0.187182 0.11491
-0.551613 -0.788849 0.271
-0.19285 0.325983 0.925496
0.708497 0.539058 0.455466
0.734182 -0.556811 0.388508
-0.864309 -0.5019 0.032658
-0.749343 0.358067 0.557022
0.409242 0.909631 0.0713621
0.318305 -0.110933 0.941475
-0.732208 0.611108 0.300696
0.76744 0.574852 0.283869
-0.674123 0.323465 0.664025
-0.847957 -0.108004 0.518944
0.328444 -0.242765 0.912792
-0.39379 0.811483 0.431769
-0.503821 0.424934 0.752061
-0.438775 -0.241604 0.865508
0.750906 0.212601 0.625252
-0.71522 -0.304046 0.629299
0.550936 -0.311569 0.774205
-0.141673 -0.974626 0.173303
-0.188747 0.910411 0.368138
0.265668 0.818849 0.508829
-0.185253 -0.897906 0.399307
0.683372 -0.523099 0.509284
0.871131 -0.226861 0.435505
0.071296 -0.75206 0.655227
-0.347835 -0.573394 0.741775
0.853352 0.516038 0.0741285
0.643335 -0.360407 0.675446
-0.648562 -0.421701 0.633669
-0.877641 0.289676 0.381884
0.925886 -0.130634 0.354499
0.719196 -0.691656 0.0660927
-0.0367106 -0.0386882 0.998577
-0.299481 0.533854 0.790766
-0.697736 0.710481 0.0915508
0.649517 -0.234055 0.723426
-0.871473 -0.329932 0.362877
-0.356413 0.0961086 0.929372
-0.239655 0.939951 0.243016
-0.801451 -0.00783075 0.59801
-0.630836 -0.775801 0.0133712
-0.673141 -0.204489 0.71068
-0.702131 -0.703627 0.109181
0.980477 0.0706621 0.183497
0.389129 0.118934 0.913473
-0.108128 0.956802 0.269885
-0.808671 0.390605 0.439862
-0.272666 0.21737 0.937232
0.775 -0.441728 0.451942
-0.873165 0.02102 0.486971
-0.625188 -0.536819 0.566538
0.78067 0.0779149 0.620067
0.811243 -0.187774 0.553738
-0.806953 -0.342556 0.481126
-0.977525 0.203033 0.0567659
0.470843 0.210617 0.856708
0.844355 0.494046 0.207322
0.989724 -0.054233 0.132304
-0.791904 -0.454947 0.407323
0.0647441 0.790185 0.609439
0.626487 0.0290302 0.778891
-0.16774 -0.485613 0.857929
0.575464 -0.733787 0.361106
0.173226 0.0491867 0.983653
-0.514206 0.759107 0.399186
0.165231 0.972487 0.164219
-0.0333102 -0.486219 0.873202
0.26212 -0.633834 0.7277
-0.0656138 -0.760721 0.645754
0.96022 -0.16331 0.22651
0.838051 0.355241 0.414094
0.606382 0.381251 0.697817
-0.625611 0.55989 0.543263
0.493495 0.416581 0.763494
0.907841 0.395152 0.14028
-0.399573 0.218251 0.890341
0.441254 -0.894863 0.0671927
-0.27969 0.704869 0.651869
-0.658511 0.445086 0.606845
-0.870433 -0.417947 0.260127
-0.887085 0.423507 0.183635
-0.152119 0.977862 0.143686
-0.245224 -0.148206 0.958071
0.389651 0.798682 0.458563
0.909161 -0.401526 0.110473
-0.911684 -0.0781544 0.40339
0.735201 -0.279802 0.617406
-0.560779 0.781276 0.274108
0.119957 0.700989 0.703012
-0.968391 0.0701011 0.239382
-0.161651 0.537785 0.827439
-0.00803512 -0.677459 0.735516
-0.281909 0.952512 0.115103
-0.182427 -0.267451 0.946145
-0.965308 -0.176457 0.192464
-0.542365 -0.440598 0.715341
0.503476 0.770419 0.391108
-0.318913 0.883646 0.34273
-0.106536 -0.947612 0.301134
-0.0694725 0.800231 0.595654
0.525943 -0.700407 0.482508
-0.367698 0.903987 0.218185
-0.134267 0.865055 0.483376
-0.460663 0.72111 0.517484
-0.449166 -0.721016 0.527623
0.801394 -0.31886 0.50606
-0.797649 -0.527144 0.293044
-0.599741 -0.787027 0.144566
-0.523976 0.850149 0.0519195
-0.372487 -0.362468 0.854325
0.129152 -0.662161 0.738148
0.874411 0.390081 0.288519
0.951417 0.303724 0.0505744
0.182741 -0.559652 0.808329
-0.882555 0.151828 0.445023
-0.313466 -0.25652 0.914296
-0.22716 0.094059 0.969304
0.462799 -0.808671 0.363136
-0.521393 -0.621732 0.584464
-0.270256 -0.953567 0.132938
0.70815 0.340779 0.618379
-0.494233 -0.344899 0.797984
-0.940888 0.316438 0.120815
0.70847 0.699154 0.096202
0.550763 -0.827476 0.109285
0.291737 0.91466 0.279798
0.460626 -0.659725 0.59379
-0.054994 -0.898324 0.435877
-0.461249 0.320815 0.82724
-0.670111 0.198316 0.715278
-0.924054 -0.294882 0.243245
0.785144 0.619048 0.0181315
-0.336678 0.767085 0.546102
0.345015 -0.367697 0.863576
0.692227 0.125614 0.710664
-0.764185 0.62227 0.169708
0.963059 -0.0342772 0.2671
-0.615593 -0.104336 0.781127
0.72185 -0.0206141 0.691742
0.899733 0.13081 0.416377
-0.577081 0.665285 0.473681
0.209371 0.275952 0.938091
0.367205 0.455583 0.810928
-0.188693 0.981943 0.0134908
-0.1476 0.723132 0.674755
0.819109 -0.471007 0.327434
0.458732 -0.865578 0.200847
0.610597 0.579719 0.539534
0.79252 -0.596267 0.127976
-0.661515 -0.711158 0.238017
-0.435754 -0.843165 0.314947
-0.361017 -0.905934 0.221247
-0.42238 0.531494 0.73424
0.509149 0.0808569 0.856872
-0.145678 -0.679756 0.718826
0.380396 0.641536 0.666131
-0.141202 0.208155 0.96785
0.15729 -0.922995 0.351199
-0.703806 -0.551089 0.448283
0.88897 -0.379385 0.256513
0.635925 -0.636702 0.436131
-0.759353 -0.13019 0.637521
-0.985913 -0.156005 0.0603199
-0.640153 0.0759 0.764489
0.0994237 -0.268057 0.958259
0.217764 -0.322217 0.921279
-0.301269 -0.953538 0.00124475
-0.174411 -0.983762 0.0423455
0.471603 0.711211 0.521315
0.126579 0.17597 0.976224
0.914529 -0.258339 0.311284
-0.929601 0.180362 0.321421
-0.575942 0.310539 0.756212
0.341858 0.245544 0.907106
0.852528 -0.35294 0.385524
0.317403 -0.947903 0.0271336
0.937665 0.28036 0.205383
0.16015 0.941707 0.29587
-0.77795 0.505978 0.372531
-0.488018 0.853583 0.182305
0.581719 0.677313 0.45039
-0.325017 0.331063 0.885867
-0.672354 0.705413 0.224348
-0.39499 -0.914212 0.0905479
-0.302316 -0.0256569 0.952862
-0.551056 0.00194083 0.834466
-0.928687 0.0511326 0.367323
-0.739734 0.0929963 0.666442
-0.218903 -0.584621 0.781217
-0.987936 -0.0513879 0.146089
0.51287 0.848122 0.132867
-0.799808 -0.229268 0.554746
-0.999784 -0.0177169 0.0108912
-0.756665 -0.620966 0.204597
0.314604 0.569192 0.759634
-0.0557519 0.997902 0.0329054
-0.110866 -0.378973 0.918743
0.0242449 0.417376 0.90841
-0.0833494 0.632186 0.770321
0.44513 -0.277423 0.851408
0.013232 -0.828786 0.559409
0.345248 -0.925189 0.157571
-0.0184124 0.986545 0.16245
-0.724081 0.481179 0.494138
-0.205502 0.792633 0.574022
0.437325 -0.145802 0.887406
0.953156 -0.300829 0.0315448
0.0492871 -0.581655 0.811941
0.56453 -0.790172 0.238606
0.350898 0.73818 0.57616
-0.612212 -0.324858 0.720877
0.0888486 -0.991101 0.0991184
-0.790795 -0.607546 0.0743667
0.211476 -0.192234 0.958292
-0.11213 -0.149832 0.982332
-0.373678 -0.135083 0.91767
0.0405544 0.0723572 0.996554
-0.604034 -0.637336 0.478483
-0.991284 0.0778706 0.106263
-0.608082 -0.706421 0.362224
-0.841788 0.528274 0.110991
-0.170887 -0.0279876 0.984893
0.53717 -0.0506621 0.841951
0.942183 -0.286562 0.173703
0.197665 0.765162 0.612744
0.858798 -0.510116 0.0474128
0.279733 -0.78718 0.549633
0.612949 0.769594 0.17894
0.159115 0.39685 0.903987
0.389293 -0.594419 0.703646
0.398944 0.853504 0.335222
-0.298896 -0.478953 0.825388
0.231091 0.887916 0.397747
0.366969 -0.88084 0.29909
0.0784809 -0.886965 0.45512
0.296369 0.943582 0.147711
0.978522 -0.183493 0.0939452
-0.958763 -0.0592175 0.27797
-0.0068507 0.198014 0.980175
0.0768644 0.300157 0.950788
0.406604 0.890253 0.205237
0.291068 0.368577 0.882853
0.556593 0.501867 0.662068
0.617665 0.785174 0.044627
-0.424716 -0.461764 0.778711
0.668414 -0.719545 0.188356
0.233454 -0.44423 0.864962
0.147663 -0.813758 0.562133
0.0241805 -0.375879 0.926353
-0.682772 0.59397 0.425466
0.216851 -0.862783 0.456707
-0.0593925 0.317982 0.946235
-0.628537 0.693664 0.351812
0.183766 0.595028 0.782414
-0.119945 -0.835348 0.536477
0.423221 -0.447818 0.787618
0.796954 0.294129 0.527591
0.133978 0.849863 0.509688
0.0269414 -0.157528 0.987147
-0.524311 -0.849966 0.0515395
0.138963 -0.0816582 0.986925
0.539973 -0.43523 0.72042
-0.819248 0.120949 0.560538
-0.375582 -0.807764 0.454374
0.874459 -0.0975583 0.475189
0.579777 -0.598297 0.553082
0.105667 0.510392 0.853425
-0.266456 0.846095 0.461655
-0.599659 0.787074 0.144648
0.101809 -0.4739 0.874673
-0.477967 0.1096 0.871513
0.257782 0.150668 0.954383
-0.870878 -0.218836 0.440093
-0.917101 0.307505 0.253704
0.698547 0.677786 0.229431
0.772493 -0.579056 0.26067
0.0755371 0.994992 0.0654594
0.424055 -0.0123865 0.905552
0.345758 -0.836487 0.425137
0.510021 -0.552248 0.659471
0.500572 0.613726 0.610548
0.12216 -0.966008 0.227826
-0.0449993 -0.995784 0.0799385
0.312555 -0.525567 0.791257
0.735838 -0.151392 0.660018
-0.495928 -0.766238 0.408576
-0.9536 -0.281186 0.107613
-0.817098 0.522326 0.243981
0.832595 0.163621 0.529164
-0.407297 0.908958 0.0889095
0.795876 0.477011 0.372883
-0.11081 0.432145 0.89497
0.9035 0.26661 0.33557
0.509219 0.818853 0.264909
-0.559535 -0.226408 0.797283
0.250952 -0.934029 0.25419
-0.235655 -0.935711 0.262511
-0.567709 0.183666 0.80248
0.547745 0.294215 0.783207
-0.0137458 0.719698 0.694151
0.0242664 -0.941825 0.335227
0.662914 0.464428 0.58724
0.849445 -0.491524 0.191956
0.238782 0.486024 0.840693
-0.444485 0.840532 0.30974
-3.46945e-16 0.866025 0.5
-0.276622 -0.673638 0.685341
0.860874 0.0330585 0.507743
-0.198038 -0.760806 0.618025
0.252094 0.67293 0.695423
0.920406 -0.000460188 0.390964
0.679163 0.636222 0.366003
-0.402066 -0.657378 0.637336
0.716653 -0.404452 0.568179
0.679999 -0.663921 0.311144
-0.094197 0.083613 0.992036
-0.514786 0.621169 0.590885
-0.709208 -0.621472 0.332862
-0.398304 0.639995 0.657085
0.629462 -0.776946 0.0115184
-0.499778 -0.121097 0.857646
-0.903807 0.425098 0.0492399
0.406388 -0.755039 0.514553
0.604781 0.733921 0.309193
-0.383826 0.431249 0.816518
-0.312898 -0.879584 0.358366
0.546638 -0.183311 0.817058
-0.855438 0.41139 0.314618
0.296013 0.955097 0.0129057
0.219102 -0.967401 0.127001
0.0504832 0.618197 0.7844
-0.839114 -0.51847 0.164551
0.640803 -0.104256 0.760593
-0.480553 -0.858444 0.179283
-0.782252 0.622047 0.0337437
-0.0547592 0.919789 0.388573
-0.703663 -0.0303538 0.709885
-0.755484 0.227413 0.614432
-0.0854938 -0.589562 0.803186
-0.216329 0.630483 0.745448
-0.430971 -0.0134879 0.902265
-0.552235 0.510499 0.659111
0.655326 0.25578 0.710721
0.783922 0.601882 0.152329
0.439729 0.533718 0.722346
-0.0282891 0.528691 0.848343
-0.904858 -0.405417 0.129885
0.42026 0.335368 0.843155
0.61871 -0.481639 0.620662
-0.243834 -0.376109 0.893917
-0.824576 0.259632 0.502658
0.756812 0.420839 0.50013
0.0812839 0.912135 0.40175
0.945735 0.146387 0.290098
0.206761 -0.730478 0.650886
-0.0481106 -0.267345 0.962399
-0.961774 0.196266 0.190972
-0.47036 -0.551964 0.688547
-0.0114126 -0.97769 0.209744
-0.325918 -0.750358 0.5751
0.0260915 0.957606 0.286897
0.804525 -0.0573533 0.591143
0.996695 0.0645537 0.0493157
0.302343 0.0229296 0.952923
-0.249466 -0.830734 0.497642
-0.928341 -0.185183 0.322319
0.590289 0.165959 0.789947
0.336653 -0.697108 0.633012
