0.164837 0.539354 0.825788
-0.794277 0.474361 0.379612
0.621548 -0.729672 0.285057
-0.981881 0.118564 0.147825
0.0862453 0.449314 0.889201
0.759739 -0.281057 0.586348
-0.17163 -0.854875 0.489624
-0.113906 0.894316 0.432693
0.979594 0.108727 0.169039
-0.0475539 -0.203888 0.977839
0.142686 0.971113 0.191262
0.838502 -0.336594 0.428508
-0.119517 0.826727 0.549763
-0.561929 0.743048 0.363477
-0.153881 -0.281694 0.947085
0.465672 0.797147 0.384324
0.0411029 0.742413 0.668681
-0.518706 0.371331 0.770102
0.477893 -0.456777 0.750315
-0.680231 0.546538 0.488449
-0.0904942 -0.525107 0.846211
-0.933931 -0.338332 0.115346
0.874195 -0.474883 0.101338
0.657843 0.661715 0.359689
0.782445 0.244798 0.572585
-0.913675 -0.233056 0.332991
-0.180442 -0.778598 0.60102
0.175778 -0.802779 0.569778
-0.691578 -0.347258 0.633349
0.993484 -0.0161815 0.112814
-0.7489 0.112534 0.653058
0.852448 -0.467195 0.234653
-0.0771544 -0.641676 0.763086
-0.750606 0.431597 0.500314
-0.215759 0.947451 0.236189
0.294848 -0.812816 0.50239
-0.259896 -0.951401 0.165199
-0.162951 0.144245 0.976033
0.230169 0.626051 0.745039
0.0301533 -0.578048 0.815446
-0.748506 0.632675 0.198648
-0.192851 0.476366 0.857837
0.672845 0.703531 0.228746
-0.461313 0.763192 0.452469
-0.582551 0.570484 0.57895
0.515105 -0.782543 0.349705
0.189373 -0.15451 0.969672
0.7382 -0.668841 0.0878212
0.748091 0.602506 0.278113
-0.101264 0.945898 0.308256
-0.0479571 0.46558 0.883706
-0.059076 -0.824526 0.562732
-0.458548 0.824389 0.331837
-0.831726 0.34563 0.434478
0.375955 -0.549743 0.74595
0.167524 -0.716381 0.677299
-0.741472 0.586646 0.325679
0.314829 -0.18674 0.930597
0.315202 -0.941386 0.120166
0.814119 -0.452773 0.363603
0.416883 -0.85912 0.296851
-0.823505 0.508296 0.251943
0.649127 0.416389 0.636596
0.241188 -0.42061 0.874595
-0.598569 0.0167447 0.800896
-0.398968 -0.809906 0.429973
0.0165475 0.00556861 0.999848
0.365601 0.870278 0.330079
0.905745 0.361627 0.221023
-0.535776 -0.0969528 0.838776
-0.504747 -0.442945 0.740966
-0.764264 -0.235256 0.600463
-0.481777 -0.875708 0.0320424
0.297397 -0.875387 0.381121
0.667468 -0.488818 0.561733
0.546272 -0.239557 0.80262
0.122677 0.886257 0.446652
0.514995 -0.11646 0.849245
0.766476 -0.565129 0.305195
-0.103339 0.568779 0.815973
-0.57086 -0.813302 0.112508
0.403717 0.675439 0.617086
-2.15106e-16 0.866025 0.5
-0.812921 0.574606 0.0948023
-0.0819954 0.995678 0.0436166
0.759198 0.634039 0.147013
-0.354353 0.263655 0.897173
0.83053 0.121722 0.543511
0.0788831 -0.964894 0.250514
-0.553928 0.797287 0.239787
0.0437396 -0.688279 0.724126
0.376296 0.904726 0.19968
0.587949 0.337155 0.735284
-0.434333 0.89776 0.0733654
0.296153 0.514509 0.80472
-0.674168 -0.231584 0.701331
0.677605 0.729136 0.0959797
-0.426156 0.149089 0.89228
-0.641624 0.766764 0.0197729
-0.72477 0.341847 0.598205
0.868595 0.00108613 0.495521
0.574485 0.756853 0.311673
-0.907773 -0.338232 0.248089
0.594466 0.534777 0.60052
-0.407514 -0.734817 0.542195
0.582464 0.792365 0.181365
0.631943 0.607692 0.480997
0.345295 0.82111 0.454478
-0.902125 0.0981099 0.420172
0.0542984 -0.779166 0.624461
-0.876182 0.462366 0.136096
-0.989449 0.144088 0.0151738
-0.590309 0.253063 0.766482
-0.594823 -0.341439 0.72774
0.729334 -0.51936 0.445351
0.718215 -0.659685 0.22132
-0.487762 -0.327393 0.809261
-0.344853 0.891716 0.29312
-0.476493 0.262801 0.838981
-0.136571 0.369656 0.919077
-0.518696 -0.750009 0.410415
-0.857232 0.216816 0.467059
-0.973337 -0.222836 0.0544026
0.569246 -0.357474 0.740386
-0.627652 0.35885 0.690854
0.938853 -0.24917 0.237632
-0.464097 -0.868376 0.174746
0.903823 0.239632 0.354513
-0.416233 -0.643886 0.641997
-0.855117 -0.340267 0.391144
-0.0370885 0.664209 0.746626
-0.231941 0.76805 0.596911
-0.730144 0.679382 0.0730039
0.915132 -0.364996 0.171207
0.441979 0.74122 0.50522
-0.248813 -0.364317 0.897422
0.364453 -0.438213 0.821671
0.151548 0.986795 0.0571702
0.406242 -0.808536 0.42572
-0.47565 0.579999 0.661331
0.253963 -0.53859 0.803383
0.50223 -0.652662 0.567272
0.245419 0.887617 0.389751
0.235969 0.0808641 0.96839
0.482459 0.0175534 0.875742
0.759601 0.650265 0.0126936
0.480907 0.574104 0.662671
-0.0492395 -0.893346 0.446663
0.430709 -0.887236 0.165232
-0.551923 -0.796146 0.248057
0.738284 -0.165756 0.653806
-0.148541 -0.958921 0.241675
-0.259533 -0.965288 0.0293668
-0.963916 0.247054 0.0991448
-0.977899 -0.00201171 0.209067
-0.985762 -0.10965 0.127475
0.174989 0.722931 0.668394
0.220702 -0.283893 0.933111
0.81713 -0.575698 0.0295155
-0.740876 -0.116753 0.661416
0.0854979 -0.990156 0.110821
0.803765 -0.571869 0.164096
0.666442 0.0792293 0.741335
0.00421238 0.35219 0.935919
-0.764381 -0.545931 0.343046
-0.868925 0.390438 0.304182
0.0720138 -0.917301 0.391628
-0.293832 -0.803807 0.51726
-0.55158 0.671648 0.494619
-0.329215 0.688181 0.646548
-0.2917 -0.0915939 0.952114
-0.277337 -0.224911 0.934077
0.787228 0.0163154 0.616446
0.104869 0.107448 0.988665
0.183329 -0.872041 0.4538
-0.329026 0.929918 0.164298
-0.0935494 0.748206 0.656838
0.277122 -0.0520399 0.959424
0.0629215 -0.855872 0.513345
-0.672333 -0.738538 0.050294
0.67398 -0.639006 0.370706
0.861855 0.368129 0.348836
0.0212712 0.967788 0.250865
0.484519 0.865954 0.123951
0.818995 -0.104387 0.564226
0.031152 0.560068 0.827861
0.262034 0.956362 0.129267
-0.275008 0.372699 0.886265
-0.358139 0.584288 0.728247
-0.445893 0.871173 0.205519
-0.351585 0.769196 0.533597
-0.700688 0.00148669 0.713466
0.969453 -0.00259268 0.245264
-0.647904 0.646361 0.403036
-0.927914 0.369014 0.0529436
0.994256 0.101226 0.0347491
0.561368 0.112224 0.819922
0.835591 0.546599 0.054931
-0.485286 0.0287801 0.873882
0.272502 0.305949 0.912216
0.422358 0.486507 0.764804
-0.120662 -0.407153 0.905355
-0.775558 -0.348075 0.526643
0.650244 -0.759495 0.0186921
-0.653726 -0.733963 0.184226
0.829315 0.526025 0.188506
0.0122103 0.925316 0.379001
0.524488 0.644943 0.555842
-0.0142067 -0.330489 0.943703
0.196396 -0.963204 0.183485
-0.571819 -0.22324 0.789422
-0.43951 -0.844634 0.305654
0.746122 0.140552 0.650805
-0.658705 0.459886 0.595493
-0.828434 -0.554207 0.080947
-0.171682 -0.150227 0.973631
-0.294097 0.151787 0.943646
-0.400582 0.375105 0.835961
-0.0289568 0.132657 0.990739
-0.898907 0.266038 0.348125
-0.94784 0.219932 0.230716
-0.217037 0.262936 0.940085
0.121757 -0.375079 0.918962
0.187584 -0.927938 0.322091
0.691333 0.290309 0.661648
-0.0326934 -0.983783 0.176359
-0.609438 -0.557558 0.563662
0.944546 -0.121334 0.30514
0.320418 0.179403 0.930133
-0.406327 -0.535779 0.740161
0.8964 0.124613 0.425368
-0.652593 0.128349 0.746759
0.838089 0.294029 0.459514
-0.620539 -0.711948 0.328727
-0.782842 -0.446692 0.433156
0.945933 0.232538 0.226133
0.303546 -0.918608 0.25302
-0.546244 0.830522 0.108862
0.0590202 0.233447 0.970577
0.191465 0.208296 0.959142
0.946534 0.119074 0.299825
0.362066 0.0493162 0.930847
0.630885 -0.141776 0.762813
0.975365 -0.135405 0.174154
-0.693316 0.238724 0.679944
-0.322335 -0.905469 0.27609
-0.369367 -0.306269 0.877364
-0.69779 -0.455686 0.552666
-0.418126 -0.0846259 0.904439
0.137777 0.936659 0.322006
-0.695096 -0.5533 0.459022
0.141538 0.333509 0.932062
0.258783 0.929758 0.261881
0.51796 0.240364 0.82094
-0.843111 -0.240016 0.481203
-0.272043 -0.481187 0.833338
0.581854 -0.46882 0.66457
0.74557 0.37334 0.552035
-0.234044 0.0292108 0.971787
-0.113973 -0.0294067 0.993049
0.94096 0.337063 0.0313576
-0.197131 -0.584063 0.787407
-0.353946 0.837324 0.416667
-0.933646 -0.0177173 0.357758
0.285194 -0.736334 0.613576
-0.300725 -0.721127 0.624132
0.398777 0.274864 0.874887
0.55397 0.70892 0.43652
0.376992 0.92388 0.0657479
-0.459887 -0.206662 0.863594
-0.23347 0.579768 0.780615
0.148812 -0.0206164 0.988651
-0.660411 0.697403 0.278363
-0.205043 0.973233 0.103805
0.900614 -0.23364 0.366479
-0.158119 -0.915673 0.369515
0.892933 0.436739 0.109224
0.0931584 -0.250601 0.963598
-0.606386 -0.655115 0.450689
-0.306385 -0.624372 0.718532
0.706645 -0.0450667 0.706132
-0.804924 -0.553375 0.214182
-0.895099 -0.444145 0.0391483
-0.393472 -0.424213 0.815612
0.150751 -0.61958 0.770321
-0.950695 0.100129 0.293519
0.0308943 0.992518 0.118121
0.48563 -0.563868 0.667995
0.582073 0.81175 0.0474654
0.757376 -0.397724 0.517877
0.221496 0.427442 0.876489
0.630966 -0.59929 0.492679
0.927521 0.00348208 0.373755
-0.145248 -0.984197 0.101283
-0.556304 0.473527 0.68286
-0.717812 -0.644624 0.263072
-0.955582 -0.226582 0.188476
-0.204871 0.684392 0.699739
0.432812 -0.221056 0.873961
0.540506 0.460044 0.704423
-0.843288 -0.443162 0.304094
0.658179 -0.26149 0.705991
-0.0372333 -0.947451 0.317728
0.205738 -0.977367 0.0492573
0.443437 0.146824 0.884198
0.480005 0.838946 0.256447
0.695875 0.495093 0.520231
-0.795164 -0.00572347 0.606368
0.388367 -0.655661 0.647518
-0.825294 -0.125268 0.550634
0.628358 0.208806 0.749377
0.40112 -0.738802 0.541547
0.839894 -0.219551 0.496362
-0.836363 0.103691 0.538279
-0.0679342 -0.740611 0.668491
-0.28217 -0.87164 0.400779
-0.0838629 0.253327 0.963739
0.636021 -0.756311 0.153201
0.224156 0.827758 0.514364
-0.919734 0.344961 0.187326
0.289444 0.745823 0.599975
0.928609 -0.369244 0.0366506
-0.371239 -0.923822 0.0934555
-0.44273 0.482369 0.755851
-0.516351 -0.655007 0.551677
0.895071 -0.114791 0.430895
0.0974242 0.651033 0.752771
-0.954939 -0.119797 0.271552
0.0139727 -0.452214 0.8918
-0.0918455 0.979804 0.177617
0.970824 0.220743 0.0936703
-0.747971 -0.650612 0.131316
0.473379 0.366535 0.800977
0.441276 -0.896846 0.0306923
-0.874348 0.485291 0.00276888
0.134457 -0.501352 0.854733
-0.99767 0.010962 0.0673423
0.728512 0.554025 0.402898
-0.446067 0.682855 0.578562
-0.236708 0.842443 0.484004
-0.6429 -0.112597 0.757629
0.359335 0.596548 0.717641
-0.321022 0.4825 0.814947
0.102348 0.814093 0.571645
0.459588 -0.342035 0.819628
0.88464 -0.354727 0.302622
0.595267 -0.0177014 0.803333
0.350432 0.398267 0.847692
-0.0273104 -0.998955 0.036646
0.400167 -0.0832978 0.912649
-0.18818 -0.687832 0.701053
-0.544343 0.14108 0.826914
-0.229669 0.90296 0.363202
0.675497 -0.375207 0.634762
0.786201 0.435174 0.438762
0.552118 -0.701119 0.451219
-0.606832 -0.453442 0.652798
-0.362909 0.0359714 0.93113
-0.316202 0.94819 0.0308562
0.960861 -0.256629 0.104346
-0.783617 0.221314 0.580486
0.989184 -0.141206 0.0396905
-0.877654 -0.446872 0.173287
-0.873285 -0.0159705 0.486947
0.811812 0.489917 0.317715
0.546653 -0.832884 0.0864548
0.273306 -0.641059 0.71718
0.532644 -0.817216 0.220109
0.0596459 -0.122352 0.990693
-0.897417 -0.13166 0.421079
-0.645831 0.747854 0.153675
0.341304 -0.320233 0.883721
-0.513036 -0.55079 0.65835
