-0.176947 0.567068 0.80444
-0.87793 -0.147171 0.455609
0.96817 -0.112966 0.223352
-0.796976 -0.552455 0.244179
-0.170676 0.452098 0.875487
0.793757 0.333462 0.508677
0.477781 -0.718308 0.505726
-0.648903 0.620551 0.440274
0.666891 0.74177 0.0709513
0.171657 -0.117735 0.978096
-0.527188 0.831645 0.174471
0.877736 0.333627 0.343908
-0.599522 0.574309 0.557442
-0.885669 0.206121 0.416058
0.142344 -0.248306 0.958166
-0.15753 0.928997 0.334886
-0.415491 0.625904 0.660008
-0.576366 -0.0150567 0.817053
0.713573 0.0266434 0.700074
-0.833459 -0.0104244 0.552483
0.344225 -0.394603 0.851938
-0.459346 -0.863582 0.207913
0.972568 0.232132 0.0150551
0.073534 0.953719 0.291569
0.459262 0.739734 0.491805
-0.498624 -0.756995 0.422295
0.428523 -0.659767 0.617313
0.706741 -0.443789 0.550971
-0.235859 -0.674725 0.699369
0.75633 0.654043 0.0138469
-0.583302 -0.368511 0.72385
0.961 0.232426 0.149856
0.425743 -0.478286 0.768105
-0.808249 -0.141989 0.571466
-0.774187 0.579434 0.254736
0.796898 -0.376886 0.472133
0.452987 -0.870638 0.191814
-0.14606 0.0652682 0.98712
-0.192092 0.669589 0.717462
0.466801 -0.356185 0.809462
-0.962595 -0.0109552 0.270722
-0.13081 -0.988719 0.0729626
-0.39812 0.285166 0.871883
0.0472865 0.986031 0.15971
-0.817943 0.293825 0.494607
-0.770335 0.0782708 0.632817
-0.895924 -0.440045 0.0606667
0.929096 -0.218597 0.298322
0.314008 0.075581 0.946407
0.999875 -0.00356023 0.015422
0.174029 0.963892 0.201557
-0.682936 0.659019 0.315106
-0.281515 0.374904 0.883287
0.546413 -0.616149 0.567268
-0.865436 0.333174 0.374187
-0.815968 -0.264298 0.514143
0.699537 -0.110546 0.705994
0.650872 -0.377592 0.658628
-0.91747 -0.0320657 0.396511
0.425751 0.132072 0.89515
0.869867 -0.485007 0.0900009
0.932323 0.226456 0.281943
0.903373 -0.344366 0.255596
-0.931515 -0.149832 0.331405
0.25065 0.783636 0.568409
0.522837 -0.0949154 0.847132
-0.397159 -0.330347 0.856234
0.274756 -0.839476 0.468816
0.081284 0.0824336 0.993276
-0.284469 0.91355 0.290695
0.44737 0.884916 0.129551
-0.27205 -0.370963 0.887905
-0.0256187 -0.614998 0.788112
-0.366817 -0.641593 0.67365
0.228198 -0.970226 0.081165
0.831659 -0.430022 0.351319
0.861904 0.11571 0.493693
0.623406 0.237477 0.744963
-0.466931 0.772297 0.430736
0.52157 0.311681 0.794241
0.967572 0.107157 0.228741
-0.3963 0.410595 0.821193
0.126357 -0.977318 0.169951
-0.105498 0.812839 0.572855
-0.540621 0.679486 0.496013
-0.979267 -0.103946 0.173872
-0.721046 0.691097 0.0497722
0.15173 0.985944 0.0699458
-0.373407 0.0221395 0.927403
0.574833 0.677866 0.458327
0.719617 -0.650402 0.243165
-0.924862 0.243544 0.292088
0.543684 -0.43553 0.71744
-0.308965 0.93755 0.159817
0.265211 0.690642 0.672813
-0.915143 0.386538 0.114459
-0.0644658 0.634163 0.770507
-0.29506 -0.572346 0.765088
0.0241051 0.999343 0.0270813
-0.350724 -0.111219 0.929851
-0.985614 0.147843 0.0819006
-0.72216 -0.185203 0.666472
0.679968 0.609905 0.407014
-0.0552086 0.966182 0.251882
-0.430346 -0.837231 0.337411
0.128583 0.833262 0.537718
0.226547 -0.78159 0.5812
-0.082423 0.98918 0.121362
0.0991264 0.904432 0.414942
-0.257735 0.871799 0.41658
-0.704349 -0.496508 0.507319
0.604826 -0.503019 0.61738
-0.948436 -0.226799 0.221429
-0.829244 -0.547368 0.112886
-0.550976 -0.150957 0.820754
-0.161061 -0.599898 0.783698
0.919705 0.126106 0.371807
0.988651 -0.000991793 0.150227
-0.085032 -0.512971 0.854184
-0.828725 0.456136 0.324276
-0.467719 -0.0633733 0.881602
-0.280802 0.247015 0.927434
0.144568 -0.875486 0.461112
-0.746707 -0.375071 0.549318
-0.569973 -0.807675 0.150971
0.714491 0.16058 0.680967
-0.654671 -0.101912 0.749013
0.103369 -0.994036 0.0347337
0.880088 0.452488 0.143874
0.246813 -0.943432 0.221402
0.536929 0.801654 0.26279
0.166752 -0.71284 0.681215
-0.379506 -0.794216 0.474549
-0.415753 0.521005 0.745455
-0.64044 0.459208 0.615601
-0.989223 0.027588 0.143795
0.93482 0.345916 0.0803303
-0.129062 0.879724 0.457633
0.123323 -0.376188 0.9183
0.622201 -0.0299007 0.782286
-0.540811 0.840186 0.0401339
0.871145 -0.305021 0.384796
-0.691344 0.161771 0.704183
0.605743 -0.179223 0.775213
0.848831 -0.115626 0.515865
-0.380878 0.850837 0.361951
0.191682 0.281906 0.940099
0.410065 0.391838 0.823595
0.0226195 0.791503 0.610746
0.591123 -0.668765 0.450917
0.922794 -0.365029 0.123305
0.138839 -0.942846 0.302927
0.705921 0.409766 0.577725
0.546204 -0.797287 0.256893
0.45263 -0.889898 0.0566391
-0.872788 -0.448006 0.193732
-0.709234 -0.63561 0.304937
-0.64929 -0.726585 0.224716
-0.303165 0.7001 0.646491
0.420802 -0.00260038 0.907149
-0.423978 -0.533617 0.731776
0.731198 -0.674261 0.103548
0.989476 0.117349 0.0846534
0.495748 0.550733 0.671511
-0.163454 0.328441 0.930274
-0.17864 -0.890682 0.418059
-0.882905 -0.264312 0.388095
0.693073 -0.609964 0.384181
0.355071 -0.759364 0.545244
-0.820882 0.168563 0.545655
-0.655812 0.338513 0.674774
-0.086229 -0.197554 0.976492
0.0119405 -0.288667 0.957355
-0.586142 -0.810037 0.0166657
-0.480115 -0.874025 0.0746294
0.618226 0.57547 0.535379
0.0781451 0.216198 0.973217
0.750056 -0.498242 0.434938
-0.851799 0.486443 0.194453
-0.520149 0.540175 0.661556
0.310119 0.20947 0.927334
0.65425 -0.561986 0.506092
-0.00329037 -0.993012 0.117967
0.952907 -0.00483469 0.303225
0.419758 0.869278 0.261073
-0.61075 0.752701 0.245817
-0.20832 0.975272 0.0738062
0.718422 0.502999 0.480481
-0.289815 0.494044 0.819712
-0.433291 0.895579 0.100981
-0.670977 -0.735812 0.0914888
-0.387961 0.155315 0.908495
-0.60212 0.247365 0.759119
-0.896399 0.367946 0.247154
-0.734605 0.376496 0.564452
-0.469142 -0.415299 0.77938
-0.962768 0.269048 0.0262928
0.739074 0.657165 0.148002
-0.882184 0.079694 0.464111
-0.930683 -0.336303 0.143976
0.401496 0.510983 0.760064
-0.315792 -0.241369 0.917614
0.0647499 0.470193 0.880185
0.0449542 0.694247 0.718332
0.24755 -0.322655 0.913571
-0.305403 -0.738182 0.601511
0.0172114 -0.968251 0.249388
0.27875 0.954664 0.104478
-0.579859 0.723648 0.374296
2.498e-16 0.866025 0.5
0.278271 -0.19234 0.941047
0.800832 -0.575762 0.164819
-0.218252 -0.492352 0.842589
0.258763 -0.900617 0.349187
0.507445 0.643183 0.573424
-0.751967 -0.0535697 0.65702
-0.239725 -0.956955 0.163611
-0.945699 -0.324891 0.010001
0.0434745 -0.160279 0.986114
-0.250775 -0.0182157 0.967874
-0.486421 0.0704887 0.870877
-0.0378224 0.146433 0.988497
-0.81908 -0.373995 0.435011
-0.833218 -0.448718 0.32311
-0.267893 0.11551 0.956499
0.40709 -0.137137 0.903034
0.780877 -0.545973 0.303554
0.367796 0.719277 0.589378
0.643999 -0.743437 0.180464
-0.039853 -0.781798 0.622256
0.804053 0.556137 0.21026
0.185925 0.40879 0.893489
0.109217 -0.619046 0.777723
0.613204 0.71573 0.334234
-0.515547 -0.286573 0.807519
0.459537 0.805718 0.373691
0.0376834 -0.920107 0.38985
-0.251905 -0.822847 0.509379
0.563572 0.815633 0.130881
0.855702 -0.466802 0.223316
-0.950824 0.264608 0.160988
-0.0411442 0.278552 0.95954
0.073079 0.346816 0.935082
0.644972 0.736378 0.204351
0.303557 0.339434 0.890302
0.618163 0.3638 0.696796
0.826775 0.557254 0.0768901
-0.624166 -0.235754 0.744874
0.384109 -0.870306 0.308265
-0.00628251 -0.414157 0.910184
-0.174098 -0.765132 0.619889
-0.18817 -0.279367 0.941566
-0.498369 0.8115 0.305118
-0.113874 -0.842445 0.526611
-0.0493679 0.405274 0.912861
-0.408335 0.882512 0.233312
0.283981 0.577837 0.765153
-0.430838 -0.705434 0.562798
0.179285 -0.483054 0.857039
0.792519 0.0807988 0.604471
0.34476 0.809766 0.474784
-0.122492 -0.067925 0.990142
-0.768766 -0.638656 0.0334257
0.00722191 -0.0306197 0.999505
0.300084 -0.51321 0.804093
-0.79025 0.417864 0.448212
-0.256974 -0.965961 0.0297216
-0.655113 -0.60798 0.448539
0.746864 -0.318765 0.583594
0.302642 -0.695081 0.652128
0.176464 0.528198 0.830583
-0.0294202 0.925244 0.378231
-0.33095 0.943278 0.0264418
-0.140829 -0.400804 0.905275
-0.502774 0.330154 0.798885
0.19608 0.149823 0.969075
-0.93454 0.101074 0.341202
-0.793038 0.596851 0.121896
0.850731 0.447397 0.275848
0.519579 -0.762778 0.384977
0.379687 0.924911 0.0194392
0.306178 -0.060261 0.950065
0.0191922 -0.860133 0.509709
0.240844 -0.620323 0.746454
0.605836 0.482319 0.632717
-0.213141 -0.931782 0.29386
-0.365571 -0.921881 0.12843
0.0499157 -0.522247 0.851332
0.580696 -0.310258 0.752683
-0.750952 -0.535723 0.386099
-0.999289 0.0373587 0.00501523
-0.629738 0.768584 0.11273
0.784677 -0.0536322 0.617581
0.864753 0.240284 0.440983
-0.056648 0.524581 0.849474
0.903393 0.0044836 0.42879
0.71325 0.642552 0.280004
0.555279 -0.823406 0.116911
-0.678702 0.0303596 0.733786
-0.0841393 -0.938797 0.334038
-0.54455 -0.789674 0.282633
-0.557134 0.421688 0.715389
0.532059 0.180871 0.827163
0.145881 0.74876 0.646589
-0.308505 -0.868968 0.386935
0.714046 0.288791 0.63776
0.626704 -0.709835 0.321523
0.80744 -0.589169 0.0303512
0.295593 0.462943 0.835649
-0.18404 0.961058 0.206145
0.224447 0.865481 0.447846
-0.542245 -0.490507 0.682183
0.772158 -0.187932 0.607004
-0.489015 -0.603379 0.629919
0.381738 0.622661 0.683059
0.829309 -0.248615 0.500438
0.805725 0.4264 0.411084
-0.650671 -0.440806 0.618319
0.491622 -0.552323 0.673236
0.400448 -0.810061 0.428301
-0.160932 0.198209 0.966858
0.987071 -0.132116 0.0907584
-0.347716 0.800494 0.488163
-0.898814 -0.33977 0.276929
-0.238447 0.788431 0.567028
0.346759 -0.928704 0.131408
-0.594992 0.117149 0.795148
0.0932871 -0.793575 0.601279
0.77212 0.536689 0.340287
-0.306695 0.600752 0.738265
-0.609175 -0.704021 0.365048
0.376509 -0.267931 0.886822
-0.708036 0.681752 0.184117
-0.112116 -0.972123 0.205929
0.165382 0.641033 0.749483
-0.972045 -0.217464 0.0885359
0.495973 -0.227209 0.838086
-0.742858 -0.648581 0.165847
0.200873 0.923162 0.327753
-0.743934 0.25251 0.61871
-0.701753 0.503924 0.503591
-0.347033 -0.459098 0.8178
-0.0785634 0.731359 0.677452
-0.500453 0.201897 0.841894
-0.42485 0.713421 0.557255
0.628583 0.104744 0.770657
0.914905 0.342211 0.214101
0.512011 0.435446 0.740427
0.0563898 0.586348 0.808094
-0.994839 -0.0932873 0.0398987
0.647942 -0.760589 0.0409318
0.418864 0.264569 0.868652
0.369582 -0.590474 0.71746
-0.437858 -0.199931 0.876532
-0.745633 0.545587 0.38258
0.797482 0.210672 0.565366
0.325481 0.875183 0.357934
0.909701 -0.126508 0.395526
-0.100803 -0.696427 0.710512
-0.225595 -0.151037 0.962442
-0.864159 0.499585 0.0603649
0.891698 0.45254 0.00907679
-0.686819 -0.315287 0.654884
-0.341052 -0.90332 0.260185
-0.602083 -0.55797 0.571109
0.299214 0.924834 0.234848
0.966905 -0.252949 0.033331
0.682099 -0.24862 0.687698
0.955789 -0.241552 0.167687
0.197831 0.0149895 0.980121
-0.547706 -0.664674 0.50816
-0.9664 0.139967 0.215594
0.53093 0.0469142 0.846116
0.0340716 -0.706478 0.706915
