0.910121 0.410451 0.0566538
-0.424416 -0.736987 0.526043
-0.0830314 -0.0886021 0.9926
-0.780579 0.225089 0.583121
0.846764 0.523124 0.0965992
0.461475 -0.0301787 0.88664
-0.409434 0.606604 0.681466
0.603614 -0.542686 0.584073
0.375052 0.779402 0.501865
-0.599057 -0.771852 0.213015
-0.843792 0.366118 0.392393
0.369902 -0.189201 0.909602
-0.403543 -0.912227 0.0706683
-0.166016 -0.968732 0.184381
0.25605 0.839602 0.479068
-0.113428 -0.705004 0.700074
-0.980201 -0.193831 0.0404352
-0.341774 -0.82049 0.458242
-0.908678 0.396057 0.132073
-0.827525 -0.498906 0.257478
-0.273796 -0.927384 0.254941
-0.821739 -0.232434 0.520308
0.3032 0.304306 0.903032
0.0564101 0.762013 0.6451
0.107274 -0.430622 0.896134
0.957238 -0.276789 0.0841572
0.540585 -0.83875 0.0653132
0.835425 -0.137983 0.532002
-0.297912 0.682 0.667925
-0.174641 0.426807 0.88732
-0.201477 0.976661 0.0744313
0.490458 -0.573414 0.656238
0.176724 -0.319823 0.93085
-0.0659577 0.710646 0.700451
-0.797244 -0.465021 0.384914
-0.743493 -0.578741 0.335078
-0.533284 -0.0766651 0.842455
-0.166272 0.300126 0.939297
-0.695885 0.442795 0.565399
0.568945 0.799837 0.191213
0.955673 0.294401 0.00409342
-0.923766 -0.258643 0.282417
-0.129315 -0.791534 0.597286
0.338872 -0.766894 0.545013
0.0553957 0.667842 0.742239
0.41532 -0.871608 0.260403
0.921088 -0.389165 0.0121529
-0.699044 -0.15272 0.69858
0.700365 -0.680355 0.215885
0.17663 -0.907427 0.381285
0.0746527 -0.949991 0.303221
-0.131771 0.0375938 0.990567
-0.395283 -0.895468 0.204668
0.127698 -0.858087 0.497372
0.510255 0.608611 0.607645
-0.0973902 -0.319876 0.942441
0.299456 -0.896854 0.325543
-0.0449796 -0.621786 0.781894
-0.246215 -0.69396 0.676608
0.910279 -0.38702 0.146999
0.795841 0.605502 0.00212235
-0.297809 0.580743 0.757659
-0.905845 0.261389 0.333347
0.190007 0.383298 0.903869
-0.057863 0.497404 0.865587
-0.499993 -0.453369 0.737878
-0.0242238 -0.846362 0.532057
0.52141 0.501913 0.690084
-0.45923 0.0270429 0.887906
0.241183 -0.202286 0.949163
0.0877574 -0.995435 0.0375258
-0.894786 -0.40876 0.17965
-0.258525 0.0760495 0.963006
-0.213401 -0.838088 0.502064
0.933021 -0.0297318 0.358592
0.292668 0.546502 0.784654
-0.5112 0.706561 0.489332
0.563548 0.720091 0.404824
0.778323 -0.495443 0.385681
0.493936 -0.798932 0.343125
0.157767 0.984413 0.0777275
-0.126968 0.946642 0.296222
-0.814135 0.480493 0.326052
-0.276335 0.219499 0.93566
-0.513237 -0.858152 0.0128044
0.260274 0.0456315 0.964456
0.515808 0.263117 0.815299
0.209777 -0.786986 0.580213
0.614689 0.298628 0.730054
0.108463 -0.195797 0.974628
-0.765015 0.588636 0.261265
0.996674 0.0779299 0.0238211
0.0357889 -0.533503 0.845041
-0.436934 -0.36731 0.821079
0.865054 -0.495312 0.0796751
-0.495455 -0.639697 0.587632
-0.553392 -0.32457 0.76708
0.75369 -0.171789 0.634382
-0.508397 0.282807 0.813359
-0.0669117 0.609317 0.790098
0.904488 0.0955235 0.415664
0.939033 0.31189 0.144716
-0.0745008 0.9967 0.0322336
0.0768042 -0.792922 0.604463
-0.756979 -0.415592 0.504248
-0.939747 0.279041 0.197511
0.658797 -0.213185 0.721484
0.972547 -0.0385214 0.229497
-0.399945 0.782571 0.477102
0.97462 -0.162324 0.154162
-0.181502 0.543649 0.819453
-0.906893 0.141877 0.396756
-0.102417 0.980709 0.166496
0.201783 -0.0757725 0.976495
-0.0260231 -0.210341 0.977282
-9.31653e-05 0.967211 0.253975
0.708403 0.705216 0.0288933
-0.60913 -0.789106 0.0792024
-0.532663 0.762189 0.367883
-0.0411331 -0.970787 0.236391
0.414863 -0.675474 0.609609
-0.967273 -0.0717284 0.243387
0.408291 0.220871 0.885728
-0.845227 0.497378 0.195464
-0.146214 -0.937774 0.314962
0.370631 -0.409197 0.833781
0.433184 -0.892187 0.12788
-0.675138 0.0768383 0.733679
-0.722307 0.572087 0.388573
0.765022 -0.377267 0.52193
-0.661904 -0.480527 0.575306
-0.284433 0.847114 0.448883
-0.0303175 -0.99416 0.103569
0.241614 -0.423888 0.872893
0.128243 0.879164 0.458938
0.305538 0.428819 0.850153
-0.576994 -0.740015 0.345624
-0.250113 -0.508215 0.824112
-0.156312 0.169488 0.973057
-0.541551 -0.697606 0.469116
0.175635 0.504453 0.845388
0.07447 0.184976 0.979917
-0.677575 -0.681436 0.276652
-0.374608 -0.671153 0.639705
0.696451 0.539778 0.47286
0.721282 -0.688961 0.0713052
-0.708899 -0.534316 0.460401
0.709608 0.318521 0.628492
0.802501 -0.596458 0.0151643
0.984417 0.0760666 0.158548
-0.406191 0.500075 0.764809
-0.344974 -0.0250453 0.938278
-0.669642 0.672614 0.314913
-0.997529 0.049063 0.0502782
0.0979122 -0.628685 0.771472
0.570702 0.0152972 0.821015
-0.366898 -0.273647 0.889103
-0.179159 -0.415113 0.891955
-0.609685 0.426148 0.668343
-0.780566 0.345302 0.52104
-0.892533 0.0185892 0.450598
-0.108319 -0.892978 0.436873
0.412514 0.581422 0.701271
-0.0288703 -0.429523 0.902594
-0.600481 0.180132 0.779086
0.0422601 -0.322747 0.945541
0.760341 0.0884761 0.64347
0.767658 0.626971 0.132697
-0.534403 0.843641 0.0517971
-0.49338 -0.823578 0.279813
-0.789153 -0.128528 0.600599
-0.399865 0.383179 0.832635
0.324873 -0.944279 0.0528618
-0.843932 -0.521655 0.125121
-0.977277 0.170878 0.12542
-0.612132 -0.40744 0.677708
-0.412158 0.699809 0.583432
0.332152 0.904751 0.266649
0.234357 0.902987 0.360128
-0.767732 0.0999523 0.632928
-0.946846 0.0383173 0.319398
0.700351 -0.0731218 0.710044
-0.864821 -0.107719 0.490388
0.668424 0.637342 0.383412
-0.284295 0.34779 0.893431
0.615813 0.526832 0.585852
-0.871399 -0.380341 0.309845
-0.293256 0.468651 0.833287
-0.791459 0.5986 0.123575
0.051531 -0.0749127 0.995858
0.834098 -0.373806 0.405647
-0.852683 0.248881 0.459337
0.600288 -0.113429 0.7917
-0.312233 -0.594805 0.740755
0.562587 -0.462662 0.685157
0.530624 -0.649533 0.54456
0.78057 0.210467 0.588569
0.786216 -0.59961 0.14944
0.288326 0.956875 0.035461
0.840603 0.43905 0.317208
0.259149 -0.844732 0.468262
-0.981571 0.0493013 0.18463
0.602132 -0.747635 0.28014
0.953041 0.203415 0.224353
0.159064 0.80676 0.569066
-0.648678 -0.643079 0.407022
-0.238538 -0.297926 0.924305
0.155671 -0.714789 0.681794
-0.706013 0.683592 0.185061
0.842688 -0.494431 0.213107
0.994736 -0.0421634 0.0933939
0.28151 0.752214 0.595757
-0.492234 0.155578 0.856447
-0.300181 -0.762472 0.573173
0.4577 -0.74595 0.483807
0.0253388 0.992031 0.123422
-0.622344 0.647887 0.439238
0.788913 -0.0402545 0.613185
0.527135 -0.82607 0.199341
-0.462504 -0.787882 0.40661
0.355716 0.850165 0.388182
0.498357 0.861874 0.0938798
0.628168 0.723605 0.286009
-0.907446 -0.417726 0.0452467
0.60901 0.790711 0.0623083
0.296499 0.650987 0.698787
-0.394655 0.25734 0.882056
0.876461 -0.0195455 0.481075
-0.252466 -0.88866 0.38281
-0.612071 0.305452 0.72943
-0.352199 0.904264 0.241377
0.500752 -0.383651 0.775925
-0.179402 -0.610734 0.771245
0.782298 0.440301 0.440618
-0.149451 0.895411 0.419408
0.208932 -0.970866 0.117328
0.719618 -0.302393 0.625067
0.832368 -0.265382 0.486555
-0.376507 -0.86378 0.334854
-0.311694 -0.394662 0.864343
-0.595957 0.763913 0.247532
-0.422688 0.906239 0.00809672
0.707728 -0.498045 0.501071
-0.374909 0.128443 0.918121
0.727163 0.634682 0.26156
-0.862755 0.501883 0.061384
0.761679 0.542472 0.354356
-0.767004 -0.607983 0.205089
0.66854 -0.426657 0.609113
0.709217 0.433671 0.555825
0.600337 0.162516 0.783061
0.432094 -0.497754 0.752021
-0.641415 -0.0502535 0.765546
-0.629809 0.558139 0.540206
0.104833 0.935265 0.338067
-0.325395 0.938762 0.113329
-0.437535 -0.566638 0.698201
0.254801 0.952557 0.166467
-0.741736 -0.314212 0.592536
0.230893 -0.623268 0.747145
-0.444892 0.883772 0.144976
-0.694521 -0.704818 0.144474
0.81309 0.536056 0.226998
0.852454 0.219839 0.474333
2.77556e-17 0.866025 0.5
0.630002 -0.764476 0.136653
0.293326 0.174519 0.939948
-0.846324 0.126819 0.517351
0.89857 -0.148794 0.412835
0.453875 0.86194 0.225958
0.477333 0.80713 0.34741
0.671783 -0.653767 0.348276
-0.064905 0.79892 0.597925
0.317467 -0.929616 0.187157
0.0856505 -0.981354 0.172071
-0.0550941 0.375894 0.925023
-0.297763 0.769614 0.564829
-0.885034 0.382986 0.264645
0.853893 0.332908 0.400047
0.987068 -0.159114 0.0194774
0.127546 0.969526 0.209167
0.597385 0.628338 0.49832
-0.283895 -0.951277 0.120312
0.435855 -0.291969 0.851343
-0.512754 0.519282 0.683688
-0.378515 -0.484893 0.788419
0.763964 -0.580602 0.281533
0.396442 0.683049 0.613415
-0.154656 -0.986664 0.0507603
-0.482175 0.834878 0.265493
-0.179768 0.827258 0.532285
0.670871 0.0555993 0.739487
-0.023267 0.924582 0.380272
0.0544878 0.561399 0.82575
-0.554703 -0.530425 0.641057
-0.109923 -0.521849 0.845926
0.185493 0.255753 0.94878
0.0215554 -0.714193 0.699617
-0.698003 -0.71605 0.00800286
0.340186 -0.0603929 0.938417
0.884133 0.427604 0.188318
0.127933 0.0366453 0.991106
0.619301 -0.34176 0.706871
-0.508545 -0.84828 0.147658
-0.703634 0.325166 0.631796
-0.627699 0.769743 0.116141
0.518084 0.387642 0.762445
0.953269 0.0850587 0.289902
-0.738998 -0.0259723 0.673207
0.496451 0.12165 0.859499
-0.510323 0.406237 0.757985
-0.487004 -0.233279 0.841669
-0.572251 0.0533514 0.818341
0.788339 0.330253 0.51909
0.945031 -0.158278 0.28612
0.0662987 0.319667 0.945208
0.839476 0.0992345 0.534259
-0.0453324 0.24671 0.968028
0.490687 -0.158854 0.856733
-0.184026 0.650842 0.736573
-0.607519 -0.594506 0.526767
-0.519262 0.617475 0.59084
0.674211 0.721262 0.15881
-0.168282 -0.190532 0.96715
0.170251 -0.530655 0.830313
-0.765296 0.459744 0.450508
-0.952848 0.15897 0.258473
0.380302 -0.828946 0.410144
-0.386478 0.849108 0.360069
0.568295 -0.711002 0.414146
-0.660377 -0.282344 0.695833
0.552949 -0.259825 0.791668
0.179312 0.714678 0.676079
-0.889458 -0.212193 0.40477
0.637239 -0.609658 0.471427
-0.718052 0.694225 0.0495205
0.910839 0.214939 0.352381
-0.421404 -0.129029 0.897647
0.177431 0.615404 0.767982
0.936293 -0.27507 0.218383
0.638156 -0.769905 0.00171213
0.976847 0.193364 0.0915475
-0.596331 -0.18014 0.782265
0.41445 0.34914 0.840436
-0.966387 -0.188416 0.174915
0.307969 -0.309089 0.899789
0.694616 0.19628 0.692086
0.286978 -0.702006 0.651791
0.904663 0.325644 0.274849
-0.697582 0.201992 0.687443
0.622334 0.415943 0.663093
-0.837535 -0.334041 0.432379
0.0263528 -0.906301 0.42181
-0.955187 0.289116 0.0634772
-0.181955 0.746087 0.640505
0.38443 0.075907 0.920028
0.897662 -0.26837 0.349542
-0.00179513 0.0745702 0.997214
-0.228254 0.951418 0.206648
0.379176 0.916534 0.127244
-0.991466 -0.0734697 0.107693
0.301475 -0.520183 0.799076
-0.824632 -0.00272673 0.565664
0.359836 -0.604436 0.710756
0.880806 -0.382565 0.278971
-0.298789 -0.168115 0.939395
0.0641844 0.444637 0.893408
-0.946021 -0.305061 0.109461
-0.220092 -0.0634516 0.973413
0.487186 0.704934 0.515478
0.41292 0.471037 0.779501
-0.25246 0.908615 0.332691
-0.776593 -0.625951 0.0713347
-0.924644 -0.0859937 0.370997
0.199114 -0.947491 0.250228
