0.748391 0.0348232 0.662343
0.232704 0.906892 0.351278
-0.360603 -0.85688 0.368405
-0.212254 0.950641 0.22634
-0.949134 -0.241606 0.201918
0.654668 0.0722471 0.752456
0.167072 -0.821193 0.545646
-0.709686 -0.1742 0.682642
0.869541 0.434905 0.234001
0.493983 -0.868933 0.0306079
0.0409527 -0.0526759 0.997772
-0.932283 0.361154 0.0204152
-0.978454 0.00207795 0.206455
0.106679 -0.911927 0.396243
0.835658 0.412196 0.363002
0.554335 0.79376 0.250314
-0.0750617 0.0169313 0.997035
-0.965958 0.243717 0.0867594
0.979995 -0.137291 0.14409
0.847355 0.229272 0.478982
0.336232 0.605056 0.721703
-0.0523998 -0.63006 0.774776
0.365732 0.826446 0.42805
-0.29584 -0.131752 0.946108
-0.613637 0.734154 0.290633
-0.0854993 -0.990695 0.105895
0.921713 -0.365867 0.128787
0.644595 -0.643101 0.413423
-0.457932 0.75085 0.475943
-0.616802 -0.139436 0.774669
-0.51734 -0.477649 0.710078
-0.406053 0.49609 0.767474
0.372843 -0.927892 0.00222779
-0.0086123 0.722602 0.691211
-0.0535404 -0.970331 0.235776
-0.416324 -0.186508 0.889881
0.23987 0.847884 0.472817
0.831925 0.553203 0.0432088
-0.736911 -0.657035 0.158959
-0.499911 -0.590298 0.633748
-0.908503 -0.122502 0.399519
0.311691 0.185799 0.931841
0.83003 0.00875514 0.55765
-0.307365 -0.262817 0.914579
0.346898 0.928016 0.135825
-0.860346 0.457292 0.22514
0.570239 0.34142 0.747168
0.630828 0.706469 0.320869
0.444953 0.74328 0.499552
-0.115377 0.993217 0.0144306
-0.430689 -0.779649 0.454593
0.169065 -0.253128 0.952546
-0.312405 -0.937893 0.150865
0.881006 -0.470149 0.0528041
0.889758 0.445203 0.100621
0.619366 0.202718 0.75848
-0.62362 -0.268363 0.73422
0.657055 0.729467 0.190147
0.11698 0.891778 0.43709
-0.99736 0.00399897 0.0725002
-0.173937 -0.570776 0.802471
-0.416114 -0.439496 0.796048
0.339433 0.901555 0.268299
0.175846 -0.380647 0.907847
-0.702497 -0.650091 0.289621
-0.0226082 -0.931988 0.361784
-0.548122 -0.716636 0.431271
0.221109 0.949333 0.223335
0.766401 -0.456111 0.452318
-0.0748639 -0.399795 0.913542
-0.00381284 0.544282 0.838893
-0.766262 0.0544095 0.64022
0.25787 -0.0332476 0.965607
0.996125 -0.0159312 0.0864988
0.707431 -0.706 0.033235
-0.0739409 0.442415 0.893757
-0.397884 0.284832 0.8721
-0.339796 0.606372 0.718924
-0.953636 0.114147 0.278476
-0.585178 -0.613886 0.529821
-0.0591599 -0.813855 0.578048
0.180525 -0.612263 0.769769
0.95136 0.21261 0.222958
0.291374 -0.537704 0.791186
-0.155271 -0.929205 0.335365
0.675368 0.294354 0.676191
-0.909908 0.218581 0.352546
0.905639 -0.130632 0.403428
0.90195 0.317434 0.292784
0.245747 0.967759 0.0552404
0.330294 0.409681 0.850334
0.544181 -0.733559 0.407134
-0.776966 -0.442868 0.447428
0.575446 0.809342 0.117586
-0.424086 -0.315242 0.848984
0.697403 -0.431425 0.572277
0.768377 -0.0956875 0.632804
-0.278985 0.522352 0.805802
-0.991289 0.131189 0.011688
0.200114 0.432916 0.878942
0.192712 0.788074 0.584638
0.437665 -0.813442 0.383094
0.965213 -0.251782 0.0705006
-0.571304 0.707321 0.416303
0.844134 -0.360033 0.397259
-0.674147 0.0884626 0.73328
0.89373 -0.364754 0.261153
0.975293 -0.0182214 0.220162
-0.134532 0.863632 0.485841
-0.526574 -0.357382 0.771361
-0.993608 -0.112804 0.00432364
0.132153 0.983043 0.127129
-0.224803 0.969954 0.0930187
0.203112 0.626681 0.75234
-0.342501 0.406847 0.846858
-0.0929624 -0.880331 0.465161
-0.278445 -0.918609 0.280402
-0.271001 0.311435 0.910806
0.749163 0.65047 0.125076
0.270956 0.523569 0.807749
0.509802 0.247755 0.823844
-0.760577 0.188263 0.621353
2.22045e-16 0.866025 0.5
-0.539123 0.815518 0.210422
0.0674749 -0.676864 0.733009
0.266019 0.702759 0.659821
-0.946384 0.236147 0.220438
0.174453 -0.967925 0.180794
-0.866845 -0.462407 0.186441
-0.905412 0.0976962 0.41314
0.630032 -0.753024 0.189774
-0.570919 0.128914 0.810822
-0.518756 0.654949 0.549486
0.768005 0.27051 0.58051
0.753868 0.493118 0.434186
0.364506 0.931199 0.00171775
0.0453473 -0.988434 0.144712
0.950996 -0.138931 0.276232
-0.195951 0.0745497 0.977776
-0.0591459 -0.519477 0.852435
-0.739332 0.665384 0.10321
-0.474682 -0.690243 0.546115
0.512534 0.646285 0.565353
-0.193879 -0.454801 0.869234
-0.264875 -0.722983 0.638072
0.982952 0.100662 0.153859
0.397195 -0.207231 0.894031
0.40661 -0.45745 0.790827
0.853736 -0.241304 0.461418
-0.710584 -0.301163 0.635901
-0.600891 -0.737426 0.308436
-0.854164 0.204824 0.477965
0.27961 -0.759091 0.587877
-0.556566 -0.827439 0.0746956
-0.354178 -0.934914 0.0222132
-0.856081 -0.229942 0.462873
-0.954394 -0.125367 0.270953
-0.10227 0.983573 0.148745
-0.304081 0.900137 0.31191
-0.423831 0.86835 0.257555
0.878224 0.0979942 0.468103
0.0550692 -0.330312 0.942264
-0.214509 -0.974558 0.0649752
-0.209757 0.628312 0.74915
-0.831773 -0.455743 0.316943
-0.182674 -0.963438 0.196002
0.495447 -0.60172 0.62647
0.549209 0.110512 0.828346
-0.682672 0.49417 0.538289
0.111624 0.945761 0.305084
-0.701826 -0.421343 0.574378
-0.701179 -0.0423416 0.711727
0.526278 0.754557 0.392015
0.659125 0.551954 0.510784
0.0471903 0.216267 0.975193
-0.0719076 0.152926 0.985618
-0.564233 0.821958 0.0776323
-0.927184 -0.352313 0.127304
-0.644587 0.747682 0.159621
0.451767 -0.734798 0.505943
0.378654 -0.0762469 0.922392
-0.82262 0.567931 0.0273813
-0.605505 -0.508503 0.612199
0.800909 0.356326 0.481223
0.290404 -0.295393 0.91017
-0.619843 -0.39214 0.679721
-0.894785 0.342015 0.28703
-0.238979 -0.872842 0.425483
0.728952 -0.66548 0.160515
-0.983535 -0.115221 0.139223
0.93961 0.341218 0.0265271
0.341867 -0.808792 0.478521
0.719144 0.166345 0.674656
-0.453355 0.882342 0.126263
0.454336 0.377692 0.8068
0.575439 0.537805 0.616147
0.6725 0.737975 0.0560045
0.695967 0.605555 0.385918
-0.0760723 0.634781 0.768938
0.409066 -0.903166 0.130219
0.446075 0.835983 0.31961
0.00898441 0.997292 0.0729867
0.506486 -0.493569 0.707009
0.0660239 0.442521 0.894324
0.59888 -0.154811 0.785733
0.779022 -0.222283 0.586272
-0.186122 -0.0604151 0.980667
-0.463526 0.575647 0.673628
-0.442796 -0.889378 0.113746
-0.850869 0.323839 0.413703
0.92979 0.330976 0.161077
0.906809 -0.252715 0.33739
-0.0692126 -0.130725 0.989
-0.749469 -0.54965 0.369027
-0.212693 0.429013 0.877901
-0.842848 0.0812936 0.531976
0.557054 -0.650466 0.516319
0.322059 0.771614 0.548534
-0.778008 0.555576 0.293325
0.0432294 0.0825844 0.995646
0.263013 0.310681 0.913401
0.398635 0.495834 0.771517
0.353397 0.0571048 0.933729
-0.000201485 0.925592 0.378522
-0.0883462 0.955801 0.280426
0.389936 0.281456 0.876774
-0.0662011 -0.27293 0.959753
-0.686733 -0.530937 0.496491
0.674525 -0.543349 0.499788
-0.852634 -0.345256 0.392192
-0.582578 0.341945 0.737344
0.308096 -0.926211 0.217277
0.506889 -0.247366 0.825756
-0.445916 0.158656 0.880901
-0.664258 0.74706 0.0257641
0.541447 -0.791064 0.284698
0.0635936 0.637568 0.767765
0.681069 -0.673721 0.286786
-0.783389 0.298551 0.545131
-0.577896 0.546973 0.605687
0.607196 -0.792108 0.0622746
-0.653435 -0.633353 0.414593
0.470859 0.0141923 0.882094
-0.922954 0.352279 0.155097
0.493358 -0.117672 0.86183
0.523613 -0.837043 0.15871
0.405199 -0.335115 0.850595
0.289215 -0.652806 0.700142
0.274259 -0.95743 0.0900549
0.131577 0.718332 0.683145
-0.819616 -0.562518 0.108645
-0.86243 -0.0495674 0.503744
-0.192351 0.208478 0.958926
-0.525691 0.462459 0.713989
-0.00407031 0.33687 0.941542
0.971355 0.220191 0.0893626
-0.635586 0.424932 0.644564
0.58116 -0.0235747 0.813448
0.994097 0.10679 0.0191624
0.606216 -0.404962 0.684476
-0.402056 0.679939 0.613217
-0.325239 0.0531446 0.944137
-0.0467743 -0.729116 0.68279
-0.970735 -0.230068 0.068857
0.741726 -0.559956 0.369177
0.181508 0.208187 0.9611
-0.344853 0.937824 0.0395331
0.177517 0.0744662 0.981296
-0.401947 -0.0541688 0.914059
0.727483 0.635844 0.257821
-0.80885 0.565273 0.161949
-0.26547 0.850261 0.454513
-0.4072 -0.554673 0.725621
-0.602963 -0.00684122 0.79774
-0.981514 0.123276 0.146398
0.607418 -0.282689 0.742382
0.945527 -0.25342 0.204347
-0.13897 0.330197 0.933626
0.629423 0.41966 0.653997
0.279433 -0.165341 0.945822
0.456648 0.869357 0.188922
0.206389 -0.929243 0.306448
-0.789106 -0.207286 0.578225
-0.881008 0.464148 0.0916072
0.0463669 -0.200289 0.978639
-0.697065 0.304498 0.649139
-0.494726 0.0330898 0.868419
0.389571 -0.685222 0.615391
-0.735854 0.531461 0.419605
-0.713516 0.659731 0.2359
-0.322344 0.187429 0.927882
-0.312198 -0.389235 0.866619
-0.181566 0.911887 0.368099
-0.166193 -0.676063 0.717857
0.0444353 -0.861747 0.505388
0.680814 -0.0609485 0.729916
-0.188727 -0.820459 0.539657
0.431078 -0.864634 0.25803
-0.912276 -0.239734 0.332084
0.392951 0.680245 0.618754
-0.774283 0.415353 0.477459
-0.50296 0.794982 0.339168
0.713852 0.43437 0.549306
0.173712 -0.501685 0.847429
0.783083 -0.34043 0.52047
-0.628464 0.60684 0.486599
-0.887387 -0.457993 0.0527867
0.177449 -0.722194 0.668541
-0.786711 -0.330149 0.52162
-0.662163 -0.747961 0.0457538
-0.791963 -0.56096 0.241076
0.510781 -0.372624 0.774761
0.99118 -0.132189 0.00935335
0.825336 -0.467288 0.316959
-0.143188 0.721642 0.677296
-0.288962 -0.620341 0.729163
-0.275315 0.705445 0.653108
0.60013 -0.517639 0.609831
-0.385251 -0.661457 0.643472
0.229149 -0.87032 0.435928
-0.0765539 0.80251 0.591708
-0.52528 -0.230555 0.8191
-0.786697 -0.076449 0.612588
0.435334 0.154091 0.886984
-0.411869 -0.877706 0.244942
0.952217 0.0952112 0.290202
0.0235038 0.977933 0.207592
0.923329 0.00208851 0.384003
0.0131827 -0.999818 0.0137883
-0.941721 -0.00758351 0.33631
0.460024 0.577007 0.674863
-0.639449 0.219183 0.736928
0.327124 -0.880466 0.343175
0.806357 0.140907 0.574398
-0.386223 0.833098 0.395954
-0.181252 -0.201792 0.962511
-0.823113 0.443644 0.354494
0.698572 -0.315594 0.642182
-0.638926 -0.748143 0.179039
-0.190974 -0.331143 0.924053
-0.334567 0.926181 0.173934
0.861151 -0.472859 0.186608
0.595263 0.659455 0.459109
0.791138 0.527922 0.308868
-0.146808 0.537273 0.830533
0.843488 -0.1214 0.523249
0.518779 0.463227 0.718533
-0.756648 -0.653338 0.0251618
0.909995 0.201635 0.362288
0.0612347 -0.571122 0.818578
0.0759923 -0.958964 0.273154
0.397864 -0.573738 0.715911
0.694138 -0.190739 0.694112
-0.898822 -0.353175 0.259591
0.295284 -0.420158 0.858064
-0.513311 -0.0999586 0.852362
0.134004 0.540585 0.830549
0.818258 0.54671 0.177656
0.0639052 -0.779793 0.622767
0.784045 -0.571911 0.241228
-0.319035 -0.785153 0.530803
-0.466033 0.377114 0.800374
0.130911 0.330829 0.934567
0.142802 -0.988444 0.0508626
0.0586907 0.797319 0.600697
-0.676534 0.639866 0.364518
-0.210157 0.792465 0.572567
0.812635 -0.572491 0.108988
-0.529525 -0.822607 0.207174
-0.300275 -0.509722 0.806237
-0.487509 -0.806396 0.334755
0.156216 -0.121322 0.980244
-0.33915 0.772377 0.537038
0.476489 0.877437 0.0553324
0.0538522 -0.454686 0.889022
-0.518227 0.253382 0.816847
