0.097732 -0.902754 0.418907
-0.576139 0.780371 0.243074
-0.0818795 0.462499 0.882831
0.447566 0.839472 0.308176
0.2237 -0.864499 0.450112
-0.197315 -0.0749454 0.977471
0.688492 0.437241 0.578619
-0.720817 -0.163988 0.673447
0.606826 -0.37245 0.70217
0.606018 0.784957 0.128779
-0.31941 0.0602744 0.945698
0.702329 -0.292828 0.648835
-0.649137 0.559714 0.515113
-0.679922 0.706452 0.196552
-0.454394 -0.866871 0.205087
0.0424112 -0.987401 0.152449
-0.797874 0.602618 0.0157637
0.66524 -0.746062 0.0291046
0.0286554 0.9846 0.172458
0.169651 -0.0251794 0.985182
0.688304 -0.033029 0.72467
-0.464221 0.357235 0.810483
-0.569191 -0.736531 0.365436
-0.968571 -0.21297 0.128509
-0.409854 -0.504687 0.759809
0.724757 0.311894 0.614369
0.43829 0.356629 0.825056
0.987839 -0.0756212 0.135851
-0.715671 -0.0285843 0.697852
-0.382193 0.276597 0.881716
0.677238 0.110309 0.727448
-0.196226 0.980297 0.0226659
0.0765005 0.802491 0.591739
0.314303 0.404728 0.858725
0.627332 0.695365 0.350603
0.572069 -0.663673 0.481949
-0.0254552 -0.928903 0.369448
-0.723553 0.561039 0.402128
-0.848015 0.120515 0.516088
0.597005 0.0305535 0.801656
0.416882 -0.875389 0.244753
-0.964604 -0.0212192 0.262848
-0.662401 -0.698562 0.27062
0.0607468 0.918372 0.391029
-0.873049 -0.34481 0.344806
-0.925503 0.244573 0.289187
-0.931447 0.318474 0.176013
0.0532774 0.468553 0.881827
-0.866014 0.316183 0.387361
0.399329 -0.40418 0.822906
-0.295236 0.523414 0.799296
-0.95323 0.11243 0.280557
-0.594083 0.505154 0.626007
-0.595809 0.66544 0.449668
-0.660235 -0.64023 0.392676
0.320297 -0.877753 0.356313
0.626569 0.373816 0.683866
0.527985 0.848391 0.038269
0.280532 0.0525482 0.958405
0.468535 0.225013 0.854309
-0.288507 0.843179 0.453665
-0.807374 0.459941 0.369596
0.292644 -0.353143 0.888622
0.150078 0.723753 0.673542
-0.29179 0.19243 0.936926
0.13076 0.55955 0.818416
-0.738554 0.613973 0.278524
-0.334097 -0.685719 0.64666
0.40542 -0.128937 0.904992
0.870086 -0.469517 0.150013
0.820336 0.428151 0.379125
0.492976 -0.557709 0.667783
-0.429619 -0.899788 0.0762167
-0.726816 -0.40484 0.554836
-0.922801 -0.0814111 0.376578
0.880702 -0.394531 0.262126
0.930222 -0.0516837 0.363339
0.988119 -0.152163 0.0216131
0.706586 0.701492 0.0929751
0.273039 0.523998 0.806768
-0.0633123 0.109767 0.991939
0.0650674 -0.233584 0.970157
-0.826808 0.253423 0.502161
0.069321 -0.362523 0.929393
-0.244001 0.317328 0.916388
0.292454 -0.927323 0.233542
0.795012 0.603168 0.0643706
-0.244129 -0.895641 0.371791
-0.537694 0.431396 0.724419
-0.229079 0.793077 0.564404
-0.746801 -0.593693 0.299694
-0.462834 0.83778 0.289672
0.639407 -0.723373 0.260558
-0.150167 0.864047 0.480493
-0.418373 -0.385136 0.822578
0.409933 0.666329 0.622865
0.57932 0.173156 0.796496
-0.207716 -0.675628 0.707376
-0.00703467 -0.867712 0.497017
0.967428 -0.209201 0.142541
-0.790683 0.381677 0.478689
-0.165138 0.974142 0.154198
-0.742722 -0.646298 0.17511
0.734109 -0.62675 0.261282
-0.42952 -0.257351 0.865611
-0.56221 -0.790877 0.241731
-0.351845 -0.765442 0.538798
0.857236 0.303343 0.416089
-0.647342 -0.748155 0.145645
-0.467975 -0.759227 0.452299
-0.33295 -0.928122 0.166535
0.552862 0.304209 0.775758
0.41351 0.906946 0.0803627
-0.880393 -0.465387 0.0912289
0.761754 -0.647058 0.0323598
0.95787 -0.130725 0.255728
-0.160026 0.200883 0.966456
-0.215021 0.44149 0.871121
0.910346 -0.185345 0.370023
0.705891 -0.692959 0.146717
0.441977 -0.819283 0.365283
0.882866 0.38665 0.266552
-0.912641 0.402442 0.0716059
-0.787168 0.0506117 0.614658
0.0575441 -0.100489 0.993273
-0.849823 0.514696 0.113534
-0.526253 0.0951942 0.844982
-0.986542 -0.0796362 0.142801
0.269807 0.843986 0.463564
0.762606 0.616764 0.195023
-0.613937 -0.377194 0.693401
-0.258692 0.93473 0.243637
0.882305 0.172214 0.438041
0.171221 -0.967036 0.18848
-0.500049 0.227911 0.835468
-0.354437 -0.887707 0.293854
0.781013 -0.198496 0.592131
0.288195 -0.0824593 0.954015
-0.525992 0.85018 0.0229561
-0.422171 0.669438 0.611248
0.186509 0.445887 0.875442
-0.500121 0.851835 0.155745
0.401352 0.0089701 0.91588
0.127524 0.239728 0.962428
-0.311289 -0.949719 0.0336728
-0.532404 0.758972 0.374844
0.278115 -0.598486 0.75131
-0.884318 -0.413791 0.216239
-0.291879 0.949717 0.113333
0.0604373 -0.489436 0.869942
-0.821146 -0.53285 0.204427
-0.245298 -0.834917 0.492689
0.584465 0.495562 0.64251
0.0630973 0.656094 0.752037
0.842904 0.514246 0.158317
-0.645869 0.376882 0.663938
-0.187394 -0.208722 0.959853
-0.164294 0.729052 0.664448
-0.358206 0.604697 0.711358
0.58158 0.661581 0.473365
0.563001 0.782117 0.267063
0.290786 0.94945 0.118273
-0.822432 0.512915 0.246016
-0.0557277 -0.968274 0.243597
0.402392 -0.275576 0.873005
-0.419982 0.479755 0.770357
0.958442 -0.284085 0.0261748
0.342801 0.764818 0.545474
-0.342504 0.401803 0.849261
-0.174082 -0.462618 0.869299
0.346412 -0.811175 0.471162
0.114772 0.955258 0.272598
0.470013 0.548456 0.691581
-0.999573 0.00372776 0.0289892
-0.207796 0.90715 0.365924
0.780088 0.376917 0.499396
0.745043 -0.456717 0.486128
0.77222 -0.335439 0.53959
0.323669 0.882368 0.341562
-0.309745 -0.338632 0.888474
0.161292 0.975862 0.147233
0.381689 -0.634532 0.672074
0.398181 0.478645 0.782529
0.139876 -0.988433 0.0586161
0.288753 -0.482024 0.827209
0.517042 0.429754 0.740256
-0.111839 0.34068 0.933504
-0.629802 -0.481899 0.609198
0.49611 0.851091 0.17181
-0.626007 -0.779657 0.0158085
-0.318079 -0.20858 0.924835
0.19618 -0.923891 0.32854
-0.482398 0.718806 0.50061
0.532737 -0.806496 0.256427
0.44208 -0.896909 0.0109527
0.911166 -0.410516 0.0353987
-0.634399 -0.113702 0.764597
-0.797853 -0.0831133 0.597095
-0.063575 -0.535743 0.841984
-0.822242 -0.468356 0.323357
0.814067 -0.517611 0.263388
0.140577 -0.75405 0.641597
-0.894504 0.18536 0.406822
-0.9071 -0.214986 0.361871
-0.116243 -0.819715 0.560852
0.699884 -0.164592 0.695034
0.999752 -0.0176024 0.0136574
-0.412811 0.908191 0.0691079
-0.229042 0.635351 0.737475
-0.743655 0.317718 0.588245
0.868076 0.495714 0.0266812
-0.742119 -0.525289 0.41633
-0.359022 -0.833874 0.419235
0.608546 -0.247464 0.753945
0.283163 0.704433 0.65084
-0.641008 0.695036 0.325627
-0.864507 -0.0130778 0.502451
0.928971 -0.262807 0.260662
0.801359 0.525044 0.286623
-0.304425 -0.461932 0.833033
-0.955561 -0.155634 0.250363
-0.609307 0.784986 0.111988
0.68283 -0.417345 0.599638
0.655724 -0.654718 0.375993
0.604756 -0.783233 0.144278
0.478643 -0.659415 0.579717
0.553826 -0.743708 0.374401
0.50532 -0.193854 0.840876
0.347893 0.598172 0.721914
-0.309438 -0.593746 0.742774
-0.77111 0.619424 0.147317
0.466466 0.720811 0.51268
0.963134 0.139732 0.229885
-0.542063 -0.0484901 0.838938
-0.540541 0.61702 0.571929
0.157301 -0.657622 0.736743
0.885811 0.0280741 0.463196
-0.989428 0.137584 0.0458601
-0.531057 -0.320799 0.784261
0.845084 -0.533583 0.0334989
-0.528491 -0.481951 0.698871
-0.706855 0.704459 0.0639783
-0.295943 0.705973 0.643444
0.907609 0.398085 0.133321
-0.709632 -0.299366 0.637811
0.218574 0.631014 0.744343
0.363453 -0.730368 0.57833
0.262804 -0.700381 0.663627
-0.632155 -0.245671 0.734864
0.171464 -0.548852 0.818145
-0.0563917 -0.291227 0.954991
-0.627739 0.0363576 0.777574
0.137851 0.862404 0.487089
0.71621 0.594463 0.36559
0.844596 -0.238198 0.479499
0.990433 0.0591864 0.12466
-0.414759 0.805989 0.422322
0.817436 -0.438724 0.373255
-0.076089 0.963802 0.255531
-0.682486 0.248742 0.68727
0.9756 0.192347 0.105864
0.243478 -0.790668 0.561749
-0.0747818 -0.643886 0.761458
0.808394 -0.0661966 0.584908
-0.928413 -0.287348 0.235545
0.0488999 0.03444 0.99821
0.376993 0.90185 0.21105
-0.437283 -0.601093 0.668932
0.66671 -0.567004 0.483739
0.60432 -0.527504 0.597107
-0.842001 -0.278687 0.461917
0.763069 0.0464174 0.644648
-0.986615 0.0552424 0.153421
-0.964875 -0.262695 0.0027362
-0.96145 0.26974 0.053417
0.351049 0.27931 0.893729
0.810264 0.248784 0.53064
0.0337297 -0.704916 0.708489
-0.465592 -0.820491 0.331691
0.872993 -0.315367 0.372057
0.372574 -0.919573 0.124796
0.392959 -0.526996 0.753564
-0.436368 0.0101626 0.899711
0.638591 0.554618 0.533479
-0.358305 0.763272 0.537618
-0.800386 -0.405761 0.441294
0.50597 -0.322787 0.799877
0.938182 0.28355 0.19853
0.828112 0.115859 0.548459
-0.179101 -0.33882 0.923647
0.874231 -0.106314 0.473728
0.494377 0.092584 0.864303
-0.341728 0.878315 0.334342
-0.480271 0.557301 0.677315
0.160002 0.109707 0.981001
-0.721979 -0.69019 0.0488238
-0.700818 0.442749 0.559309
-0.188592 0.0600414 0.980218
0.119032 -0.836477 0.534919
-0.0303378 0.239219 0.970492
-0.538424 -0.190739 0.820803
0.516703 0.760401 0.393458
0.926467 0.376375 0.00111597
0.271715 -0.961331 0.0448662
0.183642 -0.290803 0.938994
-0.230081 -0.761838 0.605529
0.194202 0.907945 0.371378
-0.0639109 -0.159543 0.98512
0.52887 0.61222 0.587778
-0.0866287 0.806338 0.585076
0.212708 0.790712 0.574047
0.0491676 -0.602547 0.796567
-0.545516 -0.830598 0.111887
-0.457956 -0.685881 0.565547
0.258614 0.195472 0.945997
-0.186407 -0.575736 0.796103
0.224467 0.323612 0.919179
-0.327819 -0.0747034 0.941782
0.657279 0.24523 0.712634
-0.382829 0.901642 0.201208
0.735992 0.498106 0.458482
0.464882 -0.746067 0.476727
-0.150698 0.557958 0.816072
-0.209945 -0.96929 0.128066
-0.188376 -0.947117 0.259778
-0.577454 0.3062 0.756828
0.668317 0.709828 0.222478
-0.810493 -0.580498 0.0782475
0.5588 -0.829065 0.019831
-0.916701 0.0523252 0.396134
-0.991247 -0.130835 0.0176552
0.918871 0.229411 0.321009
-0.864899 -0.146512 0.480088
-0.0743337 0.920466 0.383687
-0.441732 -0.124558 0.888458
0.0736074 -0.956707 0.281592
0.60355 -0.116809 0.788722
0.0722367 0.996383 0.0447625
-0.792224 -0.215716 0.57083
-0.0950255 -0.738801 0.66719
-0.0101029 0.738779 0.673872
0.507819 -0.0529084 0.859837
-0.564186 -0.669335 0.483409
-0.932842 -0.34242 0.112044
0.929035 -0.338789 0.148716
-0.130089 -0.886524 0.444019
0.493372 -0.859387 0.134307
2.22045e-16 0.866025 0.5
-0.0804849 -0.992116 0.096063
0.178244 -0.159453 0.970981
-0.413054 0.145997 0.898928
-0.052187 -0.41769 0.90709
-0.77262 0.18686 0.606746
0.0137505 -0.7936 0.608284
0.396688 0.810885 0.430239
0.1797 -0.427584 0.885935
-0.0604412 0.995626 0.0712395
-0.877574 0.392067 0.275948
0.749233 0.180795 0.637152
0.796405 -0.586327 0.148188
-0.0730699 -0.0250816 0.997011
-0.548753 -0.589046 0.593207
0.046763 0.345331 0.937315
0.969201 0.00376168 0.246243
0.744656 -0.552774 0.374071
-0.608552 0.175629 0.773834
0.246139 0.937642 0.245443
-0.70481 0.115896 0.699865
-0.649868 -0.567101 0.506033
-0.0872136 0.656822 0.748985
0.378982 0.142396 0.914383
-0.0139285 0.569513 0.821864
0.500215 -0.445251 0.742655
0.295739 -0.215508 0.930642
0.933254 0.0836648 0.349337
0.20386 0.978819 0.0188423
-0.967412 0.188215 0.169379
