0.887302 0.380857 0.260082
-0.417506 0.887918 0.193107
0.423013 -0.392228 0.816833
-0.569123 0.358941 0.73977
0.147194 -0.732987 0.664127
-0.657858 -0.207824 0.723901
-0.247573 -0.0841096 0.965212
0.93822 0.259422 0.229005
-0.983914 0.162026 0.075241
-0.713488 0.631703 0.303128
-0.112029 0.536583 0.836378
-0.1091 0.927862 0.356607
-0.0817374 -0.386858 0.91851
0.536207 0.397735 0.744506
-0.925323 -0.157505 0.344919
-0.676127 -0.72967 0.102149
-0.84713 0.187186 0.497326
-0.972988 -0.215072 0.0838923
0.309513 0.669477 0.67528
0.644133 0.343769 0.683312
0.44284 -0.0460057 0.895419
-0.309212 0.19757 0.930244
-0.262277 0.819345 0.509789
0.484626 0.811191 0.327271
0.75422 0.413629 0.509964
0.802003 -0.26343 0.536094
-0.470414 -0.858993 0.202092
-0.571761 -0.145284 0.807454
0.541396 -0.267078 0.79722
-0.505845 0.479297 0.717214
0.060278 -0.960118 0.273019
-0.356688 0.837243 0.414485
-0.386206 -0.915521 0.112545
0.446484 0.888357 0.107115
-0.38028 0.299802 0.874932
-0.458009 -0.224342 0.860173
-0.273118 -0.535183 0.799366
0.28934 -0.90007 0.325817
-0.722604 -0.555724 0.411114
0.576761 -0.813379 0.075901
0.65122 -0.591028 0.476024
-0.84714 -0.366964 0.384307
-0.498959 -0.749884 0.434412
0.538251 -0.392242 0.745944
-0.988409 0.0459957 0.144679
0.346167 0.363315 0.864969
0.983915 -0.127618 0.124997
0.818584 0.491098 0.297897
0.11486 0.78284 0.61153
0.263229 -0.24732 0.932493
0.906419 0.0532717 0.419007
-0.474182 0.805517 0.355378
0.321797 0.935893 0.143354
-0.414901 -0.73298 0.539071
-0.319287 0.418064 0.850458
0.535033 0.0394138 0.843912
-0.112681 -0.685576 0.719228
0.635504 -0.181914 0.750361
-0.0152263 -0.614157 0.789037
0.35962 0.933001 0.0134841
0.419127 0.448567 0.789379
-0.95202 0.256977 0.166193
-0.713282 0.679131 0.173233
0.932838 0.161412 0.322118
-0.162235 -0.828028 0.536703
0.422755 0.0876294 0.901998
0.461343 -0.502567 0.731156
-0.555987 -0.277505 0.783498
0.0202579 0.946629 0.321688
0.383834 -0.279269 0.880159
0.00748284 0.321352 0.94693
-0.839108 0.397797 0.371019
-0.296932 0.941004 0.162302
-0.0493833 0.434507 0.899314
-0.911112 -0.283899 0.298792
-0.169835 0.976527 0.132477
0.299996 -0.385196 0.872712
-0.878913 -0.406841 0.248984
-0.912183 0.384126 0.142719
-0.471635 -0.881694 0.0132347
-0.309537 -0.417125 0.854514
0.788475 -0.538598 0.297018
-0.366421 -0.590872 0.718754
-0.108814 -0.260719 0.959263
-0.697137 0.576854 0.425722
0.43823 0.778118 0.449985
-0.745633 0.00672019 0.666323
0.813184 -0.558003 0.16542
-0.513404 0.725985 0.45756
0.556662 -0.803348 0.211564
-0.569614 -0.757629 0.318652
-0.357599 0.691262 0.627916
0.552432 0.582272 0.596472
-0.526785 0.817911 0.231344
0.877331 0.183098 0.443583
-0.706903 -0.395163 0.586629
0.700026 0.670453 0.245879
0.601194 0.4672 0.648297
-0.675536 -0.699219 0.233973
0.152213 -0.324646 0.933507
0.162768 0.515339 0.841387
0.233477 0.971374 0.0438209
-0.590715 0.627002 0.507863
0.917404 -0.204969 0.341112
-0.0338746 0.629322 0.776406
-0.434151 0.592063 0.678951
-0.444285 0.395555 0.803833
0.326759 0.00259017 0.945104
0.31313 0.817814 0.482835
-0.769393 0.252483 0.586759
0.175446 0.17173 0.969396
0.865239 0.473714 0.164187
0.658497 -0.737062 0.152059
-0.620479 0.681666 0.387734
-0.0201662 0.791363 0.611013
0.193193 0.965814 0.172861
-0.153792 0.792725 0.58986
0.897651 -0.329666 0.292478
0.103449 -0.0676281 0.992333
0.624902 -0.432318 0.650076
-0.306431 0.614556 0.726926
0.409175 0.881149 0.236965
0.192412 -0.950047 0.24574
0.66924 0.74273 0.0216614
0.284255 0.919276 0.27227
0.559975 0.825679 0.068432
0.555456 0.722537 0.411593
0.416158 -0.703463 0.576153
-0.037704 0.993771 0.104865
0.178704 -0.444945 0.877547
0.0185192 -0.713047 0.700871
-0.331868 -0.694272 0.638632
0.102529 0.902 0.419386
0.783067 -0.390247 0.484265
0.67252 -0.739932 0.01474
-0.831165 -0.551593 0.070071
0.394093 0.221922 0.891875
-0.405449 -0.476706 0.779976
0.857816 -0.298943 0.418073
-0.205254 -0.741957 0.638256
0.955069 0.0307847 0.29478
0.477713 -0.601487 0.640316
0.0132262 -0.918912 0.39424
0.720293 -0.351863 0.597804
0.0854507 0.422523 0.902315
-0.677248 0.310633 0.666965
-0.662188 0.517343 0.542092
-0.987686 -0.0883969 0.129086
-0.925577 -0.00892255 0.378453
0.334898 -0.92076 0.200113
0.821002 0.298261 0.486823
0.682229 0.21488 0.698849
0.144443 -0.194647 0.97018
-0.890287 -0.439803 0.11816
-0.784264 0.519074 0.339841
-0.674332 -0.513811 0.530354
0.597507 0.749205 0.285793
0.178448 0.696979 0.694533
-0.746603 -0.136104 0.651199
-0.160647 -0.968418 0.190682
0.719935 -0.0971288 0.687211
-0.337619 -0.291159 0.89512
-0.856383 0.503786 0.113173
-0.453062 -0.635694 0.625003
0.497857 0.686603 0.529826
0.102133 0.992406 0.0685474
0.734085 0.669258 0.114946
-0.0781238 0.969643 0.231708
-0.659147 0.07024 0.748727
-0.617289 0.44601 0.648097
-0.819168 -0.0548946 0.570921
-0.854865 0.459482 0.241001
0.1147 -0.638988 0.760617
0.193426 -0.805716 0.559829
-0.181789 0.170252 0.968487
0.0992911 -0.868496 0.485651
0.753469 0.509976 0.414981
-0.963934 -0.0601612 0.259254
0.631848 -0.719973 0.287066
-0.585209 -0.788806 0.187924
0.971661 0.132444 0.195791
0.336923 -0.495345 0.800697
0.564499 -0.0905344 0.820454
-0.0269812 -0.0323149 0.999113
-0.580259 -0.812585 0.054826
0.720443 0.0855288 0.68822
0.929779 -0.367819 0.0148107
-0.119629 -0.902458 0.413833
-0.0729243 -0.952558 0.295492
-0.934413 0.20627 0.290386
-0.755224 -0.655111 0.0215911
-0.26257 -0.961397 0.0823016
-0.454056 -0.826631 0.332438
0.271086 0.267823 0.924545
-0.469534 0.0444815 0.881793
0.741263 0.309632 0.595531
-0.329876 0.896473 0.295834
-0.373605 -0.816204 0.440717
0.36655 0.564835 0.739326
0.2348 0.888448 0.394372
0.889977 0.285248 0.355773
0.247882 0.762035 0.598211
-0.0336546 -0.859953 0.509263
0.920912 -0.07613 0.382263
0.788534 -0.00558777 0.614965
0.303227 0.135811 0.943191
0.617834 0.124516 0.776387
0.698404 -0.622487 0.353187
0.0688499 0.0631277 0.995628
-0.865093 0.0501639 0.499098
-0.469993 -0.0907605 0.877992
0.469173 -0.175305 0.865531
-0.0626056 0.110646 0.991886
0.0841298 -0.534513 0.840963
-0.55839 0.125671 0.820004
-0.478564 0.665101 0.573251
0.863977 -0.446413 0.232936
0.946328 0.323203 0.00175816
-1.38778e-16 0.866025 0.5
-0.717802 0.39758 0.571568
0.824014 0.562169 0.0704789
0.469565 -0.87258 0.134584
-0.951817 0.304129 0.0393797
-0.868052 -0.242553 0.43319
0.488456 0.521928 0.699286
0.637254 0.754844 0.155302
-0.575358 -0.0104347 0.817835
0.748389 -0.657104 0.0901622
-0.252066 0.31907 0.913596
0.637447 -0.309566 0.705571
0.00147332 -0.999167 0.040786
-0.0461026 -0.504575 0.862136
0.950828 -0.226056 0.211717
0.869498 -0.171609 0.463166
-0.434217 0.175074 0.883631
0.999003 -0.0277934 0.034928
0.36504 -0.596219 0.71503
-0.760721 -0.630423 0.154502
0.0425645 0.19491 0.979897
0.24223 -0.652928 0.717642
-0.210771 -0.346413 0.914097
0.104859 0.619756 0.777757
0.961851 -0.0984306 0.255252
-0.121142 -0.128333 0.984304
-0.0965339 0.714958 0.692471
-0.204913 -0.927757 0.311894
0.7475 -0.512011 0.423189
-0.808129 -0.485889 0.332925
-0.749062 -0.597914 0.285316
0.364723 -0.928605 0.0683414
-0.396389 0.758573 0.517148
-0.290999 -0.787116 0.543845
0.200947 0.039193 0.978818
0.992448 0.103914 0.0651804
-0.206827 0.942304 0.26322
-0.183675 0.431752 0.883093
-0.758929 0.461345 0.459552
0.693981 -0.474386 0.541617
0.483455 -0.875369 3.12131e-05
0.881515 -0.461523 0.099635
-0.93458 -0.313157 0.168799
0.435036 0.634407 0.638961
-0.146252 -0.582193 0.799788
-0.550959 0.560178 0.618583
0.967512 0.232327 0.0997265
0.376237 0.732756 0.567022
0.4366 -0.85969 0.265168
-0.364315 -0.024932 0.930942
-0.590165 0.80728 0.0018784
-0.133644 0.867592 0.478982
0.964758 -0.252073 0.0755093
-0.0749167 -0.776148 0.626084
-0.910074 0.124419 0.395329
-0.612447 0.231771 0.755772
-0.331289 -0.88348 0.331226
-0.794239 -0.31831 0.517555
0.509998 0.172368 0.842728
-0.261653 0.964569 0.0338294
-0.13208 -0.989415 0.0601134
-0.938604 -0.343018 0.0369004
0.33973 -0.791693 0.507747
-0.606113 -0.461589 0.647736
-0.176323 -0.46806 0.865927
0.526991 0.826089 0.199645
0.182529 0.84077 0.509696
0.825599 -0.563437 0.0304109
-0.903874 0.427632 0.0119301
0.841728 0.0877497 0.532724
0.351439 -0.145013 0.924912
0.218047 0.3981 0.891051
-0.50149 0.274099 0.820596
-0.958953 0.0742728 0.273667
-0.655305 -0.662619 0.362644
-0.80521 0.33736 0.487673
-0.234248 0.889941 0.391321
-0.247206 -0.864374 0.43789
0.134147 -0.990838 0.0156194
-0.0276212 -0.984688 0.172121
0.290008 -0.730835 0.617879
-0.998735 0.0502825 0.000416811
0.00920967 -0.16452 0.986331
0.237931 0.598153 0.765246
0.153699 0.941489 0.299958
-0.585082 -0.655099 0.478043
0.924866 0.356497 0.132409
-0.236497 -0.217706 0.946928
-0.175542 0.627343 0.7587
0.727263 -0.226395 0.647947
-0.495341 -0.525741 0.691544
0.146096 -0.917976 0.368749
-0.530818 -0.404636 0.744649
0.774537 0.178966 0.606683
-0.627367 0.733052 0.262766
0.236198 -0.964448 0.118537
-0.877873 0.270452 0.395215
-0.241323 -0.644188 0.7258
0.362971 0.857923 0.36362
-0.508989 0.855061 0.0989989
-0.436482 -0.353789 0.827234
-0.248753 0.527124 0.812565
0.589896 -0.69386 0.413015
0.519667 -0.783709 0.340214
-0.154517 0.0114403 0.987924
0.534989 -0.657076 0.531072
-0.56857 -0.576449 0.586886
0.986048 0.00115201 0.166455
0.613986 0.623953 0.483429
0.21471 -0.553239 0.804877
0.689954 0.621245 0.371507
-0.355861 -0.159583 0.920813
-0.124386 0.291136 0.948561
0.060607 0.978614 0.196573
-0.389812 0.918648 0.0642897
0.802386 -0.135852 0.581137
0.028419 0.531744 0.846428
-0.379728 0.510055 0.771784
-0.272831 0.070577 0.95947
-0.785428 0.613863 0.0792111
-0.767677 -0.440363 0.465568
-0.636649 -0.337872 0.693196
0.827407 0.398282 0.39594
0.241499 -0.861633 0.446394
-0.794617 0.111887 0.596712
-0.815677 -0.188031 0.547097
0.293705 0.486937 0.822575
-0.229105 0.709973 0.665919
0.0491758 -0.418908 0.906696
-0.694462 0.718118 0.0450497
0.0540521 -0.802217 0.594581
0.0422577 0.711915 0.700993
0.650665 -0.00600274 0.759341
-0.128472 0.991703 0.00455611
0.579111 0.264142 0.771271
0.729233 -0.646671 0.223688
0.789644 0.580014 0.200114
0.862779 -0.0427254 0.503773
0.66746 0.513112 0.539642
0.894573 0.445537 0.0351496
0.0218552 -0.295548 0.955078
-0.791486 0.574517 0.208518
0.830131 -0.424066 0.36201
0.466643 0.315413 0.826292
-0.71055 0.17571 0.681355
0.9234 -0.348446 0.160989
-0.958182 -0.188107 0.215645
-0.613741 0.777742 0.135792
0.141035 0.299981 0.943462
-0.880726 -0.105705 0.461679
-0.902682 0.336012 0.268814
-0.667076 -0.0739692 0.741309
0.591879 -0.549026 0.590127
0.105433 -0.983408 0.147624
0.46902 -0.752827 0.461812
-0.294403 -0.932206 0.210519
-0.731689 -0.268308 0.626612
0.389285 -0.834741 0.389441
0.234001 -0.0932637 0.967753
-0.827306 -0.52347 0.203824
