-0.93535 -0.151047 0.319853
0.744795 0.550172 0.377613
0.378575 -0.0158639 0.925435
0.815547 -0.473855 0.332182
-0.897909 -0.279477 0.340077
-0.16719 0.0843047 0.982314
0.394593 -0.746782 0.535362
-0.237251 0.638361 0.732261
-0.424291 -0.685351 0.591837
0.827442 0.560889 0.027248
0.780388 -0.611245 0.131808
-0.0317853 0.210162 0.97715
0.477747 0.869577 0.124876
-0.338485 -0.773608 0.535685
0.499012 0.590208 0.63454
0.673627 0.658057 0.336434
0.972338 0.233539 0.00441891
-0.889748 0.422056 0.17383
-0.996298 -0.0663637 0.0546369
0.584671 0.795084 0.161252
0.965122 -0.0412223 0.258534
-0.111946 -0.2808 0.953215
-0.086967 -0.766491 0.63634
0.273698 0.371483 0.887181
-0.776594 0.518772 0.357461
-0.24065 0.946154 0.216518
-0.578934 0.317225 0.751135
0.26716 -0.787752 0.555043
0.287497 -0.526809 0.799886
-0.0704637 -0.997384 0.0161315
-0.104568 0.631417 0.768361
0.188343 0.281323 0.940948
0.0553063 -0.754813 0.653604
0.970576 0.199205 0.135274
0.939483 0.326811 0.102794
0.746402 -0.137725 0.651088
0.330157 -0.407125 0.851613
0.671327 -0.658281 0.340567
-0.694782 -0.627798 0.350925
-0.959023 -0.0232184 0.282377
0.999686 -0.0250194 0.00117997
0.509336 0.677002 0.531267
0.0581551 0.784617 0.617248
-0.0322702 -0.684101 0.728673
-0.88666 -0.448113 0.114144
-0.0619082 0.928267 0.366726
-0.731768 0.622426 0.277672
0.879809 -0.0984321 0.465024
-0.389979 0.825728 0.40754
0.201016 0.888278 0.412984
0.284814 0.907574 0.30853
0.38705 -0.149984 0.909779
0.673077 0.735449 0.0779868
0.264401 0.818507 0.510037
-0.47051 -0.493163 0.731718
0.443125 0.206031 0.872463
0.0697471 0.915884 0.395336
0.435536 0.522516 0.732997
0.611179 0.54541 0.573575
-0.684779 0.606795 0.40358
-0.90087 -0.364867 0.235172
0.320766 -0.697679 0.640589
0.850441 -0.522982 0.0569266
-0.0301797 -0.38737 0.92143
0.154309 -0.561102 0.813236
0.0787888 0.996068 0.0405111
0.793143 0.240896 0.559369
0.410181 0.763273 0.499165
-0.427545 -0.394293 0.813473
0.661827 -0.220679 0.716439
0.101081 0.184641 0.977594
0.211402 0.975681 0.057925
0.484787 -0.219113 0.846741
-0.402591 0.913809 0.0535955
0.573051 0.706336 0.415574
-0.747546 0.253571 0.613903
-0.203834 -0.506633 0.83772
-0.466002 -0.884756 0.00694144
0.406031 -0.855135 0.322309
-0.607599 -0.569623 0.553492
-0.910341 0.411874 0.0404981
-0.466353 0.656135 0.593297
-0.131482 0.873378 0.46896
-0.401378 -0.907534 0.123603
-0.068377 -0.965856 0.249894
0.702301 -0.707667 0.0773321
0.452931 -0.359388 0.815901
0.0177408 -0.0491825 0.998632
-0.319903 -0.176642 0.930838
0.192128 0.766059 0.613385
-0.444494 -0.177129 0.878095
0.228145 0.140371 0.963455
-0.939516 -0.323584 0.112261
0.608551 -0.792949 0.0299711
-0.929929 0.193996 0.312405
0.354105 0.454785 0.817178
0.734195 0.168907 0.657593
-0.631473 0.7037 0.32565
0.799681 0.432705 0.416264
-0.732862 -0.669927 0.118789
0.813885 0.10055 0.572259
-0.46577 0.319381 0.82526
0.613802 -0.473475 0.631719
0.109878 -0.664951 0.738761
-0.740832 0.121177 0.66067
-0.909408 -0.055605 0.412172
-0.204433 -0.978798 0.0126826
0.322599 0.733734 0.597967
0.952996 0.153312 0.261329
-0.67242 0.713453 0.197068
-0.635072 -0.763421 0.117782
-0.342656 0.32645 0.880918
-0.819303 0.525531 0.22926
-0.817399 0.282918 0.501813
0.279034 -0.89687 0.343167
-0.769488 0.621337 0.147745
-0.805347 0.408175 0.429894
-0.945103 0.305362 0.11634
0.241796 -0.635392 0.733357
0.902909 -0.413633 0.116885
-0.487041 0.861032 0.146338
-0.136783 -0.981632 0.133002
0.109101 0.0504357 0.99275
0.356404 0.117595 0.926902
-0.202417 -0.947802 0.246372
-0.691041 -0.722814 0.00149029
-0.841349 -0.486366 0.235753
0.376063 -0.90474 0.200053
0.378267 0.901354 0.210893
-0.0193741 0.712465 0.70144
-0.189622 -0.170869 0.966875
0.487308 0.834958 0.255689
0.00856196 0.427359 0.904042
-0.109509 0.963312 0.245025
0.802775 -0.3149 0.50635
0.609611 -0.775522 0.164136
-0.449493 0.528422 0.720227
0.903968 0.235807 0.356702
0.146907 -0.925188 0.349921
-0.977062 -0.198291 0.0776597
0.33784 0.937188 0.0868505
0.14203 0.403333 0.903964
-0.916846 0.312507 0.24846
-0.238018 -0.844671 0.479457
-0.16407 -0.395425 0.903726
0.835247 0.525881 0.16066
0.603453 0.35455 0.71424
0.367387 -0.281778 0.886357
-0.0533992 0.998504 0.0117804
0.825237 0.485084 0.28927
-0.0675861 -0.502869 0.861716
0.153158 -0.234512 0.959972
0.891708 0.447823 0.0656642
0.712235 0.491583 0.501067
-0.659561 -0.365949 0.656552
-0.447136 0.851069 0.27523
0.930194 0.283706 0.232916
-0.565593 -0.162425 0.808531
-0.563502 0.788823 0.245407
-0.880512 0.181826 0.437764
0.445023 -0.650295 0.615687
0.585787 -0.143666 0.79763
-0.518173 0.855148 0.0148032
0.512282 -0.851836 0.109288
0.303457 0.568755 0.764481
-0.29861 0.0755196 0.951383
0.662453 0.0927169 0.743344
0.530978 0.279161 0.800082
0.625698 -0.627029 0.464043
0.764201 -0.58426 0.273197
0.939634 -0.295725 0.172148
0.473932 0.792661 0.383506
-0.987276 0.0208997 0.157636
-0.346976 -0.501009 0.792842
0.400119 0.332951 0.853843
0.717752 -0.397289 0.571834
0.31666 0.246458 0.915961
-0.54292 0.0708257 0.836792
-0.844596 -0.403413 0.352016
0.763761 0.633929 0.121667
0.928277 -0.138375 0.345188
0.49122 -0.541803 0.682021
-0.0163545 0.989787 0.141614
0.866244 0.171138 0.469396
0.34335 -0.82919 0.441084
-0.486085 -0.798677 0.354735
-0.369732 -0.830913 0.415791
0.853054 -0.354265 0.383138
0.947236 -0.319045 0.0309007
-0.423583 0.204288 0.882521
0.961034 -0.170186 0.21783
-0.686421 -0.460084 0.56316
0.412164 -0.481273 0.773626
-0.550337 -0.38434 0.741223
0.993706 0.103768 0.0422055
0.369411 -0.59489 0.713891
0.25214 0.00728581 0.967663
-0.546345 0.553032 0.629018
0.840397 -0.506488 0.192881
-0.788643 0.614692 0.013977
-0.297553 0.209338 0.931472
-0.946439 -0.238721 0.217406
0.661646 0.427315 0.616139
-0.81711 -0.564062 0.119021
-0.193987 0.542488 0.817359
-0.151106 0.724146 0.672889
-0.611313 -0.0363633 0.790553
-0.510151 0.776831 0.369161
-0.525203 -0.842336 0.120963
-0.806846 -0.217911 0.549103
0.131872 0.843686 0.520389
-0.262865 0.858521 0.440276
-0.869342 0.0459639 0.492069
-0.215058 -0.775541 0.593537
0.890772 0.408592 0.198941
0.561369 0.148081 0.814209
0.249745 0.674103 0.695135
-0.573918 0.686256 0.446845
-0.874758 0.303173 0.378001
-0.304536 -0.692078 0.654435
0.646981 -0.350448 0.677202
0.65117 0.604633 0.45869
-0.0739052 0.801621 0.593247
-0.269248 -0.954404 0.128911
0.510609 -0.825083 0.241902
-0.541203 0.20445 0.815659
-0.194447 0.919766 0.340912
0.760764 0.59807 0.25209
-0.458318 -0.749508 0.477684
-0.674745 -0.698791 0.237508
-0.782466 -0.62269 0.0021128
-0.701085 -0.546074 0.458566
-0.764982 -0.597996 0.239172
-0.260883 -0.599041 0.757027
0.535826 -0.423583 0.730389
-0.664304 0.21878 0.714727
0.589876 0.753645 0.28994
0.679081 -0.516725 0.521387
0.134954 -0.982036 0.131879
-0.134226 0.442751 0.886541
0.552783 0.476256 0.683821
-0.719219 -0.244678 0.650275
0.00115699 -0.932538 0.36107
0.115562 0.978722 0.169553
-0.400182 0.436138 0.806001
-0.552807 0.442179 0.706316
0.683263 0.699882 0.208126
0.639095 0.225736 0.735256
0.400029 -0.914086 0.0665168
-0.3686 0.63036 0.683214
0.564227 -0.297429 0.770184
-0.773613 -0.431971 0.4636
-0.753287 -0.341473 0.562099
-0.322637 0.542721 0.775474
-0.618095 -0.26725 0.739281
-0.378031 -0.0546508 0.924178
-0.045643 0.535442 0.843338
0.816668 -0.186352 0.546192
0.571044 -0.748989 0.336042
-0.26617 -0.895303 0.357191
0.0648273 -0.997747 0.0172475
0.75677 0.369631 0.539139
-0.456616 -0.857632 0.236578
0.935013 0.0532437 0.350593
0.173104 0.601586 0.779826
0.198868 -0.979945 0.0126497
-0.834232 -0.311312 0.455128
-0.711842 -0.0168226 0.702138
-0.105154 -0.870129 0.481475
-0.323767 0.893562 0.311002
-0.0558766 -0.161902 0.985224
0.885283 -0.392258 0.249817
-0.667115 0.354141 0.655395
-0.597044 -0.721352 0.350984
-0.569139 -0.67199 0.473825
-0.334279 0.782021 0.526024
0.00073627 -0.831111 0.556106
0.0238174 0.963117 0.268026
-0.278628 0.956444 0.0870699
0.246946 0.950989 0.186112
0.20273 -0.448488 0.870494
0.213447 -0.863617 0.456734
-0.765886 -0.119027 0.631863
-0.855308 0.419101 0.304636
-0.332714 -0.91183 0.240556
-0.586584 -0.479802 0.652464
0.563077 0.825881 0.0294063
-0.0795261 0.331239 0.940189
0.514709 -0.691253 0.507191
0.704709 0.30013 0.64289
-0.458199 0.742136 0.48917
-0.385509 -0.595922 0.704457
0.435059 0.900402 0.000246254
0.280576 -0.952676 0.116983
0.0797823 -0.884303 0.460047
-0.4247 0.0704926 0.902586
-0.133812 -0.923168 0.360353
0.0219912 -0.588837 0.807953
0.838079 0.30759 0.450568
0.484763 0.403972 0.775765
0.0225715 -0.269798 0.962652
-0.704246 0.706907 0.0657317
0.377622 0.635709 0.673258
-0.0328848 0.0762676 0.996545
-0.879565 -0.184944 0.438361
0.149164 -0.0785995 0.985684
-0.274144 0.440207 0.855022
0.730247 -0.552794 0.401445
-0.371967 -0.291297 0.881355
-0.817773 0.154381 0.55445
0.873545 -0.228854 0.429586
-0.249794 -0.0496901 0.967023
0.565199 -0.588023 0.578601
0.747997 0.0251261 0.663226
0.738661 -0.271114 0.617152
-0.671722 -0.14367 0.726738
-0.846722 0.52344 0.0952471
-0.74247 0.38585 0.547593
0.112876 -0.363187 0.924854
-0.64909 0.0906091 0.755296
0.242313 -0.325318 0.914031
-0.16597 0.21802 0.961728
0.190647 -0.732358 0.653686
0.872728 0.363731 0.325646
0.466977 -0.779881 0.416794
-0.778212 -0.52129 0.350204
0.478509 0.0607662 0.875977
-0.980441 0.187248 0.0606156
-0.969997 0.15099 0.190544
0.225802 0.489726 0.842129
0.698125 -0.684322 0.210534
-0.599253 0.792262 0.114965
1.11022e-16 0.866025 0.5
-0.149158 0.981866 0.117006
0.215166 -0.947803 0.235316
-0.204731 0.803624 0.558815
0.88021 0.036618 0.47317
-0.212732 0.336909 0.91719
-0.976969 -0.111834 0.181728
-0.177703 -0.69016 0.701499
0.989257 -0.0699102 0.128385
-0.280644 0.720617 0.633996
-0.798104 0.0133516 0.602372
0.673967 -0.061474 0.736199
-0.122231 -0.602698 0.788552
-0.720358 0.500847 0.479831
-0.367418 0.911629 0.184221
-0.334693 -0.942262 0.0111206
-0.92545 0.0725456 0.37186
0.816694 -0.0508433 0.574827
-0.997994 0.0621134 0.0122598
-0.244195 -0.288658 0.925767
0.0561996 0.309114 0.949363
-0.499507 -0.0542606 0.864609
0.117261 0.699862 0.704587
-0.845399 -0.0883962 0.52677
0.775067 -0.437394 0.456025
-0.503388 -0.282299 0.816645
0.983777 0.0588857 0.169454
0.349915 0.843196 0.408141
0.134976 -0.815575 0.562688
-0.583425 -0.812162 0.00262133
-0.117158 -0.041006 0.992266
-0.650158 0.473584 0.594149
0.259187 -0.150684 0.954
-0.00181441 -0.990872 0.134792
-0.571516 -0.786214 0.235026
0.0937028 0.517776 0.850369
0.915503 -0.265919 0.301896
0.0392946 0.621405 0.782503
-0.622121 0.584109 0.521327
0.584171 0.00601748 0.811609
0.06501 -0.479544 0.875106
0.49187 -0.07569 0.867372
-0.502327 -0.584548 0.637159
-0.294281 -0.401189 0.867436
0.0677166 -0.966331 0.24823
0.976427 -0.197849 0.08629
0.155095 0.943151 0.293959
