0.415615 0.826498 0.379691
0.224773 -0.560712 0.796918
-0.73673 0.364503 0.569531
-0.907748 -0.0035321 0.4195
-0.508486 -0.860975 0.0127725
-0.759369 0.616465 0.208156
-0.476427 0.706935 0.522743
-0.130956 -0.753764 0.643965
-0.773638 -0.410247 0.48289
-0.158958 0.589273 0.792142
0.562624 -0.810798 0.161434
-0.434202 0.262751 0.861644
-0.16542 -0.951195 0.260508
0.573126 -0.611617 0.545391
-0.818995 -0.567839 0.0824972
0.116249 0.988021 0.101491
-0.507039 -0.746921 0.43014
-0.984716 -0.171837 0.0284045
-0.441249 -0.475806 0.76086
-0.649666 -0.0966989 0.754045
-0.963101 0.257349 0.0787899
0.23692 -0.864837 0.442635
0.547509 -0.259516 0.795541
0.746447 0.0992506 0.658002
1.38778e-17 0.866025 0.5
0.838441 -0.278624 0.468386
0.859185 -0.5021 0.098474
0.268736 0.622001 0.735456
0.404145 0.238485 0.883058
0.162718 -0.169911 0.971933
-0.267769 -0.130046 0.954666
0.994676 -0.103052 0.000447763
0.649715 0.510246 0.563489
-0.302008 0.932642 0.197411
0.781835 0.602111 0.161853
0.933533 0.216341 0.285853
0.191694 -0.981288 0.0180814
-0.0184407 0.223002 0.974644
