-0.029563 -0.747181 0.663963
0.466512 0.884207 0.023329
-0.471789 0.582687 0.661733
-0.933799 0.347623 0.0847245
0.966537 0.189729 0.172652
0.0373488 -0.819781 0.571458
0.783341 -0.0983511 0.613762
-0.621954 0.719334 0.309406
-0.910885 -0.0298224 0.411581
-0.533521 0.266798 0.802605
-0.594972 -0.608915 0.524625
0.385163 0.283697 0.87816
0.549408 -0.824522 0.135334
-0.651194 -0.297801 0.698041
0.79581 0.0856089 0.599465
-0.00787261 0.999874 0.0137961
0.0551615 0.960522 0.27268
-0.494083 -0.698765 0.517309
-0.6853 -0.7249 0.069888
0.556104 -0.831113 0.000364
0.59012 0.738613 0.325896
-0.999813 -0.00057214 0.0193327
0.373877 0.920242 0.115632
-0.705194 0.310633 0.637345
-0.297104 -0.279945 0.912886
-0.310331 -0.710115 0.632006
0.148002 0.973362 0.175105
-0.197772 -0.980065 0.0189549
0.877563 -0.334014 0.343974
-0.914386 0.339247 0.220929
-0.649571 0.433364 0.624703
0.7879 0.412815 0.456943
-0.118039 -0.14235 0.982753
-0.989203 0.11457 0.0913815
-0.156136 0.539017 0.827697
0.359834 -0.183473 0.914799
0.469166 0.364178 0.804523
0.827686 0.286108 0.482782
-0.761178 -0.497097 0.416535
-0.249805 0.962814 0.102891
0.218287 -0.947347 0.234273
-0.106376 -0.665046 0.739187
-0.673885 -0.0678638 0.735713
0.479063 0.815859 0.32384
0.355365 0.594267 0.721501
-0.112601 -0.926972 0.357833
-0.626047 0.547231 0.555521
0.0492482 0.635748 0.770324
-0.199841 -0.0309213 0.97934
-0.0108425 0.340252 0.940272
-0.968352 0.108209 0.22491
-0.623482 -0.759441 0.185795
-0.464727 -0.88518 0.0220312
0.200455 0.776888 0.596877
0.134452 0.852098 0.505817
0.992284 0.0956178 0.0789221
0.123916 0.991352 0.0431912
0.329258 0.761371 0.558483
0.603579 -0.718274 0.346085
0.883837 0.401396 0.240235
0.127711 0.711865 0.690607
0.671635 0.640856 0.371766
0.590729 0.782242 0.197829
-0.0663928 -0.0181872 0.997628
-0.682997 -0.506188 0.526581
-0.50945 0.781255 0.360696
-0.0334459 -0.880266 0.473301
-0.721821 -0.66652 0.186348
0.909269 -0.358266 0.211839
-0.46339 0.172224 0.869257
-0.204685 0.79642 0.569051
0.389745 0.816751 0.42546
-0.93727 -0.24376 0.249211
0.665352 -0.620078 0.415703
-0.682919 0.729262 0.0424105
-0.338385 0.920253 0.196545
-0.414445 0.505407 0.756835
0.853366 0.154146 0.498001
-0.931291 -0.14029 0.336177
-0.133598 0.867754 0.4787
-0.352789 0.41639 0.83795
-0.491004 0.871019 0.0155542
0.392793 0.885924 0.246681
0.191894 -0.335308 0.922359
0.801887 -0.557895 0.213846
-0.721079 0.643155 0.257675
0.414751 -0.856766 0.306486
-0.420137 -0.294219 0.858441
0.17072 0.15306 0.973359
0.128325 0.543365 0.829631
-0.719333 0.519065 0.461661
-0.31131 0.892575 0.326183
0.903935 -0.0771983 0.420645
0.75086 -0.392029 0.531528
-0.822372 0.310139 0.476988
-0.485155 -0.510188 0.710164
0.407638 0.668978 0.621531
-0.529433 0.64194 0.554629
0.657202 -0.471872 0.587726
0.90091 0.205563 0.382238
-0.16805 -0.868425 0.466474
-0.12775 -0.484613 0.86535
-0.497275 -0.608702 0.618223
0.733736 0.531963 0.422667
-0.824663 -0.278986 0.492034
-0.141513 0.0936825 0.985494
-0.772874 0.536634 0.338658
0.00986017 -0.991957 0.126194
-0.84695 -0.0466651 0.529621
-0.876315 0.32671 0.354022
-0.960489 0.227124 0.160861
0.467642 -0.111035 0.876916
-0.777088 -0.625502 0.0698663
-0.497504 -0.18374 0.847779
0.271756 -0.43254 0.859684
-0.878068 -0.447184 0.170363
0.0360537 -0.66334 0.74745
-0.680261 0.623605 0.385177
-0.717719 0.0532484 0.694294
0.452095 0.731661 0.510178
-0.273448 0.0806702 0.958498
-0.740602 0.178253 0.647869
0.0713175 -0.997437 0.00578641
0.561536 -0.0273857 0.826999
-0.884571 0.204921 0.418976
-0.24949 -0.15879 0.95527
0.0583076 -0.353572 0.933588
-0.328805 -0.0498608 0.943081
-0.0347847 -0.247992 0.968137
-0.337246 -0.400941 0.851769
-0.28831 0.316266 0.903799
-0.520281 0.0506203 0.852493
0.906236 0.0580652 0.418765
0.923233 0.275045 0.268313
-0.745624 -0.594408 0.301203
-0.063793 -0.99788 0.0128576
0.0225475 -0.932075 0.361562
0.0850568 0.914201 0.396234
0.420151 0.484635 0.767204
0.830448 -0.303599 0.467101
-0.889211 -0.263246 0.374174
0.183953 0.934068 0.306068
-0.891568 0.452866 0.00431471
0.687411 0.278832 0.670611
-0.0859769 0.636941 0.766104
-0.807677 0.551434 0.208755
0.3241 0.061853 0.943999
-0.246875 -0.797496 0.550502
-0.473304 -0.779339 0.410627
-0.0497429 0.920842 0.386749
-0.658316 0.73167 0.176861
0.744327 0.348914 0.569418
-0.211564 -0.383824 0.898844
0.845161 -0.451744 0.28571
-0.715597 -0.181144 0.674617
0.764108 0.626766 0.152653
0.999888 -0.0149164 0.00127285
-0.394412 -0.908941 0.135152
-0.280755 0.712503 0.643052
-0.467326 0.871479 0.148762
0.87362 -0.466405 0.138763
0.971217 -0.124713 0.202941
-0.459142 -0.40472 0.790816
0.579371 0.812372 0.0661854
0.431045 -0.743781 0.510872
-0.156437 0.328418 0.931488
0.545853 -0.537148 0.643052
-0.209937 0.206522 0.955654
0.00519189 -0.467653 0.883897
-0.414904 0.298166 0.859623
0.637013 0.586701 0.499996
0.708659 -0.190057 0.679471
-0.879343 0.450919 0.153059
0.833144 0.517958 0.193884
0.303504 0.886879 0.348326
-0.577921 0.809804 0.101118
-0.990142 -0.134689 0.0384326
-0.239439 -0.644126 0.726478
0.706517 -0.645811 0.289416
-0.264585 0.854154 0.447678
0.816651 0.469108 0.336184
0.863549 0.345965 0.366868
0.516136 -0.348841 0.782249
0.10171 -0.878106 0.467531
-0.149468 0.723652 0.673786
-0.568932 -0.81876 0.0771187
-0.142161 0.989843 0.000716327
-0.428038 -0.850741 0.304997
0.565511 -0.172437 0.806513
0.363777 -0.827193 0.428274
-0.823277 -0.483691 0.297082
-0.375422 -0.763186 0.525932
0.552276 -0.689892 0.468017
-0.54123 0.471763 0.696067
0.949826 0.121434 0.288245
0.200073 0.0211318 0.979553
-0.67395 -0.404588 0.618143
-0.452641 -0.0605111 0.889637
0.655117 -0.0880271 0.750382
-0.119805 0.983711 0.134012
-0.100637 -0.81487 0.57084
0.679534 0.724821 0.113441
-0.615594 -0.186206 0.765749
-0.0505193 -0.968226 0.244922
-0.321858 -0.913387 0.249262
-0.806718 -0.561183 0.185149
-0.549667 -0.780097 0.298856
-0.916742 -0.398424 0.0290409
0.502859 0.23596 0.831538
-0.963453 -0.266678 0.0253366
0.341902 0.407938 0.846575
0.478442 -0.471904 0.74054
-0.805086 0.427241 0.411463
-0.0769777 0.226295 0.971012
0.240078 -0.724433 0.646188
-0.621372 0.0996984 0.777147
0.281477 0.692237 0.664514
0.0572937 0.447016 0.892689
-0.831212 0.550803 0.0755235
0.0943531 -0.564937 0.819721
0.892713 0.439038 0.101535
0.526736 0.633823 0.566407
-0.00774863 0.112277 0.993647
-0.590322 -0.510719 0.625049
-0.0784614 -0.369793 0.925795
0.651918 -0.753791 0.0824758
0.488093 0.859009 0.154494
0.279576 0.521105 0.806403
-0.988051 -0.00534042 0.154032
0.461816 -0.246457 0.852048
-0.0214045 0.54325 0.839298
0.452918 -0.889114 0.0658889
0.144745 -0.981421 0.125941
-0.124983 -0.98321 0.132959
0.288995 -0.895867 0.337496
-0.934118 -0.327182 0.142741
-0.802531 -0.171659 0.571381
0.0847441 -0.965518 0.246158
0.733976 -0.660598 0.157764
0.322048 -0.3117 0.89394
0.275118 0.939033 0.206221
-0.804035 0.066066 0.5909
0.613756 0.197044 0.764511
0.684996 0.686127 0.244971
0.37002 -0.691935 0.619928
-0.071859 0.800964 0.594384
0.443708 0.0207622 0.895931
0.29613 -0.0702433 0.952561
0.252606 0.964636 0.0752909
0.831145 0.55265 0.0614506
-0.21111 0.949566 0.231857
-0.743611 0.405724 0.531442
0.29426 0.19357 0.935918
-0.854929 -0.515711 0.0560226
0.235061 -0.858478 0.45581
0.305365 -0.78237 0.542816
0.417082 0.153412 0.895828
-0.480113 0.390624 0.785433
-0.958239 -0.0178077 0.285413
-0.751391 0.647736 0.125898
0.49316 -0.646753 0.581812
0.689879 -0.338615 0.639849
0.583855 0.327228 0.742991
0.592398 0.524479 0.611544
-0.571295 -0.405906 0.713346
-0.182141 0.915208 0.359471
-0.851372 0.440379 0.285012
0.171896 -0.807612 0.564105
-0.540616 -0.296767 0.787188
0.356874 -0.518997 0.776713
-0.0896624 0.439821 0.893598
0.894824 -0.209566 0.394172
-0.333908 0.776614 0.534206
-0.644423 0.224737 0.730898
0.231734 -0.209012 0.95006
0.280684 -0.952964 0.114355
0.386563 -0.903953 0.182858
0.126949 0.33808 0.932516
-0.65422 -0.694155 0.300241
-0.0151554 0.723588 0.690066
-0.287861 0.528411 0.798697
5.55112e-17 0.866025 0.5
0.968836 -0.247704 0.000167794
0.301978 -0.627602 0.717583
-0.167505 -0.266248 0.949239
-0.568027 -0.0716982 0.819881
-0.374394 0.924903 0.0662118
-0.245199 -0.90017 0.359959
0.485919 -0.780735 0.392854
0.0147843 0.989064 0.146743
-0.832317 -0.383125 0.40058
-0.972383 0.231916 0.0261739
0.712186 0.146773 0.686476
0.754011 0.656524 0.0210568
0.0583007 0.228324 0.971838
0.639479 -0.737771 0.216243
-0.598681 0.351574 0.719706
-0.0796533 0.961947 0.261366
0.619159 -0.274497 0.735727
0.883235 -0.468916 0.00383275
-0.744832 -0.290594 0.600649
0.760273 0.582269 0.288006
0.933791 -0.237482 0.267652
-0.399949 0.0616048 0.914464
0.566142 0.690583 0.450087
0.848899 -0.0164787 0.528298
0.105619 -0.741947 0.662088
0.950149 -0.0118354 0.311571
-0.87499 0.0830571 0.476963
0.533646 0.104438 0.839234
-0.332279 -0.942972 0.0198853
-0.351767 -0.838534 0.416077
0.718495 -0.509743 0.47321
-0.575304 0.691238 0.437281
0.13964 -0.452897 0.880559
0.774941 -0.252497 0.579406
0.428242 -0.588871 0.685448
-0.377904 -0.171469 0.909828
-0.407226 0.686029 0.602936
0.0992225 -0.229362 0.968271
-0.930328 0.0953559 0.354115
0.959825 -0.245907 0.135152
0.398493 -0.399835 0.82543
0.988908 -0.131536 0.0689806
0.729293 0.00374418 0.684192
0.157197 -0.922546 0.352417
0.939751 0.315693 0.131172
-0.367873 -0.509884 0.777617
-0.239086 -0.536937 0.809034
0.697826 0.472174 0.538601
-0.975136 -0.1387 0.172834
-0.339841 0.192303 0.920613
-0.348576 0.614769 0.707498
-0.26254 -0.955409 0.135154
-0.874875 -0.157923 0.457879
-0.930778 0.219156 0.292614
0.207508 0.623011 0.754187
-0.219312 0.631351 0.74384
-0.433011 0.857172 0.278849
0.199091 0.43806 0.876622
0.639925 0.0643084 0.765742
-0.178194 -0.738061 0.650779
0.741008 -0.671101 0.0230593
-0.760551 -0.395981 0.514551
0.259458 0.321829 0.910553
-0.820416 0.190042 0.53926
0.227767 -0.548113 0.804795
-0.391124 0.823542 0.410854
0.815295 -0.573477 0.0801209
-0.767449 -0.059454 0.638347
0.0163976 -0.125048 0.992015
-0.499919 -0.844855 0.190526
-0.223282 0.431161 0.874211
-0.58228 -0.69926 0.414712
-0.0404718 -0.57578 0.816603
-0.188105 -0.950317 0.248019
-0.383348 -0.612734 0.691087
0.805398 -0.425754 0.412393
0.777628 0.219288 0.589244
0.591119 -0.415389 0.691398
0.478018 0.565201 0.672344
0.170584 -0.651644 0.739094
-0.548276 0.803195 0.232961
0.609088 -0.58636 0.534035
0.264703 0.841622 0.470748
-0.678374 -0.604082 0.418203
0.845076 -0.159768 0.510216
0.151521 -0.10511 0.98285
0.98327 0.00840245 0.181962
0.205305 -0.978685 0.00498655
-0.460776 0.739478 0.490772
-0.887882 -0.366298 0.278373
0.647559 0.405586 0.645111
0.538795 0.450883 0.711621
0.0676718 2.61288e-05 0.997708
0.929275 -0.362112 0.0729575
0.97422 0.222688 0.0361206
0.532658 -0.802836 0.267826
0.765373 -0.540109 0.349981
0.0628529 0.793911 0.604776
