-0.0172182 -0.181616 0.983219
0.47578 -0.864027 0.164592
0.317166 0.5845 0.746837
-0.534501 0.611189 0.583744
0.753737 0.516458 0.406388
-0.407536 -0.798907 0.442338
0.0863002 -0.97994 0.179637
-0.250644 0.933954 0.254771
-0.686387 -0.714248 0.136832
-0.983248 -0.114037 0.142192
0.884598 -0.0789023 0.459631
-0.283522 -0.397431 0.872734
-0.385998 -0.922362 0.0159655
-0.917523 0.369917 0.145989
-0.833623 -0.261693 0.486405
-0.714567 -0.58966 0.376424
-0.694774 0.598933 0.398206
0.71612 0.418445 0.558637
-0.129182 -0.611611 0.780541
0.139769 -0.599373 0.788173
0.320269 -0.0691424 0.9448
-0.822053 -0.0421959 0.567846
0.0506508 -0.295377 0.954037
-0.857386 0.457612 0.235544
-0.534246 -0.143993 0.832975
0.0599066 -0.513686 0.855884
-0.491133 0.22776 0.840782
0.541631 0.792594 0.280054
0.529794 0.248094 0.811029
0.700906 -0.634741 0.325322
0.981601 0.174769 0.0769127
-0.172576 0.973275 0.151503
0.0783488 0.91306 0.400229
0.81687 -0.0462366 0.574966
-0.824157 -0.565278 0.0350243
0.58007 0.348884 0.73607
0.0416274 0.997588 0.05555
-0.466997 -0.0379947 0.883442
-0.517727 -0.772091 0.368556
-0.411513 -0.160628 0.897137
-0.146548 0.531842 0.834067
0.134102 0.850388 0.50878
-0.514432 0.75752 0.401899
-0.0812919 -0.794681 0.601559
-0.665986 0.0615197 0.743423
0.287145 -0.200074 0.936759
0.682878 -0.252699 0.685435
0.176093 0.982709 0.057215
0.349349 -0.936074 0.0414717
0.668807 -0.522859 0.528504
-0.332174 0.394073 0.856952
0.864966 -0.429894 0.258893
0.507623 -0.452393 0.733253
0.396378 -0.527166 0.751652
0.243932 0.682469 0.689009
-0.0753836 -0.512541 0.855347
0.495899 -0.335774 0.800837
0.337991 0.378207 0.861813
0.59477 -0.490397 0.636992
0.393546 0.0414779 0.918369
0.189597 -0.0654612 0.979677
-0.327663 -0.872743 0.36188
0.147948 -0.943092 0.297806
-0.115889 0.955012 0.272986
-0.74889 0.486337 0.450156
0.422247 0.861874 0.280859
-0.950853 0.245806 0.188304
0.159164 0.943012 0.292223
-0.296367 -0.689278 0.661108
0.404036 -0.76734 0.49794
-0.0702403 0.176451 0.9818
0.369646 -0.292274 0.882008
-0.186013 -0.971001 0.150187
-0.000272335 -0.858303 0.513144
-0.0865031 0.633878 0.768581
0.589674 -0.795555 0.139201
0.618186 0.444508 0.648273
0.318985 -0.735183 0.598126
-0.775187 -0.613255 0.151666
-0.644327 -0.121046 0.75511
0.110927 0.703732 0.701752
0.692399 -0.713494 0.107284
-0.850843 -0.500048 0.161297
-0.197226 -0.903569 0.380349
0.186464 -0.290436 0.938551
-0.983662 0.151952 0.0965429
0.432838 0.89963 0.0575896
-0.436778 0.892804 0.11012
0.0286724 -0.997873 0.0585484
0.956644 -0.185993 0.224141
0.753957 -0.420434 0.504762
0.134715 -0.850802 0.507925
-0.718926 0.639941 0.27133
0.052101 0.795836 0.603267
-0.261744 -0.599584 0.756299
0.58478 0.640354 0.497974
0.709267 0.687521 0.155741
0.584564 -0.234737 0.776649
0.352697 -0.919102 0.175657
0.758178 0.65111 0.0349638
0.506932 0.476529 0.71829
-0.723584 0.675696 0.140927
-0.958869 0.278407 0.0553171
0.469757 0.142814 0.871167
-0.980488 -0.193797 0.0329416
-0.00193565 0.290545 0.956859
-0.080112 -0.0623907 0.994831
-0.136558 0.297051 0.945046
0.954135 0.222235 0.200596
-0.216697 0.782726 0.583423
-0.794584 -0.173948 0.581703
0.0973486 0.979299 0.177475
0.162935 -0.984275 0.0682222
0.47545 -0.212879 0.853598
-0.397337 0.0736963 0.914709
-0.834242 0.414134 0.364052
0.910842 0.255085 0.324498
-0.358598 0.933462 0.00745579
0.0202348 0.95785 0.286555
-0.698949 0.437262 0.565925
0.782351 -0.619069 0.0684154
-0.507637 -0.565171 0.650297
0.564273 0.56105 0.605656
0.390325 0.477969 0.786887
-0.913926 -0.302051 0.271118
-0.751712 -0.302193 0.586181
-0.338768 -0.496609 0.799135
-0.514183 0.857667 0.00486344
0.271982 -0.577083 0.770065
0.754624 -0.147669 0.639324
-0.762158 0.18094 0.621591
0.648575 0.709902 0.274571
-0.799613 0.570343 0.187959
-0.780297 -0.390953 0.488152
0.199439 -0.49271 0.847031
0.738339 0.202807 0.643215
0.639915 -0.625938 0.445769
-0.349665 0.588524 0.728954
-0.579573 -0.453721 0.676928
-0.625635 -0.690689 0.36267
-0.633759 0.742492 0.21692
0.968872 -0.00707128 0.247461
-0.27051 0.0631965 0.960641
-0.569599 -0.811725 0.129072
-0.861641 -0.426787 0.274641
0.237276 -0.681907 0.691883
-0.0510404 -0.984624 0.167063
-0.21508 -0.779528 0.588283
0.640334 0.227386 0.733668
0.495659 0.852188 0.167625
-0.221259 -0.288966 0.93142
0.199149 0.171108 0.964915
0.185362 0.772763 0.607024
0.474048 -0.791958 0.384814
-0.152782 -0.179496 0.971822
-0.968428 -0.0303241 0.247442
-0.0633565 -0.91644 0.395125
0.359915 0.916619 0.173982
0.391889 0.770547 0.502673
-0.350811 -0.281477 0.893142
-0.888507 0.00263305 0.458855
0.0551725 -0.0619668 0.996552
0.831585 -0.531997 0.159517
-0.343572 -0.0483782 0.93788
0.862573 -0.505005 0.0306133
-0.19233 0.907304 0.373911
0.0469047 0.618123 0.784681
-0.636823 0.766443 0.0837956
-0.8891 0.149212 0.432709
0.51967 0.0181092 0.854175
0.817032 0.499504 0.288019
0.0652313 0.399972 0.914203
0.267201 0.27992 0.922089
-0.394608 0.804949 0.443104
-0.585033 0.661739 0.468869
-0.637882 0.37789 0.671048
0.268986 -0.382658 0.883866
-0.121143 -0.952817 0.278324
0.266872 -0.819937 0.506441
0.409568 0.263967 0.873256
-0.611981 -0.752573 0.243133
-0.289 0.69017 0.663434
-0.998031 -0.0607902 0.0154377
0.465351 0.366928 0.805489
-0.604125 -0.63353 0.483398
0.904418 0.424376 0.0439691
-0.151759 -0.401557 0.903173
-0.455366 0.355884 0.816081
-0.1347 0.862489 0.487821
0.52628 -0.705431 0.474759
-0.593392 -0.245875 0.76644
-0.870416 0.288512 0.398919
-0.204015 0.181016 0.962087
-0.310968 0.940945 0.133869
-0.164939 -0.705172 0.689585
-0.992086 0.0197385 0.123996
-0.86901 -0.131445 0.477016
-0.475884 0.547918 0.687983
-0.740319 0.311893 0.595526
-0.38147 -0.892848 0.239382
0.91211 0.350235 0.213051
-0.569388 0.306041 0.762979
-0.95028 -0.170122 0.26082
5.55112e-17 0.866025 0.5
0.512211 -0.85817 0.0344247
-0.581003 -0.0168391 0.813727
-0.0580225 0.919039 0.389873
-0.80118 0.595881 0.0551044
0.43625 0.586248 0.682641
0.986642 -0.0855036 0.13866
-0.651077 0.5545 0.518294
0.861883 0.380782 0.334908
-0.0302938 -0.715101 0.698365
0.131752 0.0564363 0.989675
-0.509102 -0.860697 0.00398609
0.867395 0.050538 0.495047
0.828445 -0.179538 0.530513
0.89893 -0.418855 0.128395
0.600141 -0.355059 0.716773
-0.824497 0.235407 0.514576
0.815993 -0.43119 0.385008
-0.266774 -0.837231 0.477364
-0.284724 -0.170081 0.943401
0.199323 0.394263 0.897122
0.557567 -0.109849 0.822832
-0.741067 -0.671108 0.0208399
-0.720639 0.693277 0.00681077
0.949656 -0.302472 0.0816298
-0.157141 0.713244 0.683074
0.117905 -0.180159 0.976545
0.76203 -0.286093 0.580913
-0.542132 0.824753 0.160859
0.947995 0.305102 0.0906566
0.736124 -0.537009 0.411999
-0.0846258 -0.294652 0.95185
-0.704002 -0.214135 0.677146
-0.955735 -0.251431 0.15282
-0.0829354 0.799044 0.595525
0.118173 -0.403036 0.907523
-0.346471 0.753577 0.558641
0.827853 0.174167 0.533221
0.266202 0.0536223 0.962425
0.452226 -0.674414 0.583658
0.949672 0.120158 0.289283
0.990764 0.0491703 0.126371
-0.016949 -0.405501 0.913937
0.133068 0.287999 0.94834
0.0531198 -0.78684 0.614866
-0.892567 -0.448839 0.0432218
-0.945157 -0.324245 0.03928
-0.92807 0.200589 0.313769
0.936979 -0.10737 0.332478
-0.0224087 0.723452 0.69001
-0.866601 0.488035 0.104036
-0.474686 -0.265314 0.839215
0.925996 0.0199145 0.377008
0.621754 -0.783168 0.00834805
-0.105725 -0.993438 0.0436248
0.796032 0.583787 0.15977
0.783088 0.0778409 0.61702
-0.278556 0.510456 0.813536
-0.490654 0.823092 0.285968
-0.00322745 0.0600652 0.998189
-0.789564 -0.550703 0.270769
-0.373593 0.206487 0.904318
0.628882 -0.00419212 0.77749
0.187426 -0.773401 0.605576
-0.410233 -0.383678 0.827345
-0.690379 -0.422786 0.587051
0.791141 -0.539362 0.288417
0.57605 0.719241 0.388404
0.349401 -0.846126 0.402479
-0.595919 0.499402 0.62887
-0.454067 -0.882053 0.125724
0.882809 -0.321504 0.342468
0.566581 -0.606507 0.557794
0.650205 -0.722329 0.235528
-0.793667 -0.473581 0.381856
0.364275 -0.636959 0.679402
0.211502 0.889542 0.404947
-0.230943 0.972522 0.0294471
-0.783518 0.531976 0.321094
-0.134312 -0.858595 0.494747
0.00583962 -0.618412 0.785832
0.776933 0.297648 0.55478
-0.322868 0.87761 0.354341
-0.916378 0.400065 0.0140997
-0.500772 -0.82952 0.247232
0.0650533 0.175779 0.982278
0.924073 -0.316894 0.2137
-0.237809 -0.970996 0.0247798
-0.648048 -0.337185 0.682892
0.104017 -0.700645 0.705888
-0.429779 -0.667458 0.608103
0.867404 0.469027 0.166204
0.230719 0.956563 0.1782
-0.138183 0.0596505 0.988609
-0.494887 -0.711975 0.498175
0.336446 0.163805 0.927347
0.463968 0.794983 0.390814
0.443535 -0.0871373 0.892011
-0.461916 -0.480554 0.745453
0.670946 0.536915 0.511423
0.477825 0.661415 0.578112
-0.900146 -0.218634 0.376744
0.899059 0.151532 0.41077
-0.20927 -0.504883 0.837436
-0.469825 0.712344 0.521374
-0.344257 -0.757594 0.554561
0.663246 0.747145 0.0433485
0.223194 -0.956824 0.186207
-0.31616 -0.939682 0.130542
-0.617022 -0.535953 0.576228
-0.406375 0.476595 0.779562
0.740541 0.610825 0.280164
-0.267192 0.840221 0.471845
-0.0696738 0.409241 0.909762
-0.936777 0.0577748 0.345125
-0.220133 0.617575 0.755078
0.415726 -0.863409 0.285828
0.340961 0.850477 0.400543
0.265716 0.819038 0.5085
0.798018 0.39742 0.453016
-0.0374106 0.985246 0.167005
-0.213912 -0.0588413 0.975079
-0.385785 0.892042 0.235437
0.254141 0.497695 0.829284
0.584477 0.124688 0.801772
-0.623704 0.701221 0.345374
0.538214 -0.799746 0.265957
-0.795927 0.364006 0.483736
0.683711 -0.390533 0.61646
0.594768 -0.71933 0.358909
0.0714989 -0.911566 0.404889
0.827434 -0.313738 0.465748
-0.269007 0.29121 0.918059
0.852556 0.273853 0.445144
-0.599873 0.173395 0.78108
-0.927477 -0.085575 0.363956
0.887853 -0.205397 0.41174
-0.0134099 0.519199 0.854548
0.212327 -0.889705 0.404156
0.30735 0.950069 0.0538856
0.749174 -0.631785 0.198963
-0.202271 0.41953 0.884919
0.608026 0.77696 0.16321
-0.760505 0.0481665 0.647543
0.683991 0.326365 0.652413
0.839056 0.542699 0.0382558
0.661475 -0.130137 0.73859
0.0134835 -0.956554 0.291243
-0.415576 0.654892 0.631199
-0.515188 0.0950754 0.851788
0.387442 -0.413243 0.824087
-0.900601 0.3359 0.275841
-0.0931506 0.994676 0.0440851
0.672886 0.62449 0.396531
0.998836 -0.0473041 0.00944208
0.354874 0.704389 0.614736
-0.70704 -0.657742 0.259748
-0.834324 0.0933932 0.543305
0.289284 -0.910693 0.294877
-0.63977 -0.768255 0.0218742
0.688373 0.101859 0.718169
-0.253574 -0.931559 0.260572
-0.855293 -0.347656 0.3842
-0.52891 0.431122 0.731019
0.7269 -0.0238664 0.686328
-0.712286 -0.508036 0.484301
-0.388176 -0.588144 0.709511
0.983186 -0.178145 0.0401164
0.12133 0.507005 0.853361
0.291286 0.911473 0.290466
-0.740219 -0.0841661 0.667077
-0.968643 0.108167 0.223674
0.181052 0.601966 0.777725
-0.911665 -0.379232 0.158275
0.556153 0.829651 0.0487237
-0.529313 -0.365032 0.765885
-0.67281 0.249665 0.696415
0.487857 -0.569618 0.661461
