0.725645 -0.491461 0.481565
-0.257522 -0.965078 0.04803
-0.772569 -0.498771 0.392894
-0.61318 0.776118 0.147143
-0.722645 -0.0110114 0.691132
-0.962826 0.0473049 0.265947
0.743164 0.532971 0.404536
-0.105563 -0.519411 0.847979
-0.357147 -0.834314 0.41996
-0.893636 0.386583 0.227967
-0.35319 -0.18452 0.917174
-0.0695827 0.421946 0.903947
0.483981 -0.456887 0.746336
-0.525493 -0.462447 0.714143
0.198482 0.737769 0.645214
0.160252 0.0998366 0.982014
-0.0900755 -0.166937 0.981844
0.560242 0.684545 0.466399
0.31343 -0.667001 0.675923
0.361421 -0.813727 0.455217
0.797071 -0.586448 0.144074
-0.947052 -0.238257 0.215236
0.346267 0.223592 0.911102
0.6498 -0.602455 0.463474
0.327836 0.734315 0.594395
0.552145 -0.113826 0.825942
0.453126 -0.730916 0.510332
0.761197 0.131136 0.635124
-0.156881 0.62624 0.763683
-0.808206 -0.0303184 0.588119
-0.756388 -0.587136 0.288355
-0.210335 0.926463 0.312131
-0.473947 -0.880467 0.012307
-0.0622207 0.704513 0.706958
-0.899801 -0.363287 0.24162
-0.853461 0.0894384 0.513425
-0.769292 0.442504 0.460847
-0.262113 0.961899 0.0777675
-0.389838 0.26435 0.882125
-0.377611 0.0410434 0.925054
-0.396186 0.530176 0.749634
0.65936 -0.0932738 0.746019
-0.167587 -0.409517 0.896778
0.613135 -0.219786 0.758788
0.961597 0.160637 0.222548
0.670869 0.696877 0.253569
0.0727171 -0.76133 0.644274
0.568728 0.145151 0.809617
0.716666 -0.660548 0.223757
0.130227 0.875863 0.464656
-0.415376 -0.899918 0.132707
0.883581 0.156608 0.441314
-0.499956 0.553576 0.666032
-0.881621 -0.45072 0.139983
-0.676504 0.637012 0.369537
0.441255 -0.894508 0.0717633
0.402553 -0.892967 0.201397
-0.748681 0.612933 0.252566
0.435619 -0.652996 0.619542
0.558131 -0.827706 0.0582493
0.843068 -0.537139 0.0267802
0.811193 -0.522554 0.262494
-0.201674 -0.588772 0.782736
-0.230541 -0.886597 0.400994
-0.486377 0.737363 0.468757
0.537088 0.613344 0.57909
-0.775601 0.0960277 0.623877
0.163867 0.649927 0.74212
0.15037 -0.584179 0.797574
0.0637104 -0.978291 0.197201
0.907166 -0.198443 0.37104
0.632718 -0.754483 0.174422
-0.412648 -0.66199 0.625693
-0.024504 -0.820878 0.570577
0.968587 0.225799 0.104184
0.153607 -0.943913 0.292289
-0.298865 -0.065615 0.952037
0.484664 -0.00529967 0.874684
-0.240715 0.0567182 0.968937
-0.185491 -0.692397 0.697266
0.657167 -0.670214 0.344883
0.03297 0.634165 0.772494
-0.832546 0.323422 0.449739
-0.687247 0.452943 0.56792
0.508101 0.861131 0.0169382
-0.942848 0.262652 0.205065
-0.475657 -0.769362 0.426418
-0.680593 -0.246127 0.690083
-0.513098 -0.834741 0.199844
-0.281644 0.502701 0.817293
-0.00728282 -0.890137 0.455635
0.472467 0.775826 0.418173
0.282175 -0.573781 0.768864
-0.677673 -0.732026 0.0699725
-0.293484 -0.939632 0.175953
0.381499 0.853501 0.354957
0.068624 0.728168 0.681955
-0.574816 0.133931 0.807248
-0.203031 0.402846 0.892465
0.955603 -0.144321 0.256893
0.790309 -0.372713 0.48631
-0.558606 -0.76959 0.30934
-0.723882 -0.666338 0.178853
-0.836243 -0.4807 0.263866
0.931572 -0.0586296 0.358797
0.875231 0.478179 0.0729039
0.291692 0.106258 0.950592
-0.617268 -0.487093 0.617836
-0.442819 -0.839319 0.315364
0.664767 -0.745797 0.0432636
0.753811 -0.0627311 0.654089
0.415538 0.641185 0.645143
-0.770551 -0.635215 0.0524673
-0.181039 0.965724 0.186015
0.614649 0.505656 0.605408
-0.843731 0.536687 0.00919842
-0.653751 0.711129 0.258658
-0.600041 0.55614 0.57503
0.179454 -0.36914 0.911884
-0.0520464 0.196515 0.979118
-0.75637 0.336858 0.560742
-0.594042 0.648343 0.476198
0.233123 -0.0137475 0.97235
0.362558 -0.4706 0.804417
0.391167 0.918787 0.0530955
-0.334865 0.878583 0.340525
0.375309 -0.865747 0.331096
0.517305 0.332923 0.78839
0.355197 0.801901 0.480405
0.100222 -0.0258298 0.99463
0.475031 -0.791523 0.384495
-0.699086 -0.500269 0.510891
-0.587279 -0.693437 0.417431
0.876998 0.356952 0.321651
0.251407 -0.256574 0.933255
-0.143498 -0.286349 0.947319
0.492293 0.822943 0.283571
0.803306 -0.159695 0.573757
-0.39607 -0.319403 0.860878
-0.134441 0.989992 0.0429014
-0.108327 0.0740904 0.991351
0.249736 -0.893554 0.373086
-0.388097 -0.754992 0.528554
0.0521483 -0.669229 0.741224
-0.510477 0.252017 0.822132
0.598739 -0.434771 0.67267
-0.656473 -0.115799 0.745408
0.925354 -0.34912 0.147769
-0.132196 0.844447 0.51907
-0.0350022 -0.993752 0.105977
-0.881621 0.199258 0.427831
0.699517 -0.408605 0.586274
0.0649007 0.435448 0.897871
-0.162446 -0.783434 0.599869
-0.592645 0.455028 0.664621
0.55371 -0.341331 0.759539
0.269982 0.335015 0.902704
0.809637 -0.449924 0.376903
0.7156 -0.191405 0.671774
0.991154 0.132415 0.00891967
0.393001 0.892082 0.223025
-0.765062 -0.266266 0.58633
0.32562 0.452541 0.830168
0.986572 -0.0863398 0.138638
-0.687606 -0.603506 0.403707
0.95597 -0.292028 0.0289916
-0.583011 -0.223672 0.781069
0.746166 0.648107 0.152292
0.667056 0.64174 0.378424
0.679286 0.388088 0.622863
0.573267 -0.764202 0.295567
-0.287151 -0.733512 0.616039
-0.716081 0.683462 0.141805
-0.503555 0.853877 0.131626
-0.98086 -0.161961 0.108084
-0.427499 0.870965 0.242209
0.025073 -0.942067 0.334487
-0.274677 -0.294689 0.915266
0.883835 0.42149 0.202936
-0.149552 0.516825 0.842927
-0.0092312 -0.301899 0.953295
0.0804748 0.988954 0.124472
0.52451 -0.546185 0.653124
0.813018 0.213937 0.54151
0.0930275 -0.993717 0.0622338
0.434701 -0.12995 0.89115
0.373511 0.556642 0.742051
0.875596 -0.111697 0.469953
-0.995401 0.0858686 0.0424646
0.182979 -0.681174 0.708887
-0.0151406 0.5318 0.846735
0.216742 0.218895 0.951372
-0.358188 0.814077 0.457144
0.804675 0.414268 0.4253
-0.235975 0.870216 0.43248
0.567662 0.426223 0.70434
-0.322017 -0.527055 0.786459
0.727228 0.262096 0.634386
0.00444609 0.317696 0.948182
-0.0265962 0.791929 0.610034
-0.288652 0.611288 0.73689
-0.892303 -0.161409 0.421595
0.597249 0.0131179 0.801949
0.257167 0.871253 0.418072
-0.395698 0.639526 0.659113
0.643066 0.582188 0.497517
0.202657 -0.768251 0.607223
0.876577 -0.404112 0.261355
-0.454332 0.813986 0.361952
-0.518948 -0.342823 0.783049
-0.87995 -0.0371252 0.473613
-0.997981 -0.0600177 0.0207941
-0.803496 0.580806 0.130606
-0.837622 -0.274246 0.472417
-0.623958 -0.757636 0.191479
0.448318 0.448329 0.773313
-0.610244 -0.602238 0.514696
-0.0781259 -0.640597 0.763893
0.663457 -0.316085 0.67817
0.986738 -0.160327 0.0253642
-0.434699 -0.078404 0.897156
0.278785 0.914931 0.291858
0.92973 0.356111 0.0937377
0.738464 -0.564681 0.368518
-0.827183 -0.155349 0.540033
-0.936965 -0.329621 0.115959
0.500833 0.852139 0.151739
0.0226473 0.924635 0.380179
-0.829196 0.504971 0.239663
0.63069 -0.524232 0.572199
-0.901687 -0.268251 0.339121
0.362229 -0.0104015 0.932031
-0.129847 0.301662 0.944531
-0.669697 0.742067 0.0290267
-0.894448 0.299815 0.331773
-0.976476 0.137539 0.166065
0.562613 -0.702289 0.436183
0.82208 0.539848 0.180964
0.8698 -0.472373 0.14252
0.191059 -0.969686 0.152331
-0.256625 0.798131 0.545096
0.549043 -0.629713 0.549557
0.96474 -0.219715 0.144922
0.105571 -0.836949 0.537002
0.294977 0.944319 0.145774
-0.318006 0.162164 0.934117
-0.262191 0.284816 0.922028
0.248052 0.556868 0.792696
-0.00185227 0.999843 0.017643
-0.572213 -0.816236 0.0795611
-0.498742 0.651036 0.572196
0.232522 0.811088 0.536722
0.500899 -0.2389 0.831882
-0.912265 -0.409489 0.00958303
-0.503362 -0.684151 0.527791
0.915829 0.227671 0.330792
0.611534 0.774821 0.160247
0.868013 -0.327937 0.372841
-0.167789 -0.0562122 0.984219
0.818528 0.024963 0.573924
0.122435 -0.899945 0.41846
0.13741 0.990513 0.00174845
-0.764127 0.534235 0.36153
0.43668 -0.357808 0.825399
-0.664029 -0.685463 0.298673
0.177994 -0.137285 0.974408
-0.934782 -0.0540343 0.351088
-0.0651573 -0.969224 0.2374
0.713766 0.469068 0.52011
-0.577053 0.728739 0.368714
-0.421039 -0.435331 0.795746
-0.781367 -0.396952 0.481554
-0.281317 0.710421 0.645107
-0.51256 0.0251894 0.858282
0.220274 -0.97523 0.0201443
-5.55112e-17 0.866025 0.5
-0.034374 -0.0389703 0.998649
0.27966 -0.928115 0.245748
-0.629506 0.237657 0.739758
0.448565 0.71479 0.53653
-0.837969 0.42192 0.346109
-0.0575778 -0.738034 0.672303
0.331891 -0.750693 0.571233
-0.846448 -0.389391 0.363181
0.719617 0.693817 0.0277499
0.104055 0.808595 0.579091
-0.297475 -0.415799 0.85943
-0.333319 0.385352 0.860466
0.924873 -0.275997 0.261602
-0.524516 -0.585592 0.618033
0.309183 -0.134509 0.941442
0.234153 -0.836801 0.494911
-0.387227 0.731932 0.560652
0.269278 0.962957 0.0142549
0.100083 -0.472531 0.875613
0.0499571 0.96585 0.25424
-0.109912 0.908918 0.402228
0.842145 -0.247963 0.47886
-0.564237 0.825493 0.0140801
-0.0241289 -0.426986 0.903936
-0.973526 0.220723 0.0594027
0.907923 -0.418423 0.0244476
0.759389 -0.649913 0.0306847
0.30999 -0.368755 0.876314
-0.447496 0.412845 0.793288
-0.935891 0.173506 0.306601
0.0824593 0.210253 0.974163
0.407184 -0.564594 0.717938
0.752905 0.593688 0.284022
-0.666875 0.341941 0.662083
0.0186366 -0.567123 0.823422
0.178722 0.960556 0.21305
-0.30676 0.926667 0.217224
-0.728265 0.220272 0.648931
-0.321526 -0.897629 0.30147
-0.0523068 0.987244 0.150379
-0.429517 -0.557728 0.71025
0.118566 -0.257836 0.958886
0.852734 0.288218 0.435633
-0.688328 0.550254 0.472678
0.80557 0.590782 0.0451003
0.970147 -0.00122309 0.242515
0.197562 0.445435 0.873245
0.93119 0.294848 0.21436
-0.163421 -0.975896 0.144638
-0.81195 0.214823 0.54276
-0.849274 -0.526922 0.0329686
-0.98963 -0.00383018 0.143588
-0.560741 0.353841 0.748576
0.758165 -0.286682 0.585661
0.619388 0.78467 0.0255382
-0.76362 0.645446 0.0168705
0.579411 0.738888 0.343988
-0.915969 0.0726813 0.394611
-0.967458 -0.252877 0.00878843
-0.130369 -0.991415 0.0100353
0.494305 0.537867 0.682907
-0.810194 -0.563809 0.160331
-0.967418 -0.105345 0.230228
-0.134076 -0.860153 0.492099
-0.452408 0.144409 0.880042
-0.683332 0.114954 0.721002
0.888568 0.0224616 0.458195
-0.385841 0.916228 0.107944
0.66817 0.175451 0.723025
-0.618808 -0.366397 0.69486
-0.550731 -0.101155 0.828531
0.138641 0.328065 0.934426
0.152278 0.927449 0.34154
0.989449 0.0680463 0.12791
-0.877127 0.465247 0.119135
-0.104727 -0.923888 0.368053
-0.541316 0.79984 0.259294
0.937462 0.0909684 0.33599
0.468955 0.224982 0.854087
-0.93378 0.344293 0.0975586
-0.260726 -0.817592 0.513387
0.82161 0.479641 0.308062
0.697011 0.0434656 0.715742
0.52243 -0.831542 0.188694
0.29151 0.654605 0.697506
-0.705579 -0.387589 0.593239
-0.22294 -0.177409 0.958553
0.395904 0.339102 0.853388
-0.197387 -0.942078 0.27116
-0.472057 -0.207535 0.856791
-0.308061 -0.636033 0.707503
0.0262346 0.0874372 0.995825
-0.748685 -0.1368 0.648657
0.771968 0.342709 0.535366
0.0438662 -0.148824 0.98789
-0.0828156 0.956821 0.278631
0.232513 -0.476031 0.848134
-0.157033 0.761395 0.628982
0.999586 -0.0170122 0.0231853
0.417893 0.109179 0.901912
0.118296 0.545944 0.829428
-0.623257 0.0101631 0.781951
-0.187204 0.180936 0.965514
0.379496 -0.253463 0.889797
0.62808 0.304486 0.716104
0.31642 -0.942284 0.10945
