0.784386 -0.451352 0.425464
0.298396 0.573708 0.76277
-0.180818 -0.947242 0.264646
-0.793005 0.538351 0.285167
-0.590155 -0.70201 0.398621
-0.969861 0.242915 0.0190166
0.672744 0.484709 0.558992
-0.162742 -0.170531 0.97182
0.0692127 -0.51506 0.854355
0.163431 -0.847429 0.505128
-0.333673 0.221886 0.916204
-5.55112e-17 0.866025 0.5
-0.655037 -0.0172153 0.755401
0.29567 0.954695 0.0337235
0.641071 -0.195496 0.742166
-0.974538 -0.169253 0.147067
-0.513011 -0.858374 0.0037788
-0.128729 0.986012 0.105876
-0.89045 0.144201 0.431631
0.267674 -0.144571 0.952602
-0.823786 -0.563877 0.0584808
-0.231891 -0.735107 0.637059
0.539801 -0.785304 0.30317
0.456408 -0.579789 0.674935
0.0943951 0.250596 0.963479
0.668311 0.74035 0.0724111
0.419596 0.805128 0.419176
0.855662 0.0970513 0.508354
0.972333 -0.153049 0.176481
0.84606 -0.533052 0.00615194
-0.631525 0.403542 0.662065
-0.47082 -0.406582 0.782956
-0.131452 0.585139 0.800208
0.213684 -0.972621 0.0913666
-0.79616 -0.337196 0.502423
0.504899 0.202452 0.839101
0.895903 0.396585 0.200195
-0.414764 0.747955 0.518203
-0.534056 0.837831 0.113242
