0.944486 0.327422 0.0272322
0.236585 -0.155154 0.959143
0.871071 0.234959 0.43131
-0.107156 -0.994187 0.0104633
0.516022 0.856151 0.0269623
-0.865241 0.385887 0.320077
0.880718 -0.185881 0.435642
-0.651625 0.730124 0.205679
0.218268 0.614841 0.757845
0.410751 0.802037 0.433613
0.360406 -0.721512 0.591209
0.533308 -0.375762 0.757882
0.869997 -0.492075 0.0311116
-0.993691 0.0508068 0.0999852
0.598796 0.474208 0.645423
-0.606641 -0.270335 0.7476
0.125414 0.985271 0.116242
-0.625773 0.406531 0.665688
-0.322919 -0.581333 0.746843
-0.898965 -0.289934 0.328329
0.747124 0.605583 0.273997
-0.0460077 0.155648 0.986741
0.231265 -0.938966 0.254676
0.710339 -0.570152 0.412729
-0.450596 0.0946887 0.887692
6.93889e-18 0.866025 0.5
-0.38281 -0.871382 0.306838
0.356668 0.244225 0.901744
0.995036 -0.0902461 0.0419369
-0.19747 -0.235558 0.951587
-0.185411 0.52178 0.832688
-0.0443163 -0.831252 0.554127
-0.286563 0.939136 0.189488
-0.647783 -0.592135 0.479327
-0.739411 -0.668986 0.0756977
0.673831 0.0205965 0.738599
-0.399169 0.739211 0.542431
0.0834834 -0.529981 0.84389
0.59061 -0.802691 0.0828671
-0.820444 0.0457752 0.569891
