0.973222 0.229006 0.0198506
0.626891 0.475217 0.617395
0.580176 -0.81241 0.0581826
-0.629809 -0.576499 0.520567
0.237599 -0.94074 0.241983
-0.0203199 0.26313 0.964546
-0.453425 -0.279068 0.846479
-0.732775 0.564928 0.379338
0.677692 0.0426079 0.734111
0.257822 0.640058 0.723777
0.781002 0.572016 0.250667
-0.933112 -0.27428 0.232535
0.553609 0.832752 0.00647182
-0.465467 -0.846045 0.259901
-0.132665 -0.989341 0.060033
0.880644 0.214098 0.422644
0.467606 0.7862 0.404022
0.784993 -0.302017 0.5409
-0.971719 0.131659 0.196031
3.322e-16 0.866025 0.5
-0.400533 0.122199 0.908097
0.0785878 -0.490477 0.867904
0.611194 -0.658464 0.439166
-0.801883 0.204756 0.561301
0.311674 -0.116577 0.943011
0.250152 -0.754729 0.606472
-0.0948794 -0.138866 0.985756
0.471232 -0.446551 0.760614
0.967425 -0.129443 0.217563
-0.279241 -0.629206 0.725345
-0.399437 0.77735 0.48598
-0.212063 0.96346 0.163629
0.847367 -0.512713 0.138186
0.379982 0.282275 0.880871
-0.523488 0.462096 0.715841
-0.146169 0.606886 0.781232
-0.582794 0.808049 0.0860671
0.197244 0.967862 0.156003
-0.772587 -0.201556 0.602066
-0.107479 -0.884053 0.454862
-0.772491 -0.627002 0.100632
