-0.336981 -0.800169 0.496159
4.16334e-17 0.866025 0.5
-0.378874 0.678201 0.629681
-0.0330829 -0.983115 0.179976
0.760915 -0.443045 0.474046
-0.681557 0.195753 0.705096
-0.916499 0.377042 0.133675
0.674844 -0.13208 0.726044
-0.0301972 -0.555271 0.831121
0.405327 0.343275 0.847273
0.737654 0.259244 0.623426
-0.674499 -0.570032 0.469164
-0.915524 -0.317743 0.246689
0.65548 0.754404 0.0349393
-0.341323 0.350477 0.872161
0.676803 0.607125 0.416337
0.913932 0.31339 0.257907
0.362961 -0.441586 0.820525
0.352743 -0.934271 0.0520599
0.45862 -0.713458 0.529759
-0.734723 -0.205911 0.646362
0.34265 0.689552 0.638051
-0.0053945 0.993796 0.111084
-0.427096 -0.897628 0.108872
-0.0519773 -0.175734 0.983065
-0.717618 0.522249 0.460739
0.913545 -0.394948 0.0972163
-0.999999 -0.0012145 0.00116124
0.999993 0.00177283 0.00343054
0.034626 0.224299 0.973905
-0.363744 0.888764 0.278904
0.674007 -0.716055 0.181605
-0.690064 0.7166 0.101465
0.914966 -0.0716132 0.397125
0.0677611 -0.833953 0.547659
0.352267 0.892251 0.282481
-0.753638 -0.652868 0.076118
-0.0186696 0.593299 0.804765
-0.438526 -0.0729393 0.895754
0.335684 -0.0511356 0.940586
-0.915813 0.0632256 0.396598
-0.425652 -0.464413 0.776621
