-0.50965 -0.489303 0.7077
-0.104023 -0.665425 0.739182
0.192835 -0.980237 0.0441561
0.460089 0.0345717 0.8872
0.171918 -0.408894 0.896242
0.996887 0.075576 0.0224536
-0.202025 -0.968296 0.146929
-0.220862 -0.302226 0.927297
0.760041 -0.647765 0.0523397
-0.381965 -0.795678 0.470106
0.203603 0.350985 0.913978
-0.951512 0.0290043 0.306241
0.883734 0.467716 0.0159804
-0.921217 0.377183 0.0953548
-0.356086 0.930069 0.0904122
0.720299 -0.534265 0.442414
0.551225 -0.342682 0.760736
-0.743766 -0.550616 0.378991
-0.757332 0.201923 0.621028
0.614229 0.363242 0.700555
0.686005 0.615602 0.387855
3.46945e-17 0.866025 0.5
-0.698655 0.714466 0.0376804
0.332052 0.657218 0.676614
-0.0967772 0.600026 0.794105
0.0717013 -0.026262 0.99708
-0.727306 0.550195 0.410257
-0.482732 0.483521 0.73019
0.370827 0.868319 0.329408
-0.576398 -0.809531 0.111466
-0.778825 -0.204729 0.592889
0.0466023 0.992313 0.114644
0.480877 -0.827519 0.289775
0.349311 -0.678463 0.646274
-0.517897 -0.0317797 0.854852
-0.940317 -0.324808 0.101505
0.928733 -0.211548 0.304471
0.773777 -0.0252518 0.632955
0.0656647 -0.892776 0.44569
0.891278 0.263275 0.369203
-0.399362 0.787003 0.470252
-0.22959 0.243631 0.942302
0.623127 0.781855 0.0203966
