-0.925726 -0.358836 0.119453
0.774195 0.0608738 0.630014
0.38406 -0.0457336 0.922175
-0.70855 0.0358484 0.70475
-0.547427 0.400302 0.734903
0.820074 0.394369 0.414671
0.686834 0.700247 0.194711
-0.173764 -0.983334 0.0534839
-0.460857 -0.23969 0.854494
0.482621 -0.850667 0.208427
-0.376283 -0.849089 0.370755
-0.00581485 -0.0937556 0.995578
-0.543717 -0.83923 0.00803534
-0.36246 0.722808 0.588363
-0.441554 -0.594629 0.671897
-0.126448 -0.456928 0.88047
-0.888332 0.451723 0.0825347
1.38778e-16 0.866025 0.5
0.659135 -0.595059 0.459832
0.0157515 0.992497 0.121248
-0.66477 0.66891 0.332627
0.350945 0.883706 0.30968
-0.738272 -0.34291 0.580833
0.513746 0.312472 0.799016
0.781605 -0.6186 0.0801691
0.872475 -0.260336 0.413537
0.908918 0.41639 0.0220821
-0.0838178 -0.768681 0.634117
0.271664 -0.42737 0.862295
0.111769 -0.937587 0.329301
-0.176514 0.489304 0.854063
0.145997 0.273977 0.95059
0.186945 0.624848 0.758034
-0.827682 0.325826 0.456925
0.963322 -0.267419 0.0223115
-0.707978 -0.634778 0.309554
-0.997174 0.0748794 0.00612243
0.313053 -0.731224 0.60606
0.623046 -0.297027 0.723595
-0.331376 0.129805 0.934527
-0.357849 0.904394 0.232411
-0.924472 -0.0536637 0.377455
0.971471 0.0773658 0.224186
0.534338 0.632567 0.560663
