0.214317 -0.193093 0.957488
0.516111 -0.817352 0.256058
-0.767856 -0.0152104 0.640441
0.0517586 0.163823 0.985131
0.899752 0.0943942 0.426071
-0.237337 -0.954222 0.182023
-0.66484 0.616525 0.421763
-0.0730559 -0.823752 0.562223
0.037279 0.990934 0.129073
-0.35463 0.663605 0.658685
0.682238 0.332142 0.651332
-0.622429 0.344731 0.702668
-0.278032 0.356529 0.891956
0.7981 -0.59478 0.0962991
-5.82867e-16 0.866025 0.5
-0.298579 -0.572456 0.763639
-0.992107 0.0976046 0.0787253
0.338209 0.39828 0.852636
-0.870271 0.281768 0.404023
0.740563 -0.1914 0.644152
0.00964743 0.606405 0.795098
-0.757718 -0.553982 0.344917
-0.588867 -0.802998 0.091818
-0.35336 0.876133 0.327914
-0.923411 -0.197795 0.328922
0.14729 -0.953347 0.263506
0.896655 0.403235 0.182788
0.924497 -0.26666 0.272392
0.510968 0.0451521 0.858413
0.713463 0.700689 0.00239866
0.342726 0.710852 0.614189
-0.627402 0.776031 0.0643627
0.312164 -0.748502 0.585063
-0.631036 -0.382169 0.675085
0.390362 0.882143 0.263519
-0.174595 -0.250528 0.952236
0.695251 -0.541998 0.472085
0.461287 -0.436642 0.772371
0.662802 0.633372 0.399417
-0.462319 0.00926942 0.886665
0.99769 0.0479287 0.0481455
0.0871242 -0.544176 0.834435
-0.447863 -0.768372 0.457191
-0.907607 -0.419792 0.00481356
-0.878621 0.473615 0.060943
