0.542678 0.205181 0.814495
-0.892907 0.29554 0.339666
-0.277762 -0.335486 0.900165
0.202164 0.963206 0.1771
0.771403 0.351764 0.530282
-0.916288 -0.400337 0.0120644
0.583269 -0.647952 0.489853
-0.623302 0.32538 0.711071
-0.854011 -0.338269 0.395272
-0.23945 0.327261 0.914092
-0.809332 0.0018616 0.587349
0.84125 -0.365806 0.398102
0.5373 0.843331 0.0100898
0.760301 0.606958 0.231398
-0.148561 -0.666034 0.730978
-0.815541 0.574056 0.073166
-0.714319 -0.66317 0.223503
0.0105234 0.606416 0.795078
0.927986 0.0279279 0.371566
-0.391265 -0.885694 0.249915
0.479649 -0.403026 0.779427
0.95137 0.296091 0.0849994
-0.370718 0.851942 0.369814
-0.667749 0.603093 0.436337
-0.171745 0.983476 0.0572645
-0.984817 -0.0457458 0.167459
-0.0437026 -0.900273 0.433127
-0.467552 0.00845361 0.883925
0.643803 -0.756229 0.116771
0.232994 -0.720637 0.652991
0.726414 -0.114352 0.677677
0.996343 -0.0854327 0.00135638
-0.623286 -0.320849 0.713142
-0.0688043 -0.0169833 0.997486
5.55112e-17 0.866025 0.5
0.395171 0.559373 0.728657
0.106249 -0.419825 0.901365
0.314516 -0.0870938 0.945248
0.886415 -0.462472 0.0196913
0.460924 0.785172 0.413586
0.330256 -0.890794 0.312116
0.179097 0.283131 0.942211
-0.367902 0.623538 0.689818
0.0455409 -0.996996 0.062642
-0.502493 -0.661468 0.556741
-0.536395 0.843893 0.0111631
