0.756222 -0.00132881 0.654314
-0.191609 0.965897 0.174153
-0.455218 0.452493 0.766829
0.160341 0.987048 0.00518843
0.881943 -0.45041 0.13895
-0.0998269 0.614727 0.782397
0.0994926 -0.0206757 0.994823
-0.645711 -0.761658 0.0541785
-0.754012 -0.52281 0.397664
0.938478 -0.112116 0.326634
-0.303643 -0.949751 0.0759834
0.525589 -0.279573 0.80349
0.165714 -0.39505 0.90359
0.0773307 -0.714163 0.695695
-0.373815 0.757155 0.535703
0.585662 0.413861 0.696935
0.089114 -0.993559 0.0699959
0.833365 0.550264 0.0520697
-2.77556e-16 0.866025 0.5
0.293618 -0.876314 0.38192
-0.46693 -0.788212 0.400873
0.561854 0.827232 0.00272504
-0.21497 -0.308906 0.92648
0.757074 -0.40353 0.513811
-0.889123 -0.456181 0.036872
-0.9812 -0.0987474 0.16582
0.658881 0.643712 0.389245
0.637645 -0.709056 0.301078
0.197357 0.389364 0.899692
0.459542 -0.888152 0.00263429
0.30382 0.682875 0.66436
-0.828023 0.550975 0.103949
0.351063 0.876933 0.328243
-0.168324 0.260724 0.950626
-0.0952926 -0.909614 0.404379
-0.694719 0.543256 0.471421
-0.570957 -0.343694 0.745575
0.849767 0.304941 0.430008
0.455912 0.0964611 0.884782
-0.719497 0.180934 0.670512
-0.909426 0.246312 0.335075
0.453238 -0.625111 0.635461
-0.550777 0.812394 0.191468
0.978839 0.188419 0.0798255
-0.303249 -0.627245 0.717359
-0.452982 -0.000697141 0.891519
-0.836496 -0.16194 0.523497
