-0.12342 -0.34269 0.931306
0.874899 0.280053 0.395122
0.373822 0.826887 0.420136
-0.562432 -0.20203 0.801782
0.822647 -0.422842 0.380075
0.256764 -0.379093 0.889022
-0.525139 0.850891 0.0146254
-0.414323 0.347031 0.841371
-0.392822 -0.541793 0.743069
0.102687 0.620666 0.777322
0.730119 -0.680438 0.0627018
-0.475008 0.788606 0.390472
0.491129 -0.075323 0.867824
0.576789 -0.443189 0.68622
0.663149 0.230904 0.711981
0.77774 -0.123194 0.616396
5.55112e-16 0.866025 0.5
-0.703617 0.139562 0.696739
-0.330288 -0.872227 0.360735
-0.0936249 -0.760792 0.642207
0.976233 0.214597 0.0302935
0.545519 0.834773 0.0745864
-0.878084 -0.112532 0.465086
0.469953 0.561612 0.680982
0.105911 -0.0402582 0.99356
-0.0472112 0.311361 0.949118
0.146376 -0.912062 0.383035
-0.708578 -0.44794 0.545222
-0.1997 0.962029 0.186063
-0.281022 0.00660916 0.959678
-0.942945 0.332846 0.00829591
0.692559 0.617555 0.37281
0.419338 -0.900793 0.112816
-0.886198 0.262496 0.381771
0.956999 -0.0771288 0.279651
0.332298 0.272812 0.902858
0.183918 0.975472 0.120951
0.28343 -0.690501 0.665489
0.823629 0.566926 0.0151645
-0.660948 -0.703213 0.26199
-0.891794 -0.400316 0.210832
-0.76455 0.609194 0.210585
-0.268773 0.669836 0.692157
-0.0870665 -0.99226 0.0885428
0.933695 -0.357614 0.0180441
-0.993651 -0.0350656 0.106901
-0.650797 0.49918 0.572087
0.570484 -0.711144 0.410878
