-0.87233 -0.443911 0.2049
-0.193932 -0.973549 0.120804
0.264276 -0.862405 0.431758
-0.597584 0.800205 0.0506581
-0.990697 -0.135554 0.0119867
-0.115066 -0.869503 0.480338
0.538777 -0.842153 0.0222966
-0.482244 0.357439 0.799798
-0.344863 -0.0145598 0.93854
-0.682385 -0.730078 0.036556
0.0247669 0.615358 0.787859
0.185913 -0.979608 0.076184
0.350752 0.899313 0.261169
-0.329324 0.677809 0.657359
-0.467197 -0.815765 0.340961
0.969519 -0.23086 0.0820806
-0.132025 0.303219 0.943731
0.811822 -0.579244 0.0736294
0.825814 -0.391048 0.406341
-0.950018 0.13082 0.283464
0.917657 -0.0198532 0.396877
0.708116 0.0769389 0.701892
-0.342086 -0.641224 0.686884
0.986662 0.150708 0.0615297
0.606621 -0.702626 0.371924
-0.521684 -0.319916 0.790885
-0.843245 0.519888 0.136583
0.248101 0.330167 0.910734
0.627581 -0.296761 0.719774
-0.856514 -0.181809 0.483041
0.855576 0.508055 0.0993457
0.406184 -0.606748 0.68328
0.614054 0.789248 0.00496533
0.558445 0.428851 0.710089
0.340353 0.723427 0.600677
0.640387 0.673783 0.368675
-0.766187 0.342145 0.543961
-0.620333 0.669093 0.40927
-0.669965 0.0292479 0.741817
-0.667445 -0.539287 0.513504
0.000715962 0.990591 0.136856
-0.160456 -0.359908 0.919086
0.824132 0.347615 0.447179
0.0336847 -0.651919 0.75754
6.93889e-18 0.866025 0.5
-0.328431 0.893626 0.305883
0.224027 -0.355854 0.907293
0.0321528 -0.037849 0.998766
0.404717 -0.0187883 0.914249
