0.304837 0.404958 0.862023
0.820436 0.570134 0.0427989
-0.548718 -0.143494 0.823601
0.63393 0.685591 0.357908
0.216191 0.0117288 0.976281
-0.625118 -0.695012 0.355226
-0.691045 0.597507 0.406746
0.33845 0.699541 0.62936
-0.83489 -0.546308 0.0671255
-1.11022e-16 0.866025 0.5
0.546571 0.117692 0.829101
0.55229 0.833516 0.0150719
-0.966623 -0.0701951 0.246401
0.614924 0.444365 0.651466
-0.266568 -0.411902 0.871366
0.850901 0.377516 0.365307
-0.579208 -0.815179 0.000975794
-0.151174 -0.0718879 0.98589
-0.400645 0.195626 0.895106
-0.194119 0.962091 0.191568
0.0401932 -0.66823 0.742868
0.0998167 -0.347866 0.932216
-0.302036 -0.739259 0.601889
0.633528 -0.711094 0.304938
-0.888964 0.279836 0.36254
-0.976366 0.216118 0.00151101
-0.827883 0.557912 0.0578213
0.32275 0.895115 0.307575
0.983832 0.177899 0.0206326
0.350113 -0.759202 0.548665
-0.829631 -0.382636 0.406573
0.836527 -0.546923 0.0331285
-0.0112329 -0.996745 0.0798311
0.33468 -0.919146 0.207752
0.0046788 0.619469 0.785007
0.010535 -0.896551 0.442815
-0.562901 0.816538 0.128095
0.93495 0.0102796 0.354632
-0.377334 0.794814 0.475279
-0.326807 -0.907078 0.265342
-0.810806 -0.0151298 0.585119
0.859177 -0.362561 0.361059
-0.57207 -0.483448 0.662582
0.750132 -0.141312 0.646014
-0.670826 0.325196 0.666513
0.613815 -0.496261 0.613968
-0.0403306 0.287169 0.95703
0.979173 -0.198242 0.0438194
-0.363456 0.544025 0.756265
0.455764 -0.252104 0.853652
