0.236219 0.665322 0.7082
-0.899627 -0.227768 0.372549
-0.149773 -0.75969 0.632802
0.960385 -0.256355 0.109285
-0.101779 -0.439967 0.892228
0.189803 -0.976304 0.10395
0.829035 0.407933 0.38248
0.109984 0.341382 0.933468
0.968395 0.0969723 0.2298
-0.426986 -0.530243 0.732479
-0.247107 0.232468 0.940689
0.182467 -0.635874 0.749913
-0.835014 0.0990273 0.541245
0.856746 -0.139214 0.496595
-0.355244 -0.16715 0.919708
-0.121371 0.59815 0.79214
0.733071 0.174247 0.657453
0.609717 -0.157353 0.776843
-0.00967086 -0.0498192 0.998711
0.566858 0.621991 0.540185
-0.702131 -0.525864 0.480082
-0.698481 -0.699799 0.149686
0.162362 -0.872164 0.461484
-0.468139 0.465965 0.750814
1.44849e-16 0.866025 0.5
0.246904 -0.308969 0.918464
-0.449471 -0.792362 0.412479
-0.997091 -0.0472234 0.059826
0.806371 -0.589885 0.0424524
-0.57584 0.113311 0.809672
-0.418842 -0.907921 0.0158358
0.458094 0.380464 0.803366
-0.658622 -0.237965 0.713855
-0.91075 -0.410278 0.0469799
-0.145611 -0.952814 0.266352
0.915897 0.400946 0.019389
0.346879 0.865324 0.361785
-0.82212 0.568963 0.0199891
0.533526 -0.8448 0.0407872
0.439194 0.898391 0.00148939
0.773766 -0.490476 0.400898
0.0626033 0.986378 0.152114
-0.299948 0.928245 0.219982
0.34461 0.050927 0.937363
-0.739438 0.456938 0.494408
-0.932528 0.279574 0.228538
0.526699 -0.508597 0.681114
0.513006 -0.757734 0.403316
0.688108 0.698785 0.195468
-0.614727 0.736931 0.281147
-0.354197 0.75792 0.547816
