0.197592 0.421586 0.884999
-0.266092 -0.963948 0.000167613
-0.505504 -0.241046 0.82847
-0.432825 0.879925 0.195945
-0.078641 0.98447 0.15695
-0.790748 -0.341748 0.507865
0.834516 0.276755 0.476435
0.488695 -0.538584 0.686371
0.469589 -0.209645 0.857633
0.286091 0.919556 0.269385
0.313769 -0.807551 0.49941
0.120175 -0.298154 0.946922
-0.995188 0.0979682 0.00147055
0.988825 -0.148895 0.00746261
-0.745686 -0.00890492 0.666238
-0.509654 -0.565702 0.648254
0.929144 -0.0643011 0.364084
-0.00989733 -0.930785 0.365432
0.771224 -0.358997 0.525676
0.734932 -0.0221823 0.677778
-0.599472 -0.800393 0.00217856
0.136953 -0.623894 0.769415
-0.150311 0.304269 0.940652
4.68375e-17 0.866025 0.5
-0.664743 0.648551 0.370807
-0.886956 0.429737 0.169217
-0.194048 -0.102359 0.975637
0.472938 0.161587 0.866152
-0.92354 0.116552 0.365363
0.971816 0.206539 0.113642
-0.955893 -0.214621 0.200517
0.820623 0.532461 0.207514
0.871522 -0.456208 0.179786
-0.0887191 0.629346 0.772045
-0.849684 -0.526791 0.0229785
-0.205548 -0.456806 0.865493
0.292268 0.697088 0.654712
0.592398 0.804384 0.0450717
0.639632 -0.671457 0.374186
-0.354671 0.763445 0.539778
-0.186606 -0.748447 0.6364
0.134312 0.0705931 0.988421
0.431259 -0.888538 0.156578
-0.6836 -0.650345 0.331275
0.578688 0.460609 0.673022
-0.428087 0.478694 0.766546
0.566527 0.717543 0.405191
-0.728179 0.353505 0.587188
-0.378177 -0.861421 0.339022
0.103584 -0.994464 0.0176343
-0.703652 0.71052 0.00594961
-0.469027 0.125662 0.874198
