-0.912246 -0.407736 0.0394884
-0.711446 -0.663898 0.2304
-0.388333 0.460749 0.798065
-0.0470949 -0.119531 0.991713
-0.266648 -0.669609 0.693197
-0.672873 0.498636 0.546446
0.675929 0.722514 0.145237
0.597876 0.0188727 0.801366
-0.973869 -0.0779919 0.213298
-0.0314326 -0.924409 0.380105
-0.974531 0.224096 0.00842655
-0.350104 0.743242 0.570105
0.876175 -0.336712 0.344881
-0.891791 0.27341 0.360495
-0.835582 -0.0344964 0.548282
2.56739e-16 0.866025 0.5
-0.135504 -0.990105 0.0364726
-0.842549 -0.365833 0.39532
0.530355 0.375212 0.760223
0.271601 0.0557016 0.960797
0.593205 0.638173 0.490757
-0.832279 0.541262 0.119781
0.84394 -0.0272582 0.535745
0.22044 -0.968667 0.114412
0.338859 0.867426 0.364344
0.680679 -0.331902 0.653083
0.348465 -0.833672 0.428443
0.0693064 0.986419 0.148909
-0.271778 0.92552 0.263723
0.0749299 -0.448372 0.890701
0.815999 -0.573352 0.0735697
-0.0670804 0.63206 0.772011
-0.619539 -0.255826 0.742108
0.792902 0.333255 0.510146
-0.132605 0.250958 0.958872
0.280797 0.683221 0.674064
0.977126 0.0538536 0.205727
-0.594199 -0.573426 0.564013
-0.590654 0.7508 0.295681
0.423723 -0.588723 0.688378
0.398672 0.917061 0.0077087
0.888472 0.426148 0.170341
-0.387464 -0.00773702 0.921852
-0.634756 0.196297 0.747363
0.396549 -0.276451 0.875399
-0.385392 -0.835929 0.390762
0.191982 0.40554 0.893689
-0.299572 -0.35993 0.883576
0.554572 -0.822324 0.12741
0.0911101 -0.73778 0.668865
-0.481939 -0.875247 0.0409582
0.662294 -0.6242 0.414416
0.96841 -0.24935 0.00269646
