0.271088 0.887073 0.373647
0.454997 -0.844566 0.282287
0.823758 0.220882 0.522144
0.506952 -0.698769 0.5047
-0.274422 0.784695 0.555829
-0.0907171 -0.953585 0.287133
-0.644059 0.601151 0.47308
-0.595633 -0.675867 0.43408
-0.112626 0.863868 0.490967
-0.659662 0.746379 0.088113
0.711271 0.124685 0.691771
0.968188 -0.165016 0.188101
0.618746 -0.151544 0.770835
-0.535654 0.109036 0.837369
0.0841077 0.990341 0.110227
0.323909 0.932078 0.162214
0.955325 0.273048 0.113128
-0.664023 -0.713678 0.22302
0.303578 0.0362913 0.952115
-0.326027 -0.418335 0.847763
0.369987 -0.92487 0.0878876
-0.872831 0.274024 0.403827
0.793402 0.477908 0.376984
0.222736 -0.610304 0.760209
0.112578 0.864245 0.490312
-0.0435586 -0.346837 0.936914
-0.545936 0.790381 0.277943
0.832933 0.376077 0.405942
-0.636859 0.0814128 0.76667
-0.391727 0.841618 0.371791
-0.784901 0.235283 0.573213
-0.347796 -0.215794 0.912398
-0.697011 0.6907 0.192636
0.67242 0.624015 0.398066
0.544249 0.636585 0.5464
-0.124247 -0.759449 0.638592
-0.778773 -0.418617 0.467196
-0.155603 -0.3518 0.923052
0.691979 -0.69607 0.191445
-0.672654 -0.34858 0.652709
0.125713 -0.267618 0.955289
0.550212 -0.365562 0.750754
0.39786 -0.337334 0.853178
-0.569622 0.684295 0.455271
0.344926 -0.251564 0.904291
0.288996 -0.879385 0.378369
0.598517 -0.663849 0.448421
-0.588837 -0.79906 0.121547
0.641945 -0.330017 0.692095
-0.74903 0.154966 0.644158
-0.174535 -0.68509 0.707241
-0.581562 0.200019 0.788529
-0.816378 -0.447814 0.364678
0.207906 0.934705 0.288274
-0.416113 0.892119 0.175991
-0.676268 -0.728151 0.111613
0.995797 0.00315853 0.0915299
-0.605272 -0.100239 0.789682
-0.177826 -0.81641 0.549411
0.809655 0.56464 0.160126
0.353104 -0.0635522 0.933423
0.88951 -0.256447 0.378163
0.764408 -0.352407 0.539897
0.741424 -0.516219 0.42873
-0.0730197 -0.994363 0.0768728
0.641601 0.0722173 0.763632
0.0637937 -0.923969 0.37711
0.0903372 -0.979049 0.182492
0.632399 0.447469 0.632331
0.908437 -0.381817 0.170171
-0.733151 0.0484273 0.678339
0.608502 0.78 0.146031
-0.0406028 -0.154888 0.987097
-0.198559 0.144121 0.969435
-0.380254 0.746195 0.546443
0.775455 0.166969 0.608926
-0.831575 0.379214 0.405808
-0.558427 0.621996 0.548889
-0.53795 0.550577 0.638337
-0.969613 -0.240235 0.0462283
-0.254601 0.962911 0.0893315
0.815863 0.515609 0.261754
-0.0521816 -0.535622 0.842844
-0.0534271 0.6806 0.730705
0.980616 -0.0522517 0.188844
-0.164522 -0.52889 0.832591
-0.745667 -0.664978 0.0422575
-0.684867 -0.241726 0.687405
0.0369248 0.337645 0.940549
0.474305 -0.875808 0.0894169
0.172937 0.806021 0.566059
-0.961821 -0.221299 0.161017
0.112057 -0.876742 0.467726
0.454703 -0.411652 0.789802
-0.000349263 -0.877629 0.479341
0.249535 0.13531 0.958866
-0.813118 0.30963 0.492919
0.749248 0.572314 0.333294
-0.265993 -0.339565 0.902188
-0.90094 0.433859 0.0085907
-0.467404 0.635575 0.614474
0.244785 -0.926538 0.285671
-0.0623272 -0.693849 0.717418
0.443345 0.238082 0.864154
-0.818523 0.121976 0.561374
-0.24553 -0.953363 0.17554
-0.88535 0.411831 0.215758
0.861035 -0.195959 0.469275
0.755653 0.277147 0.593446
-0.0012639 -0.61871 0.785619
0.668519 0.343872 0.65942
0.332206 0.828031 0.451669
-0.980905 0.076541 0.178791
-0.446564 -0.173111 0.877846
0.212736 -0.750829 0.625299
0.823013 -0.517442 0.234315
-0.481904 0.702079 0.524264
-0.655673 -0.588443 0.473105
0.694925 0.235809 0.679318
-0.804338 0.0147106 0.59399
-0.754821 -0.171517 0.633109
0.161665 0.903698 0.396478
0.00798988 -0.450808 0.892585
0.914572 0.205365 0.3484
0.74134 -0.664393 0.0948485
-0.449783 0.849691 0.275173
0.262808 -0.960624 0.090182
0.906488 -0.31414 0.282127
0.541329 0.23194 0.808187
-5.20417e-17 0.866025 0.5
0.138699 0.140226 0.980357
0.601 0.798491 0.0347983
-0.814435 -0.0974614 0.572012
-0.766025 0.412358 0.493119
-0.898641 -0.27282 0.343531
0.316706 0.908536 0.272508
0.416015 -0.890312 0.18514
-0.287661 -0.796618 0.531649
-0.72574 -0.394073 0.563922
0.808937 -0.576337 0.116003
-0.377097 -0.863272 0.335497
0.764409 0.433844 0.476927
0.317643 0.404264 0.857714
0.0608975 0.813004 0.579064
0.330121 -0.819447 0.468537
0.0980172 0.944803 0.312632
-0.393437 -0.639775 0.660224
-0.80799 -0.582579 0.0880521
-0.11335 0.600938 0.791217
-0.515194 0.837929 0.180142
-0.270665 -0.893352 0.358696
0.0970414 0.430144 0.897529
-0.742735 0.340068 0.5768
-0.335267 -0.83487 0.436563
-0.284391 -0.670877 0.684869
-0.905072 -0.419553 0.0694225
-0.209936 -0.251219 0.944889
0.684721 -0.609517 0.399557
0.809898 -0.469078 0.35218
-0.475195 0.876145 0.0809909
0.88082 0.159216 0.445877
-0.957634 0.198183 0.20895
-0.946312 0.128028 0.296819
-0.4861 0.217954 0.846288
0.629022 0.18421 0.755247
-0.310868 0.932752 0.18258
0.491351 0.594176 0.636811
-0.494414 -0.454927 0.740673
-0.729111 -0.631179 0.264595
0.429801 -0.179515 0.884899
-0.744921 -0.649102 0.154142
0.834948 -0.0168553 0.55007
-0.59829 -0.264208 0.756468
0.79192 -0.413761 0.44907
0.336399 0.713357 0.614782
0.900478 -0.433058 0.0400117
-0.0253878 0.237972 0.97094
0.505582 -0.480849 0.716359
-0.0760194 0.333989 0.939506
0.86282 0.269307 0.427804
0.771599 -0.0596234 0.633309
-0.910075 -0.166334 0.379601
0.175723 -0.908518 0.379099
-0.47167 -0.275672 0.837575
0.912554 -0.145843 0.382067
0.0469402 -0.822935 0.566193
-0.443206 -0.550138 0.707755
0.562599 0.743582 0.361342
0.680373 0.728988 0.0752979
-0.415216 -0.0685625 0.907135
-0.709434 0.50995 0.486471
-0.216391 -0.436855 0.873117
-0.36343 0.927948 0.0826546
-0.378464 0.222176 0.898556
-0.153078 -0.1535 0.97622
-0.571133 0.816516 0.0843137
0.307308 -0.765565 0.565218
-0.885183 0.344647 0.312522
0.43635 0.540273 0.719517
0.746245 0.623681 0.23268
0.718799 -0.458083 0.52296
0.695699 -0.654333 0.296397
-0.626239 0.283562 0.726235
-0.513472 -0.0852536 0.853861
0.345834 -0.435228 0.831249
0.553172 -0.0749954 0.829684
0.573186 0.399203 0.715608
-0.0519932 0.810429 0.583526
-0.750553 -0.061357 0.657956
-0.550176 -0.643389 0.532313
0.524437 0.844692 0.107056
0.282893 0.787181 0.548013
0.725978 0.383785 0.570671
0.273966 -0.676124 0.683959
0.134253 -0.949845 0.282438
-0.810264 0.578452 0.0941588
-0.0224523 -0.983884 0.177391
-0.669593 0.179345 0.72075
-0.607239 0.461687 0.646611
-0.175229 0.903312 0.391564
-0.990779 -0.026263 0.132915
-0.779464 0.479456 0.403184
0.860654 0.502792 0.0804717
-0.24975 0.239881 0.938127
0.376097 0.477229 0.794232
0.720601 0.532636 0.443885
-0.308804 0.143553 0.94023
-0.372694 -0.31823 0.871682
-0.578733 -0.768483 0.272949
-0.0899246 0.976407 0.196326
0.436462 0.793056 0.424926
0.870875 0.456199 0.182919
-0.453515 -0.882573 0.124055
-0.22544 -0.602692 0.765466
-0.263576 -0.15205 0.95258
0.394159 -0.838025 0.377296
0.820596 -0.128745 0.556819
0.640595 -0.0407421 0.766797
-0.607885 0.772124 0.185207
-0.4412 0.564074 0.697971
0.671989 0.677686 0.298617
0.152345 -0.984387 0.0881659
-0.917803 0.380904 0.112022
-0.710108 0.260986 0.653936
-0.877457 0.086133 0.471859
0.357192 0.131911 0.924669
-0.588154 -0.408334 0.698096
0.714514 0.0119891 0.699519
0.259908 0.322506 0.910186
-0.202446 -0.938715 0.278981
-0.524195 0.75983 0.384549
0.199361 0.236264 0.951018
0.282814 -0.524665 0.802959
-0.629236 0.535163 0.563615
-0.0660606 -0.822446 0.564995
-0.164188 0.803883 0.571677
0.636379 -0.497625 0.589399
-0.223945 0.849302 0.478054
0.1168 0.748323 0.65297
-0.52527 -0.849843 0.0431179
-0.41824 -0.878384 0.231335
0.0217802 -0.960149 0.278639
-0.43625 0.777285 0.453337
0.477711 0.442721 0.758809
0.172905 -0.534327 0.827405
0.906943 0.356499 0.224416
0.201859 -0.961376 0.187109
-0.424799 0.312836 0.849517
0.70117 -0.112603 0.704046
0.43317 -0.773416 0.462809
0.208666 0.419602 0.883399
0.0220545 -0.0557604 0.998201
0.749894 0.650911 0.118212
-0.0115153 -0.764128 0.644962
0.389177 0.759125 0.521796
0.969964 0.175557 0.168372
-0.0146802 0.951431 0.307512
-0.128555 0.425379 0.895838
-0.161117 -0.910696 0.38036
-0.973008 -0.115698 0.199671
0.905127 0.424982 0.0116333
-0.10487 -0.446693 0.88852
0.223681 0.591311 0.774802
-0.220137 0.734856 0.641503
-0.607828 -0.553525 0.569347
0.918008 0.37971 0.114372
0.0496067 0.911164 0.409047
-0.332427 0.820202 0.465577
0.521316 0.824973 0.218287
-0.430533 -0.394604 0.811744
-0.333899 -0.58499 0.73912
-0.0744604 0.515252 0.853798
-0.137963 0.239148 0.961132
-0.527463 -0.350525 0.773896
0.952384 -0.0933533 0.290257
-0.127196 0.94588 0.29855
0.607634 -0.771259 0.18958
-0.921119 0.237585 0.308373
-0.346309 0.894472 0.282827
0.550485 -0.784254 0.286203
-0.134724 -0.973467 0.184962
-0.925267 0.0501763 0.375983
0.72419 -0.290473 0.625439
0.255265 0.966507 0.0265243
0.589757 -0.260581 0.764385
-0.799206 -0.564646 0.206021
-0.86743 -0.134071 0.479156
-0.108753 0.746004 0.657001
-0.800942 -0.315852 0.508654
0.0608143 -0.536706 0.841575
-0.715433 0.635519 0.290297
0.448217 -0.573757 0.685496
0.957875 0.0194597 0.286526
-0.739764 0.66671 0.0908144
0.804992 0.591999 0.0390633
0.611813 -0.711025 0.346595
0.236842 -0.262601 0.935386
-0.000526645 0.605143 0.796116
0.145165 0.989292 0.0151384
0.923984 -0.0323666 0.381058
0.87838 -0.084296 0.47047
0.0595805 0.680424 0.730393
-0.927226 0.306874 0.214663
0.936355 0.249697 0.246759
0.953328 0.132265 0.271425
-0.517017 -0.831685 0.202469
-0.366505 0.0470114 0.929228
0.101375 -0.759657 0.642374
-0.0983654 -0.251473 0.962853
0.0385264 0.517019 0.855107
0.51529 -0.836352 0.18706
0.59171 0.545507 0.59355
-0.747537 -0.280885 0.601907
-0.939172 -0.322896 0.117019
-0.365523 0.679315 0.636337
-0.145356 0.0448829 0.988361
0.602348 0.755973 0.256284
0.510603 0.0253698 0.859442
0.867253 -0.419243 0.268528
0.574362 -0.610662 0.545161
0.192977 0.0398711 0.980393
-0.343271 -0.721851 0.600913
0.339616 0.242409 0.90879
0.676224 -0.222807 0.702195
-0.981266 0.161789 0.104605
-0.896907 -0.400538 0.18742
-0.986482 -0.137235 0.0895557
-0.477595 0.0211579 0.878325
0.8473 -0.530739 0.0199818
0.52782 -0.18512 0.828937
0.427352 0.893469 0.138139
-0.447049 -0.687116 0.572729
-0.859985 -0.509972 0.0188021
0.14943 0.335467 0.930125
0.0261007 0.139182 0.989923
0.891013 0.313972 0.327898
0.410406 0.0313199 0.911365
-0.685009 -0.132497 0.716385
0.232527 -0.44469 0.864975
-0.27594 0.65705 0.701529
-0.849795 0.201269 0.487174
-0.114081 -0.615274 0.780015
-0.554672 -0.508719 0.658441
-0.857748 -0.494893 0.139102
-0.541744 -0.188974 0.819025
-0.696749 -0.49416 0.519949
0.0506734 -0.693493 0.718679
-0.429416 -0.902973 0.0155469
-0.701615 -0.607921 0.371711
0.183451 -0.16865 0.968454
0.135256 0.968598 0.208623
0.782606 0.0547423 0.620106
0.490599 0.719531 0.491515
0.93526 -0.205043 0.288523
-0.781665 0.544903 0.303446
-0.537433 -0.754259 0.377173
0.0681092 -0.362519 0.929484
-0.296831 0.496509 0.815702
0.98057 0.0643312 0.185322
-0.113169 -0.872514 0.475302
0.924608 0.0869149 0.370871
0.66133 -0.744195 0.0938976
0.837399 0.10676 0.536065
0.400385 -0.507121 0.76323
-0.844039 -0.347406 0.408542
-0.187346 0.5056 0.842182
-0.876302 -0.375463 0.301865
0.479958 -0.640226 0.599792
-0.478747 -0.822019 0.30836
-0.645084 -0.456175 0.613002
0.377689 0.856382 0.352081
-0.860982 -0.242534 0.447086
-0.648279 0.66125 0.37747
-0.028607 0.99426 0.103093
-0.66347 0.363921 0.653735
0.112304 0.601116 0.791232
0.352174 -0.891347 0.285437
0.00409979 0.750322 0.66106
0.155298 0.511557 0.845099
0.685536 -0.395695 0.611119
-0.405915 0.487386 0.773103
0.223075 -0.855639 0.467033
0.162881 -0.689306 0.705923
-0.573417 0.00407603 0.819254
-0.947722 -0.0888246 0.306486
-0.941923 -0.196414 0.2724
0.854635 -0.366487 0.367812
-0.910959 -0.0570944 0.408527
-0.843193 -0.473039 0.255458
-0.20165 0.96102 0.189149
-0.961613 0.0184548 0.273789
-0.863196 -0.0211369 0.504426
-0.0487531 -0.920862 0.386828
-0.255543 0.41 0.875555
-0.314013 -0.914135 0.256423
-0.39388 -0.764997 0.509546
0.265765 0.499105 0.824781
-0.318291 0.317681 0.89318
-0.903838 0.164612 0.394944
-0.256017 0.0468883 0.965534
0.171765 0.674245 0.718255
-0.690757 0.44036 0.57353
-0.285191 0.879237 0.381586
-0.0631738 0.913361 0.402221
0.0723811 -0.15609 0.985087
-0.838125 0.44739 0.312071
-0.470706 0.396067 0.788395
0.798943 0.329479 0.503123
-0.634208 0.719931 0.281922
0.572047 -0.815081 0.091682
0.293071 -0.158836 0.942805
0.0398245 -0.995771 0.0827936
0.134525 -0.0617834 0.988982
0.989705 -0.109685 0.0919437
0.332219 0.571627 0.750249
-0.351697 -0.923963 0.150337
-0.718577 0.574063 0.392555
0.832322 -0.307184 0.461387
-0.0158511 0.430103 0.902641
-0.187938 0.333405 0.923862
0.310874 -0.93162 0.18826
-0.43931 -0.798475 0.411637
0.97071 -0.22454 0.0854598
0.53576 0.499887 0.680495
0.54557 -0.547608 0.634413
0.967621 0.252393 0.00270559
0.557493 0.120869 0.821336
-0.639684 -0.693474 0.331511
0.762666 -0.610633 0.213233
0.412617 0.344782 0.843133
0.585349 0.675404 0.44855
0.421102 0.87218 0.248947
-0.238277 0.926759 0.290418
0.219989 0.966271 0.133885
0.224028 0.850926 0.475117
-0.746005 -0.51625 0.420669
-0.165751 0.672555 0.721246
-0.771154 0.605509 0.196673
0.245463 -0.0593861 0.967585
0.885519 0.0349351 0.463288
0.866056 -0.480982 0.136393
0.511798 0.339363 0.789238
0.940172 -0.332682 0.0734783
0.291745 -0.351299 0.889648
0.380153 -0.658436 0.649574
-0.0328223 0.0430286 0.998535
0.335679 -0.594011 0.731075
-0.812829 -0.209071 0.54369
0.943833 -0.275242 0.182814
-0.83335 0.511904 0.208522
-0.924948 -0.300745 0.232428
0.0328155 0.999426 0.0083757
-0.311842 -0.0499366 0.948821
0.158999 -0.818331 0.552316
0.440497 0.680863 0.585139
0.46028 0.127288 0.878601
0.121343 -0.451272 0.884098
-0.499394 -0.60106 0.623966
-0.18479 -0.979198 0.0838112
0.855842 0.418626 0.303787
0.0145378 -0.251608 0.96772
-0.998633 -0.0473357 0.0221666
-0.235143 -0.748877 0.619589
0.49551 -0.292832 0.817753
0.986076 0.155744 0.0582869
-0.0800082 0.996791 0.00248342
-0.671528 -0.0229448 0.740624
0.753938 -0.181269 0.631443
-0.339056 0.574134 0.745259
-0.0868192 0.141523 0.986121
0.637957 0.586556 0.498962
0.228004 0.736853 0.636445
-0.869364 0.482792 0.105438
-0.975207 0.221127 0.00862043
-0.494989 -0.725653 0.477926
-0.437334 0.126056 0.89042
0.022772 0.978619 0.204415
-0.944015 0.329568 0.0148192
0.281788 0.658609 0.697732
0.598685 -0.432831 0.673968
0.410516 -0.719863 0.559709
0.682098 0.706216 0.189738
0.606116 0.293697 0.739165
0.456057 -0.0696242 0.887223
-0.327423 -0.943953 0.0417921
-0.955933 0.271725 0.111167
-0.0908751 -0.053941 0.9944
-0.381446 -0.492107 0.782515
-0.778085 -0.543074 0.315682
0.111555 -0.616364 0.77952
0.0810375 0.040606 0.995884
0.761912 -0.565015 0.316621
0.482455 0.813866 0.32382
0.359005 0.931726 0.0547942
0.686814 0.485519 0.540886
-0.20265 -0.0519583 0.977872
-0.141864 0.985186 0.0963453
-0.99647 0.0593509 0.0593705
0.520056 -0.75885 0.392031
-0.274719 -0.512936 0.813281
-0.362339 0.4064 0.838778
0.0875252 0.240068 0.966802
0.388217 0.63075 0.671894
-0.534365 0.302698 0.789194
-0.50869 0.475597 0.717664
-0.575014 0.384217 0.722313
-0.227028 -0.859797 0.457392
0.663055 -0.558741 0.498163
0.180234 -0.358464 0.91598
0.79863 -0.245146 0.549631
-0.224727 0.58927 0.776053
