0.923437 0.164044 0.346921
0.483782 -0.874217 0.0412283
0.592174 -0.384657 0.708074
0.00967861 -0.925492 0.378643
-0.745777 0.35311 0.564916
-0.770026 0.636409 0.0452068
-0.266093 -0.730039 0.629474
0.338819 0.29682 0.892805
-0.989779 0.138791 0.0327718
0.951514 0.252208 0.1761
0.690069 0.558365 0.460472
-0.158926 -0.320506 0.933819
0.185856 -0.934293 0.304229
0.0268559 -0.535799 0.843918
-0.668238 0.535472 0.516457
-0.704625 -0.683354 0.191131
0.586116 -0.737975 0.334455
0.875659 0.357002 0.325224
0.658625 -0.746694 0.0930672
-0.93435 0.324633 0.146979
0.458528 0.621303 0.635401
0.360313 0.676818 0.641944
-0.555991 -0.454866 0.69568
0.250825 0.367676 0.895489
-0.017936 0.793231 0.608657
0.314794 -0.941578 0.119732
-0.71642 0.606772 0.344341
0.0128095 -0.711276 0.702796
0.137137 -0.162744 0.977091
-0.739734 -0.608633 0.286984
-0.253175 0.953493 0.163563
0.454852 0.442341 0.772945
0.42251 -0.420072 0.803134
0.0795547 -0.820725 0.565758
0.661622 -0.497486 0.561038
-0.0552014 -0.0464938 0.997392
-0.623461 -0.559613 0.546013
-0.0862177 -0.576445 0.812575
-0.956847 -0.0494229 0.286358
0.0313847 -0.436673 0.899073
-0.957071 -0.238549 0.164651
0.0776832 0.752969 0.653455
0.672997 0.637347 0.375319
0.702 -0.591849 0.396119
-0.41123 0.876223 0.251244
-0.163448 -0.773904 0.611847
-0.886791 0.454635 0.0831239
-0.691058 -0.561239 0.455466
0.154425 0.983862 0.0903824
-0.548277 0.756788 0.3559
-0.222299 0.625391 0.747977
-0.648577 -0.705035 0.286835
-0.938979 0.0481272 0.340591
0.524049 -0.839304 0.144713
-0.477832 0.756178 0.447069
0.205035 -0.705992 0.677891
0.0697532 0.58613 0.807209
-0.888178 0.418319 0.190129
-0.60741 0.792377 0.056497
-0.13515 0.494155 0.858805
-0.844472 -0.507338 0.171685
0.615783 0.764906 0.189026
0.225923 -0.529927 0.817396
0.0740575 0.92513 0.372358
-0.137551 0.975851 0.169691
-0.0407904 0.212308 0.976351
-0.4125 0.591173 0.693079
0.503505 -0.548626 0.667452
0.583664 -0.175777 0.792742
-0.802774 0.580188 0.137606
0.905457 -0.413812 0.0943744
-0.76549 -0.517289 0.38267
-0.321241 0.150039 0.935036
0.418942 -0.20752 0.883981
-0.2507 -0.151686 0.956107
-0.830833 0.510363 0.221915
-0.0687238 -0.88954 0.451659
0.591325 -0.480264 0.647829
0.877 0.16888 0.449834
-0.46991 -0.527019 0.708121
-0.0389258 0.926488 0.374306
-0.246802 -0.803617 0.541561
-0.328069 -0.824497 0.46106
-0.723695 0.155899 0.672281
0.806493 -0.324318 0.494355
0.388091 -0.692879 0.607704
0.169786 0.619588 0.766344
0.230783 -0.21894 0.948053
-0.0245643 -0.995767 0.0885661
0.906521 -0.132676 0.400769
-0.850948 0.431163 0.299976
0.464876 0.836925 0.288872
-0.918636 -0.334603 0.210117
0.91133 0.349039 0.218289
0.271857 -0.962183 0.017249
-0.771583 0.0568804 0.63358
0.908373 -0.237729 0.344011
-0.427559 0.497639 0.754685
0.428645 0.771655 0.469907
-0.549919 -0.547284 0.630927
-0.255622 -0.26211 0.930567
-0.223155 -0.864902 0.449606
-0.74069 0.255374 0.62142
-0.704626 -0.474959 0.527177
0.14833 0.326988 0.933315
-0.801387 0.440959 0.404147
-0.380101 0.812664 0.441702
0.70019 0.689966 0.183522
-0.375199 -0.403847 0.834346
-0.132691 0.146657 0.980247
-0.636726 0.686628 0.350886
-0.230644 0.0914904 0.968727
-0.418018 0.670574 0.612855
-0.554173 0.141593 0.82027
-0.612059 -0.15202 0.776063
0.860555 0.446234 0.2456
0.866795 -0.497798 0.0293937
-0.419703 0.105893 0.901463
0.0277137 0.960851 0.275678
-0.141033 -0.840412 0.523275
-0.654465 0.61602 0.438399
0.326881 -0.161947 0.931086
0.507355 -0.455576 0.731465
-0.992768 0.0538794 0.107283
-0.779593 -0.429297 0.456003
0.910932 0.0689896 0.406747
-0.885833 -0.337695 0.318216
0.418796 -0.898671 0.130389
0.0507762 0.27641 0.959698
0.689469 0.285005 0.665887
0.316709 -0.573947 0.755169
0.105047 -0.751474 0.651346
0.855645 -0.127727 0.501556
0.246328 -0.946269 0.209516
0.485745 -0.636692 0.598896
-0.84103 -0.338555 0.42196
-0.461012 -0.616673 0.638109
-0.868189 -0.0484905 0.493859
0.578977 -0.813853 0.0492872
-0.96552 -0.14007 0.219434
0.672846 -0.303006 0.674882
0.864948 -0.22667 0.447755
0.205004 -0.972813 0.107739
0.453998 -0.860592 0.230797
-0.595199 0.441605 0.671359
-0.862042 0.34455 0.371711
-0.140562 -0.98678 0.0806669
-0.22467 0.206109 0.952388
0.202657 0.96057 0.190356
0.11346 -0.670106 0.733542
0.139795 0.948723 0.283517
0.665963 -0.199154 0.71891
0.250214 0.924847 0.286445
-0.537998 -0.632738 0.556956
0.775628 0.606162 0.17598
-0.135844 0.392877 0.909502
0.964282 -0.236747 0.118787
-0.80834 0.254418 0.530903
0.376178 0.921212 0.0992912
0.514782 0.111032 0.850101
0.214489 -0.622085 0.752998
-0.0399631 0.0839312 0.99567
-0.421448 0.4012 0.813277
0.428863 0.2314 0.87323
-0.541929 -0.25559 0.800617
-0.626771 -0.27581 0.728757
-0.615414 -0.763455 0.195961
0.285948 -0.741226 0.607303
5.55112e-17 0.866025 0.5
-0.944614 0.241219 0.222527
0.670276 -0.403335 0.622937
0.224932 -0.431815 0.873465
-0.559771 0.81369 0.156732
-0.903091 0.336578 0.266724
0.778048 -0.50907 0.368088
0.348031 0.400081 0.847826
-0.59135 0.344542 0.729107
-0.921282 -0.374603 0.104458
0.185454 0.907 0.378097
0.687748 -0.0100221 0.72588
0.418304 -0.317749 0.850916
0.82124 -0.505988 0.263705
-0.352604 0.868829 0.347573
0.326077 0.188235 0.926413
0.479918 0.871939 0.0969579
0.0382317 0.995593 0.0856355
0.987965 -0.140934 0.0637439
-0.788421 0.521612 0.326057
-0.0561231 -0.162017 0.985191
-0.117766 0.754886 0.645197
-0.830296 -0.14536 0.538033
0.424396 0.884317 0.194605
0.880356 -0.421837 0.216858
0.226638 0.135658 0.964485
0.7956 -0.420533 0.436089
-0.365995 -0.677848 0.637628
0.308616 -0.661192 0.683799
-0.580563 -0.809124 0.0909142
0.728462 0.626381 0.277471
-0.585372 0.61542 0.527823
-0.0312257 0.545467 0.83755
0.415117 -0.0964811 0.904638
0.121873 -0.582099 0.803932
-0.469543 -0.432337 0.769814
0.230628 -0.327398 0.916309
-0.64926 0.744715 0.154468
-0.512771 0.423853 0.746602
-0.588853 -0.711742 0.382981
-0.0641916 -0.381039 0.922328
-0.818749 -0.56852 0.0802192
-0.153493 -0.100378 0.983038
0.136627 -0.970697 0.197689
-0.830531 -0.429074 0.355125
0.622429 0.555893 0.550968
0.523554 0.710314 0.470472
-0.163977 -0.424701 0.89036
0.0558713 0.390362 0.918965
-0.673594 -0.637525 0.373942
-0.425959 -0.76985 0.475278
0.229293 -0.883461 0.40856
-0.654417 -0.0494911 0.754512
-0.378079 -0.592816 0.711074
0.56056 0.776828 0.286899
-0.946663 0.32035 0.0347255
0.741089 -0.215121 0.636012
0.724189 -0.507024 0.467415
0.430651 -0.787699 0.440534
0.941184 -0.241868 0.23595
-0.138708 0.0292779 0.9899
0.795682 0.0927193 0.598576
0.108046 0.876745 0.468663
0.0179893 -0.627471 0.778432
-0.297901 -0.881447 0.366479
-0.463723 0.872979 0.15122
-0.354765 -0.304415 0.88401
-0.610138 -0.639722 0.467426
0.264654 0.959566 0.0958774
-0.642383 0.154059 0.75074
-0.710162 -0.382092 0.591333
-0.970304 -0.236133 0.0524462
-0.0525356 -0.772015 0.63343
-0.347899 -0.755125 0.555656
-0.578962 0.243487 0.77815
0.0753096 -0.953728 0.291087
0.120773 -0.911271 0.3937
0.156642 -0.987633 0.00668313
-0.837715 0.544913 0.0360893
0.231147 0.0143419 0.972813
-0.305908 0.916843 0.256551
-0.0300769 -0.838159 0.544596
-0.496573 0.68513 0.532928
-0.466855 0.200425 0.861322
0.51227 -0.354695 0.782158
0.575789 0.812186 0.0939192
-0.524842 -0.830428 0.186894
-0.155467 -0.211895 0.964847
0.623149 0.0658194 0.779328
-0.193513 0.978532 0.0709108
-0.196582 0.945106 0.261019
-0.320232 0.726961 0.607437
-0.111154 0.825416 0.553473
0.313794 0.929639 0.193142
0.807931 -0.223441 0.545272
0.539053 0.631951 0.556831
-0.236379 -0.0244556 0.971353
0.396628 -0.857341 0.328105
0.0629528 0.491327 0.868697
0.587816 0.173123 0.790254
-0.735521 -0.0413577 0.676238
-0.423411 -0.00696707 0.905911
0.58952 0.713442 0.378769
0.648845 0.7064 0.282842
-0.0815885 0.993974 0.0731992
0.933997 0.340598 0.1079
-0.0371622 -0.958879 0.28137
0.294493 0.877322 0.37892
-0.997849 -0.043063 0.0494279
0.352467 -0.90929 0.221266
0.0482678 -0.879098 0.474191
0.261541 0.73309 0.627834
-0.693141 0.718806 0.0536021
-0.942849 -0.333217 0.00153645
-0.453004 0.817565 0.355493
0.697142 0.471849 0.53977
0.334124 -0.843187 0.421185
0.979722 0.153596 0.128658
0.14346 0.212128 0.966655
-0.552521 -0.357499 0.752938
0.18687 -0.790182 0.583688
-0.763394 0.598945 0.241857
-0.411805 0.299116 0.860782
-0.705893 -0.284742 0.648565
-0.322019 0.366673 0.872843
0.71575 -0.66508 0.213004
0.523478 0.830011 0.192493
-0.911739 0.243768 0.330618
-0.513251 0.518389 0.683993
-0.841789 -0.242871 0.482083
0.0244519 -0.981596 0.1894
-0.930319 -0.147534 0.335769
-0.18439 -0.612894 0.76835
0.513824 -0.108686 0.850983
0.267952 0.565327 0.780133
0.979786 0.0549552 0.192353
-0.0852409 0.957381 0.275962
-0.0685191 -0.482676 0.873114
0.326354 0.819685 0.470755
0.673121 -0.667848 0.317627
-0.360807 0.919194 0.157802
0.859141 -0.326107 0.394375
0.751791 -0.590243 0.293978
0.134449 -0.27794 0.951143
0.762367 0.28789 0.579583
-0.672131 0.448821 0.588896
-0.461985 -0.332492 0.822204
0.408587 -0.608623 0.680173
0.891887 0.443588 0.0881358
0.091293 0.978683 0.183969
0.0437419 0.00808148 0.99901
-0.68726 0.68207 0.249909
-0.127661 0.589073 0.797932
0.99036 -0.0490794 0.12953
0.743839 -0.317458 0.588153
-0.930541 -0.242447 0.274432
0.35757 0.497067 0.790612
-0.79572 0.156115 0.585199
-0.326902 0.0375542 0.944312
-0.150766 -0.913552 0.377745
0.576954 -0.571844 0.583196
-0.503791 0.324881 0.800404
0.80903 -0.582776 0.0764324
-0.519438 -0.152393 0.840809
-0.857752 0.152923 0.490792
-0.695042 0.0560515 0.716781
-0.747489 -0.658199 0.0896382
0.192848 0.800048 0.568096
0.533542 0.361668 0.764545
-0.809243 0.350518 0.471448
0.825661 0.286556 0.485972
-0.0251497 0.983631 0.178429
0.951344 0.0644877 0.301308
-0.123784 0.676283 0.726167
-0.868707 -0.428329 0.248763
-0.149418 -0.950886 0.271091
-0.633219 -0.470366 0.614646
-0.0419732 0.337965 0.940222
0.744368 0.662569 0.0831799
0.326579 -0.478608 0.815034
0.748641 0.554167 0.363918
-0.512274 0.0435475 0.857717
0.130557 -0.38454 0.913829
0.672533 0.18538 0.716473
-0.865694 0.250083 0.433627
-0.0599967 -0.272197 0.960369
-0.878283 -0.473071 0.0694429
-0.203723 0.846351 0.492125
0.398954 0.834244 0.380621
-0.985142 -0.0420611 0.166512
0.441483 0.0131545 0.897173
0.834266 -0.0282053 0.550641
-0.974393 0.144462 0.172306
0.073012 0.673484 0.735587
0.814866 0.575802 0.0666768
-0.15101 0.920115 0.361366
-0.102989 0.883536 0.4569
0.623918 0.468128 0.625765
0.547424 -0.799327 0.247797
0.442877 0.341611 0.828952
0.695334 0.382243 0.608606
-0.284292 -0.560878 0.777556
0.764098 0.383228 0.518932
0.328094 -0.0360497 0.943957
0.881772 0.264826 0.390315
-0.321946 -0.930267 0.175937
0.946149 -0.320562 0.045186
-0.918345 -0.0500555 0.392603
-0.268761 -0.95982 0.0807059
-0.894431 0.049691 0.444437
-0.984418 -0.138754 0.108025
0.163508 0.528551 0.833006
0.505584 -0.25058 0.825588
-0.332384 -0.0752438 0.940138
0.362985 0.587587 0.723176
0.723007 0.0892774 0.685048
-0.326314 0.561958 0.760081
-0.885944 -0.147539 0.4397
-0.178988 -0.697614 0.693757
-0.306111 0.949856 0.0637862
0.528215 -0.731427 0.431282
-0.521141 -0.70893 0.475216
-0.0222739 0.719471 0.694165
0.737173 -0.4157 0.5327
0.0891258 -0.991263 0.0972331
0.969506 -0.046731 0.240573
-0.251724 0.88283 0.396542
-0.365963 -0.88859 0.276549
0.891519 -0.0328185 0.451793
-0.779611 -0.599341 0.181654
-0.764204 -0.140195 0.629554
-0.807079 -0.0439013 0.588809
-0.569947 0.690746 0.445005
0.359928 0.887624 0.287361
-0.318449 0.26052 0.911438
0.799494 0.539515 0.264068
-0.780754 -0.239027 0.577313
0.643414 -0.585754 0.49286
-0.908834 0.147738 0.390121
0.497703 0.779293 0.380781
0.361653 -0.768435 0.527935
-0.689016 -0.185815 0.700521
-0.785062 -0.336394 0.520112
0.53939 0.00102927 0.842055
-0.51003 0.604979 0.611449
-0.38404 -0.919658 0.0821141
0.841683 0.516094 0.158799
0.0820246 0.821759 0.563901
-0.485474 -0.87 0.0861082
0.92288 0.258724 0.285226
0.545378 0.549027 0.63335
0.817575 0.189723 0.54367
-0.509571 0.820925 0.25772
0.789971 -0.583669 0.187818
-0.23083 0.533739 0.813536
-0.634951 -0.375085 0.675387
0.324258 -0.3783 0.867032
0.0521135 0.148935 0.987473
-0.445853 -0.698077 0.56027
0.157597 -0.856427 0.491625
0.293314 -0.901836 0.317267
0.325169 0.945655 0.00145722
-0.380285 -0.501245 0.777262
0.172168 0.702952 0.690085
0.126575 -0.48671 0.864345
-0.46666 -0.83777 0.283495
0.429786 0.902931 0.000535785
0.722689 -0.108402 0.68262
-0.0823512 -0.664914 0.742367
-0.734206 0.529534 0.424894
0.240193 0.261189 0.934927
-0.671954 0.354064 0.650474
-0.51422 0.856109 0.0515392
-0.280207 -0.649176 0.707146
0.139917 -0.0503872 0.98888
0.93665 -0.0372393 0.348282
-0.329626 0.466654 0.820719
0.957844 0.15881 0.239406
0.853157 -0.501967 0.141957
-0.133364 0.272697 0.952812
-0.595323 0.531363 0.602698
-0.968541 0.228961 0.0974963
-0.316329 0.650466 0.690528
0.15712 0.430492 0.888814
-0.301557 0.798097 0.521637
0.263763 -0.820766 0.506727
-0.401632 0.746383 0.530664
0.635839 -0.744447 0.203732
0.378693 -0.925109 0.0276714
-0.971412 0.048764 0.232339
0.99537 0.0525911 0.08045
-0.0881917 -0.979604 0.180551
-0.182281 -0.520889 0.833936
0.218674 0.853946 0.472185
-0.038228 0.447509 0.893462
0.610404 0.638017 0.469406
0.999104 -0.0395366 0.0151093
-0.210287 0.782273 0.586369
0.814832 0.464075 0.347394
0.135686 0.0728689 0.988069
0.271661 0.652304 0.707601
0.822877 0.379992 0.422468
0.766829 -0.0107009 0.641763
-0.74226 0.445778 0.500332
-0.891931 -0.243805 0.380813
-0.28097 -0.466061 0.838953
0.66431 0.742073 0.089554
-0.838341 0.0542974 0.542435
0.618984 -0.665684 0.416801
0.0349711 -0.330938 0.943004
0.320865 0.076727 0.944012
-0.610103 0.0478994 0.790873
0.41481 -0.518329 0.747842
-0.412022 0.909355 0.0575472
0.556364 -0.655748 0.510346
-0.808184 -0.519158 0.278054
0.449007 0.700211 0.555066
0.749695 0.189672 0.63402
-0.259877 -0.927034 0.270318
-0.0278392 0.636545 0.770737
-0.261829 -0.368195 0.89212
-0.426728 -0.119529 0.896446
-0.226613 0.326069 0.917783
0.328318 -0.271802 0.904616
-0.667772 -0.737729 0.0991743
0.260539 0.471412 0.84255
0.491722 -0.799004 0.346123
-0.346758 -0.196659 0.917106
0.79354 -0.123423 0.595871
0.858865 0.0730764 0.506963
0.0412435 -0.105271 0.993588
0.928244 -0.331616 0.168506
0.0400129 -0.220463 0.974574
0.898311 -0.333916 0.285549
0.612095 -0.0665071 0.787983
0.461636 0.534634 0.707855
0.594507 -0.281138 0.753341
0.348845 0.752414 0.558731
-0.442105 -0.230585 0.866818
-0.947586 0.146422 0.283973
0.414865 0.122896 0.901545
0.760704 0.471292 0.446333
0.520135 0.260626 0.813347
-0.663239 0.254763 0.703712
0.738109 -0.666889 0.102245
0.238293 -0.101043 0.965923
0.461926 -0.716591 0.52261
0.967976 0.243476 0.0611709
-0.564969 -0.0504099 0.82357
0.543452 0.45676 0.704294
-0.426645 -0.886072 0.181248
-0.559899 -0.774744 0.293744
-0.602112 0.756074 0.256541
-0.400862 -0.835717 0.37535
0.608685 0.274317 0.744482
-0.496555 -0.776805 0.387308
0.971842 -0.145648 0.18523
0.843743 -0.420289 0.333849
-0.730698 0.66675 0.146714
-0.232539 0.435619 0.869576
0.944809 -0.142687 0.294917
0.618693 0.373466 0.691189
-0.202672 -0.963973 0.17228
-0.221044 0.707932 0.6708
