-0.688811 0.490022 0.534245
0.468581 0.603298 0.64534
-0.177765 0.184788 0.966568
0.647857 0.0591579 0.759461
-0.186708 0.873845 0.448926
0.551357 -0.350537 0.757053
-0.665957 -0.307286 0.679762
-0.726314 0.581261 0.366883
-0.930456 0.133352 0.341275
0.0749649 -0.548345 0.832885
0.589574 0.241164 0.770871
0.186123 -0.292343 0.938027
0.854214 -0.467839 0.226814
0.222405 0.484463 0.846068
-0.817701 0.410217 0.403841
0.26282 0.676627 0.687824
-0.918124 -0.162649 0.361378
-0.917252 -0.259109 0.302507
0.449029 -0.69225 0.564945
0.414833 0.908021 0.0584033
-0.68163 -0.397885 0.614059
-0.81713 -0.571135 0.0781246
0.584763 0.446068 0.677551
-0.388196 0.917017 0.0915666
0.37761 -0.176614 0.908965
-0.236501 0.9337 0.268832
-0.212913 -0.383397 0.898707
0.782698 -0.569107 0.251994
-0.808493 -0.190927 0.556674
-0.092241 0.00896482 0.995696
0.473858 -0.0180747 0.880416
-0.0772136 0.351896 0.932849
-0.219539 -0.578526 0.785564
0.611128 -0.633709 0.474274
0.284186 -0.352698 0.89154
0.454922 0.858083 0.238201
0.606082 0.742149 0.286147
0.0866488 -0.346897 0.933892
-0.84393 -0.509212 0.168779
-0.962647 0.144557 0.228942
0.0275856 0.500776 0.865137
0.541894 -0.247768 0.803095
0.671628 -0.636688 0.378872
-0.621985 0.740379 0.2549
-0.6183 -0.761438 0.194725
0.817088 -0.470245 0.333522
-0.487672 0.866226 0.108761
-0.341394 0.895336 0.286047
0.390482 0.568321 0.724248
-0.283175 0.955999 0.0766726
0.2857 -0.013138 0.958229
-0.7468 -0.553146 0.369214
-0.736379 0.651502 0.182458
-0.585006 -0.716947 0.37915
0.783959 -0.616582 0.0723586
0.209192 0.965614 0.154367
-0.128055 0.960235 0.248093
0.0908215 -0.122759 0.988272
-0.433374 -0.628223 0.64616
-0.480803 -0.871347 0.0978972
0.0123062 0.183333 0.982974
-0.369472 0.072963 0.926373
0.667909 0.741025 0.069133
-1.11022e-16 0.866025 0.5
-0.132778 0.776769 0.615629
0.692959 -0.667585 0.272283
0.223851 0.872666 0.433987
-0.232244 -0.808749 0.540358
0.983134 -0.15095 0.103256
-0.28831 -0.0979013 0.952519
-0.0249765 -0.680174 0.732625
0.63606 -0.0527532 0.769834
-0.0815415 0.244048 0.966329
-0.699316 0.395565 0.595388
0.462388 -0.611105 0.642455
0.627456 -0.266402 0.731662
0.707648 -0.280257 0.648606
0.0362377 -0.982703 0.181608
-0.271873 0.45397 0.848526
0.204806 0.16581 0.964656
0.304336 0.947707 0.096076
-0.811901 -0.461354 0.357727
-0.204548 -0.277979 0.938556
0.805367 0.21134 0.553823
-0.451945 0.530357 0.717264
-0.798174 0.499289 0.33709
0.972426 0.144427 0.183107
0.652129 0.47438 0.591347
0.15228 -0.971343 0.182494
-0.350282 0.592476 0.725448
-0.414095 -0.890814 0.187015
-0.979721 -0.137395 0.145843
0.540509 -0.62596 0.56216
0.383184 0.908471 0.166888
0.0755184 -0.639035 0.765462
0.69246 -0.180065 0.698624
-0.0226341 -0.996032 0.086071
0.586897 -0.710979 0.387376
-0.368394 0.846512 0.384322
-0.608504 -0.487916 0.625828
-0.964502 0.256599 0.0623964
0.278422 -0.640494 0.715715
-0.335252 -0.684268 0.647598
-0.238364 -0.739545 0.629488
-0.0777809 -0.926615 0.367879
0.538097 0.631888 0.557825
0.204726 -0.865506 0.457151
-0.860866 0.417057 0.291501
-0.51408 0.830922 0.212814
-0.0261296 0.805615 0.591862
-0.137864 -0.855399 0.499285
0.610831 -0.162795 0.774844
-0.293885 -0.20902 0.932707
-0.0843705 0.12508 0.988553
0.606621 -0.743669 0.281012
-0.621605 0.473969 0.623668
0.623014 -0.777249 0.0879667
0.49522 0.510018 0.703306
-0.526413 -0.564996 0.63535
-0.764131 0.0966771 0.637775
0.100069 -0.0047687 0.994969
0.379922 -0.0644762 0.922769
-0.459748 0.433542 0.775031
0.596692 0.344163 0.724921
0.115662 0.877008 0.466347
0.113034 0.231737 0.966189
0.572013 -0.798763 0.18649
0.551706 -0.540476 0.635221
0.326402 -0.941021 0.0891133
0.369767 0.656848 0.657132
-0.275139 0.243607 0.930029
0.509534 0.860231 0.0194345
-0.0791223 0.900713 0.427149
-0.367624 0.498187 0.785278
0.892623 0.429889 0.135721
0.667944 0.375022 0.642813
0.417893 0.471858 0.776348
-0.261655 -0.961226 0.0870646
0.857371 0.121876 0.500061
-0.33086 -0.758019 0.562085
0.285407 -0.125854 0.950107
-0.369698 0.184862 0.910576
0.939275 0.238853 0.246397
-0.158875 0.923076 0.35027
0.626019 -0.551955 0.55086
-0.930613 0.343619 0.126036
-0.515893 -0.716943 0.468878
-0.314283 0.759973 0.568918
-0.587702 -0.0932239 0.803689
0.19061 -0.0705132 0.97913
-0.333768 -0.602176 0.725247
-0.354568 -0.891152 0.283073
-0.650939 -0.207316 0.730273
0.248308 -0.794756 0.553811
0.327249 -0.816359 0.475885
0.874741 -0.377818 0.30345
0.294976 0.0992122 0.95034
0.691955 0.673613 0.259698
-0.176557 0.298277 0.938008
-0.00536263 -0.181876 0.983307
-0.0699136 0.552805 0.830373
-0.742531 -0.304286 0.596706
-0.200258 -0.962704 0.181928
-0.537897 0.145117 0.830427
0.686751 0.582955 0.434208
0.992247 0.0454197 0.115685
-0.187935 -0.0493089 0.980943
-0.0638992 0.643295 0.762947
0.973077 0.0402666 0.226936
-0.580021 -0.305321 0.755218
-0.388986 0.781981 0.487028
-0.120633 -0.540138 0.832886
-0.746876 -0.659019 0.088713
0.374749 -0.908303 0.185876
-0.14881 0.691954 0.706438
0.434327 0.809072 0.395933
-0.498698 -0.389748 0.774207
0.146364 0.91902 0.366031
-0.170768 0.50441 0.84641
0.900717 -0.434321 0.00857605
0.555332 -0.448277 0.700467
0.196165 0.0525598 0.979161
0.925127 -0.279851 0.256561
-0.952998 0.245055 0.178168
-0.672304 -0.637878 0.375658
-0.383606 -0.143413 0.912293
0.188806 -0.182606 0.964887
0.366749 -0.671282 0.644109
0.768886 0.598632 0.224622
0.289257 0.930229 0.22584
-0.106244 -0.230231 0.967319
-0.309158 -0.932731 0.185565
0.765716 -0.474202 0.434523
0.0813473 -0.450498 0.889064
0.847714 -0.52891 0.0404257
0.746138 0.664539 0.0408325
-0.122728 -0.632871 0.764468
0.674185 0.271186 0.686973
0.660347 -0.728378 0.182775
0.194194 0.824342 0.531742
0.629976 0.567074 0.53062
-0.920962 0.0310829 0.388411
-0.976206 -0.0458089 0.211953
0.175523 -0.499207 0.848519
-0.61096 -0.570568 0.548799
0.749029 -0.556741 0.359159
0.706881 -0.380435 0.596312
0.496586 0.20375 0.843735
0.147463 -0.915758 0.373686
0.4704 -0.522004 0.711503
0.121983 0.988771 0.0863293
0.964069 -0.156722 0.214495
0.836922 0.515328 0.184388
-0.996665 0.0655378 0.0486251
0.48896 0.862485 0.130531
0.956123 -0.250493 0.151927
-0.369893 0.294018 0.881324
-0.0734436 0.455261 0.887324
0.30955 0.317773 0.896214
0.505549 0.71297 0.485895
-0.332169 0.678844 0.654855
0.218147 0.9755 0.0284749
-0.238555 -0.66138 0.711103
-0.639149 0.271195 0.719682
0.284558 -0.237614 0.928744
0.766626 -0.188562 0.613783
-0.415663 0.887874 0.197241
0.362371 0.8831 0.298029
0.17243 -0.679601 0.713029
-0.312614 0.932062 0.183121
0.692871 -0.557564 0.457223
-0.0247154 -0.961317 0.274334
0.494954 -0.776645 0.38967
0.936358 0.341795 0.0800651
0.479544 -0.172877 0.86032
0.968068 0.249646 0.0228471
0.633363 -0.367309 0.681128
-0.137299 -0.951559 0.275109
0.060526 0.951921 0.300304
0.663756 0.166845 0.729103
0.577145 0.134319 0.80552
0.732819 0.396657 0.552846
-0.0653885 0.997263 0.0345001
-0.40357 -0.356744 0.842535
0.548235 -0.0878286 0.8317
0.795856 0.594473 0.114958
-0.180881 -0.896965 0.403406
-0.184203 0.0727882 0.980189
0.887774 -0.282772 0.363177
-0.0248863 -0.593143 0.804712
-0.175126 0.982875 0.0573384
-0.583693 0.0436322 0.810801
-0.291471 0.835211 0.466334
0.921938 0.33639 0.192019
0.178657 0.94844 0.261808
-0.048954 0.943723 0.327095
-0.370054 0.398821 0.839048
-0.944093 -0.0590886 0.324342
0.598711 0.652858 0.464028
-0.140976 -0.712975 0.686872
0.415677 0.372321 0.829813
0.941257 0.0318427 0.336186
-0.683085 -0.565694 0.461937
-0.657619 -0.020279 0.753077
0.203088 -0.938848 0.278064
0.0437909 0.999026 0.00538648
-0.0445316 -0.829101 0.557323
0.833663 0.424775 0.352948
-0.98507 0.0556221 0.162922
-0.981096 0.157 0.113147
-0.770862 0.580161 0.263032
0.726166 0.0851204 0.68223
0.510658 0.410857 0.755265
0.563414 0.0240013 0.825826
-0.910829 -0.344869 0.226841
0.302437 0.809833 0.502696
0.908888 0.119673 0.399502
0.984744 -0.0561243 0.164709
-0.885475 0.119609 0.44903
0.408237 0.268011 0.872647
-0.64559 0.657195 0.388984
-0.265368 0.890525 0.369519
-0.521209 -0.477849 0.707108
0.35092 -0.7483 0.56294
0.390769 0.0479548 0.919239
-0.288971 -0.881032 0.374537
0.396474 -0.832048 0.38795
-0.392177 -0.835956 0.383895
0.133327 0.632774 0.762772
-0.368749 -0.925221 0.0893896
0.476553 -0.859245 0.185998
0.740766 0.190523 0.644179
0.375139 -0.395425 0.838398
-0.406863 -0.0328255 0.912899
-0.819588 -0.376458 0.43192
-0.582731 0.649913 0.487892
0.18109 -0.398345 0.899182
0.092213 0.976527 0.194656
-0.969062 -0.231832 0.0846964
0.860616 0.226035 0.456342
0.12671 0.542507 0.83044
-0.267771 0.550848 0.790484
0.0309209 0.595642 0.802655
-0.109479 -0.338936 0.934418
-0.777753 0.200664 0.59568
0.802927 0.314009 0.506663
0.265981 -0.722135 0.638573
0.104744 0.118477 0.987417
-0.829137 0.528991 0.180833
-0.3136 -0.516862 0.796561
0.935111 -0.342713 0.0900822
-0.649331 -0.704228 0.28711
-0.48447 0.721944 0.49405
0.908282 0.223079 0.353921
0.64149 0.74598 0.178898
-0.273449 0.351192 0.895483
-0.810611 -0.292544 0.507275
0.0964156 -0.991587 0.0863685
-0.139638 -0.786746 0.601275
0.717327 -0.0699599 0.693215
0.0192856 0.29395 0.955626
0.330681 0.853641 0.402426
-0.247592 -0.927467 0.280184
0.0587412 0.758146 0.649434
0.140914 -0.828095 0.542588
0.0914912 -0.9566 0.276669
0.883644 -0.452851 0.11874
-0.91497 -0.38488 0.121234
0.232515 0.755377 0.612651
-0.778535 -0.101754 0.619297
0.0850469 0.823424 0.561017
0.959721 0.246124 0.135492
-0.781088 0.302292 0.54637
-0.607685 0.564979 0.558137
-0.702429 -0.686203 0.188995
0.998715 0.0505891 0.00298029
0.708925 -0.700177 0.0847155
0.777824 0.000188024 0.628483
0.52296 -0.704143 0.480307
-0.525766 -0.64455 0.555091
-0.935073 0.354194 0.013612
-0.000269639 -0.0566465 0.998394
-0.92827 0.233684 0.289319
-0.0285187 -0.886717 0.461433
-0.00927172 -0.291588 0.956499
-0.688345 0.0834974 0.720562
-0.0210602 -0.498636 0.866556
-0.991039 -0.12925 0.0336988
-0.484586 -0.149318 0.861905
-0.545052 0.361824 0.756307
-0.799753 -0.535727 0.270911
-0.893755 0.443083 0.0698487
-0.870918 0.0157699 0.491176
0.316655 0.51885 0.794056
-0.73579 -0.202872 0.646108
-0.53572 0.784097 0.313363
-0.83059 0.105494 0.546801
0.562167 0.729555 0.38951
0.378957 -0.493694 0.782725
-0.839651 0.208612 0.501466
-0.401653 -0.250456 0.880878
-0.763534 0.405114 0.502891
0.873039 -0.0890738 0.479446
-0.109533 0.843572 0.525726
-0.215424 0.809664 0.545927
0.898343 0.0134052 0.43909
-0.753017 -0.47739 0.452839
-0.278905 0.014452 0.96021
-0.0430193 -0.757124 0.651854
0.441624 0.688129 0.575714
-0.868424 -0.276616 0.411489
-0.625227 0.167447 0.762268
0.0129792 0.993186 0.115819
-0.51838 -0.832149 0.197005
0.432043 -0.897443 0.0890752
0.463433 -0.326413 0.823823
0.217878 0.383849 0.897323
-0.0971115 0.985052 0.142275
0.703702 -0.472394 0.530705
-0.778789 -0.600848 0.180193
-0.173564 0.403981 0.898151
0.853192 0.327086 0.406297
0.743189 0.294781 0.600645
-0.206013 0.964623 0.1645
0.895531 0.327277 0.30152
-0.507852 0.643849 0.572315
-0.664174 0.732298 0.150374
0.831715 -0.190697 0.521427
-0.54122 0.462497 0.702266
0.824793 -0.545209 0.149878
0.311802 -0.908037 0.279729
0.265403 -0.946399 0.184092
-0.317698 -0.824578 0.468124
-0.912748 0.332688 0.237086
0.416124 -0.864626 0.281538
0.023793 0.399797 0.916295
-0.994552 -0.0362125 0.0977501
0.302729 0.210038 0.929645
0.291994 -0.875071 0.385992
0.514628 -0.809267 0.283276
-0.507097 -0.038578 0.861025
0.921707 -0.0893531 0.377455
-0.8842 0.43031 0.181725
-0.877032 -0.475878 0.065998
0.87185 0.423162 0.2466
0.929707 -0.185302 0.318289
-0.748743 0.496928 0.438687
-0.793895 0.599761 0.100083
-0.900902 -0.0729006 0.427856
-0.713988 0.291385 0.636645
-0.442148 0.845743 0.298703
0.0370403 0.682185 0.730241
-0.557485 -0.778469 0.288439
0.428135 -0.765616 0.480138
0.969091 -0.243458 0.0398858
-0.0964402 -0.115188 0.988651
-0.430216 -0.543447 0.720818
0.788063 0.413805 0.455765
0.633397 -0.462933 0.620081
0.485946 0.0940966 0.868909
0.506239 0.309458 0.804959
0.377302 -0.585802 0.717272
-0.859817 -0.440956 0.257433
0.0908164 -0.238866 0.966797
0.837553 -0.288014 0.464277
-0.461875 0.223986 0.858197
0.375065 -0.286253 0.881695
-0.600122 -0.398052 0.693836
-0.145918 -0.985593 0.0855221
0.804976 0.516034 0.292784
0.469646 -0.427014 0.772717
0.946455 0.136049 0.29277
0.959562 -0.0612287 0.274757
-0.310014 -0.419208 0.853321
-0.530243 0.556138 0.639963
-0.455728 -0.841345 0.290605
0.723607 0.673445 0.151213
-0.67074 0.577653 0.465216
-0.0481432 0.734192 0.677233
-0.0184767 0.974695 0.222774
-0.430693 -0.705079 0.563354
-0.576185 -0.810898 0.102254
0.869491 0.491971 0.0441703
-0.685206 -0.485578 0.542869
0.512626 0.7987 0.315109
0.340216 0.737384 0.583539
0.400024 0.15934 0.902547
0.24058 0.597249 0.765124
0.566052 0.542325 0.620861
-0.556494 0.724338 0.407001
0.79714 0.106183 0.594384
0.27973 -0.455619 0.845082
-0.944596 -0.326967 0.0288257
-0.604302 -0.646635 0.465491
-0.959247 0.0434044 0.279215
-0.463932 0.789029 0.402741
-0.882093 0.320128 0.345586
-0.40902 -0.456668 0.790036
0.813488 0.581567 0.00408279
-0.872193 -0.358079 0.333256
-0.838383 0.308789 0.44918
-0.552258 0.253767 0.794111
-0.647206 0.761133 0.0424319
0.530952 -0.842787 0.0883205
0.281836 -0.55142 0.785178
-0.725878 0.684382 0.0687185
0.0302982 0.914837 0.402685
0.213326 -0.973063 0.0874081
0.123263 0.444795 0.88711
0.651611 0.665015 0.364909
-0.0145887 -0.39788 0.917321
-0.490817 -0.287813 0.822352
-0.580742 0.804354 0.125515
0.0351872 -0.928189 0.370442
0.0081205 0.060855 0.998114
0.119213 0.34132 0.932357
0.745412 -0.643165 0.17521
-0.955349 -0.148129 0.255669
-0.559969 0.828338 0.0170521
-0.706323 0.188329 0.682378
0.812844 -0.0930045 0.575008
0.997318 -0.050972 0.0525207
0.551436 0.808035 0.207361
0.713005 0.4935 0.498077
-0.729755 -0.624045 0.279331
0.176767 -0.59303 0.785537
0.0523377 -0.794932 0.604436
-0.41863 -0.774182 0.474753
-0.196724 -0.162525 0.966895
0.907033 -0.373048 0.19526
-0.756566 -0.390248 0.524704
0.315734 0.420889 0.850391
0.0704498 -0.721717 0.688593
-0.45964 0.33163 0.823864
0.763819 0.50797 0.39818
-0.627949 0.376774 0.680971
-0.217639 -0.484049 0.847543
-0.232749 0.730902 0.641568
0.257351 0.907549 0.331851
-0.116907 -0.442253 0.889238
-0.249554 0.64367 0.723472
-0.471942 0.0672982 0.879057
-0.869108 -0.175708 0.462361
-0.276945 0.132706 0.951678
-0.949974 -0.243609 0.195457
-0.845113 0.534061 0.0237218
0.159669 -0.759597 0.630491
-0.562937 -0.203454 0.801067
-0.889631 0.221135 0.39957
-0.702813 -0.110779 0.702697
-0.0837904 -0.980135 0.179762
0.406686 0.76659 0.496938
0.155444 0.711746 0.685022
0.580477 0.809161 0.0911351
-0.310269 -0.314964 0.896956
0.212242 0.277331 0.937038
-0.694409 0.659826 0.287098
0.0844303 -0.883062 0.461599
-0.844374 -0.0875201 0.528558
0.886761 -0.186784 0.422809
0.986272 0.149066 0.0710457
0.732951 0.593955 0.331663
0.82874 -0.384701 0.406443
0.777213 -0.28729 0.559825
-0.738008 -0.00708985 0.674754
0.772503 -0.385694 0.50446
-0.411877 0.703851 0.578749
-0.165472 0.598414 0.783913
-0.491994 -0.783085 0.38042
-0.432333 0.621468 0.65335
-0.809218 0.00225902 0.587504
0.843042 0.0162535 0.537602
-0.664722 -0.741192 0.0937001
