-0.630361 0.71535 0.301527
0.904406 -0.104818 0.413598
0.201054 0.794356 0.573215
0.781913 0.0155544 0.623193
-0.874881 0.203125 0.439686
0.69054 -0.617294 0.376964
0.989928 -0.0413403 0.135401
-0.917515 -0.203934 0.341435
0.16192 -0.881435 0.443683
-0.840828 0.382727 0.382791
0.193338 0.643776 0.740387
0.645223 0.703544 0.297846
0.357228 0.410291 0.839077
-0.505949 -0.398655 0.764911
-0.781081 0.62432 0.0116772
-0.607783 0.78868 0.0926435
0.289632 0.940872 0.175708
0.185141 -0.954882 0.232214
0.00259991 0.251717 0.967797
0.041176 -0.522255 0.851795
0.950874 -0.216248 0.22153
-0.766254 -0.575606 0.285539
-0.00578197 0.916835 0.399224
0.51532 -0.174862 0.838969
-0.716185 0.569092 0.403996
0.126433 -0.250403 0.959851
-0.990396 -0.0123683 0.137706
0.0954907 0.891632 0.442577
-0.529316 -0.496387 0.688059
-0.960309 0.14198 0.240101
-0.709927 -0.52821 0.465831
-0.146184 -0.427649 0.892046
-0.980247 -0.191551 0.0492305
-0.19566 0.898591 0.392748
-0.298208 0.796667 0.525731
0.994898 -0.0943463 0.0357189
0.462593 -0.543046 0.700792
-0.155264 -0.888784 0.431226
0.0703613 -0.345519 0.93577
0.927016 0.176458 0.330915
-0.180341 -0.765498 0.617648
0.152706 -0.0663109 0.986044
0.497569 0.233671 0.835358
0.375332 0.121516 0.918891
-0.94187 -0.0952731 0.322185
0.968512 0.244918 0.0447248
0.268364 0.124957 0.955179
0.827199 -0.263589 0.496249
0.812085 0.112038 0.572682
0.31132 -0.938676 0.148214
0.527661 0.330696 0.782441
-0.634318 -0.545202 0.548083
0.363943 -0.544197 0.755907
-0.599024 -0.384415 0.702421
-0.137536 -0.934177 0.329237
-0.692253 0.69168 0.205827
-0.987275 0.154265 0.0385955
0.206128 -0.970849 0.122325
0.536435 0.822954 0.187041
-0.366155 -0.572934 0.733265
0.492324 -0.617535 0.613407
-0.0369156 0.983524 0.176969
0.114588 0.236874 0.964759
0.649425 0.583168 0.488018
0.635649 0.422457 0.646128
0.773087 0.313605 0.551352
0.76381 -0.621273 0.174971
0.187467 0.555196 0.810317
0.739074 -0.47478 0.477864
0.82674 -0.479814 0.293733
-0.106552 0.761378 0.639492
0.792409 0.532576 0.297406
-0.543046 -0.592711 0.594807
-0.323 0.938695 0.120508
-0.036472 -0.141021 0.989335
-0.366679 -0.103019 0.924626
0.987499 0.0735815 0.139399
0.815853 -0.571547 0.087853
0.233715 -0.972222 0.0127447
-0.900651 0.0941878 0.424214
0.206084 0.722318 0.660141
-0.829907 -0.482377 0.280296
-0.897954 -0.122992 0.422554
-0.840818 -0.148083 0.520669
-0.00778627 0.958981 0.283364
0.289868 -0.361785 0.886052
-0.69198 0.323628 0.645313
0.559553 0.777232 0.287768
0.223528 -0.450641 0.864267
0.125759 -0.991245 0.0402142
-0.279676 -0.716202 0.639403
0.979257 -0.15615 0.129123
-0.390665 0.20107 0.898305
0.968266 -0.10246 0.227954
-0.645799 0.584669 0.491025
-0.374809 -0.922779 0.0894207
0.714172 -0.41019 0.567188
0.47683 0.128 0.869626
0.65092 -0.503836 0.56785
-0.109511 0.262608 0.958668
-0.775062 -0.508058 0.375708
-0.101426 0.934344 0.341635
0.00210637 -0.429448 0.903089
-0.867987 -0.0414709 0.494853
0.854583 -0.324745 0.40525
0.431882 -0.456591 0.777819
-0.0727965 0.48256 0.872832
-0.633978 -0.619493 0.462926
0.62046 -0.742829 0.251465
-0.859326 -0.504561 0.0835301
0.571035 0.591781 0.56896
0.106982 0.768245 0.631153
0.394392 -0.365258 0.843233
-0.00545568 0.7324 0.680853
-0.559208 0.731047 0.390968
-0.632124 -0.771382 0.0734034
-0.231005 -0.484562 0.843704
0.644256 -0.259394 0.719478
0.847087 0.384358 0.367033
-0.917671 -0.0141882 0.397088
0.051381 -0.882687 0.467144
0.0949432 0.693029 0.71463
-0.542825 -0.668777 0.508014
0.906169 -0.422808 0.00955677
-0.368271 -0.73341 0.57139
-0.707918 0.63379 0.31171
0.246588 -0.265368 0.932081
0.288935 0.864269 0.411772
0.942204 0.237065 0.236751
-0.985319 0.100525 0.137989
0.759472 0.642304 0.103185
0.920438 -0.324994 0.217192
0.719854 0.566727 0.400787
-0.0054436 0.561245 0.827632
-0.781444 0.476844 0.402449
-0.178061 0.17332 0.968635
-0.326436 0.945188 0.00773908
-0.453315 -0.739767 0.497242
-0.833207 -0.411353 0.369533
-0.323601 -0.9033 0.28166
-0.608224 0.767212 0.203593
0.934172 -0.160768 0.318555
0.920458 -0.373503 0.115124
0.417738 -0.696818 0.583043
-0.159796 -0.833137 0.529479
0.904464 0.342033 0.254868
0.450811 -0.804193 0.387355
-5.55112e-17 0.866025 0.5
-0.27782 0.472273 0.836525
-0.7155 0.495724 0.492258
0.787981 -0.19774 0.583082
-0.764936 0.606032 0.218172
0.212138 -0.69867 0.68327
0.668889 -0.740618 0.0638092
0.0171087 -0.997352 0.0706871
-0.66853 0.228043 0.707859
-0.99837 0.0418026 0.0388482
0.531169 -0.73362 0.423865
-0.427032 0.303676 0.851719
-0.772974 -0.43449 0.462309
0.436284 -0.755724 0.488402
0.294578 -0.626542 0.721574
-0.16772 -0.985507 0.0254357
-0.0453465 -0.334299 0.941375
0.82231 0.214858 0.526917
0.990281 0.132356 0.0427289
0.783332 0.398295 0.477234
0.29414 0.808403 0.509868
-0.723262 -0.684345 0.0925415
-0.672013 -0.71626 0.188071
-0.569049 -0.296614 0.766944
0.0898684 0.607969 0.788858
-0.96318 0.263973 0.0510155
-0.305676 0.727228 0.614575
-0.00688794 -0.67981 0.733356
0.0754788 -0.96313 0.258232
0.259117 0.236037 0.93656
0.0971795 -0.984004 0.149309
0.398189 0.669301 0.627281
-0.223104 -0.658711 0.718557
0.714175 0.412556 0.565466
-0.486155 0.666648 0.565007
0.848594 0.499856 0.173297
-0.347832 0.0928734 0.932946
0.57226 0.132643 0.809274
-0.450138 0.105682 0.886683
0.196478 0.855825 0.478497
0.386246 0.591168 0.70805
-0.422397 -0.853595 0.304889
0.788179 -0.373616 0.489066
-0.155086 -0.562176 0.812347
0.570961 0.66435 0.482331
0.619894 -0.435773 0.652559
0.104266 -0.690363 0.715911
-0.349335 0.875834 0.332987
-0.231228 0.970862 0.0629402
-0.303526 -0.400447 0.864589
-0.880897 -0.309545 0.358053
0.113526 -0.442577 0.889516
-0.520299 -0.206351 0.828679
-0.0984156 -0.232981 0.967489
0.71735 -0.188278 0.67079
-0.817967 -0.544208 0.18646
-0.303785 0.649742 0.696814
-0.13084 0.96283 0.236305
0.699424 0.325665 0.636199
0.879871 0.200848 0.430682
-0.683395 -0.373066 0.62753
-0.336709 -0.48995 0.804099
0.9782 -0.20582 0.0276218
0.429881 0.0239003 0.902569
0.249707 0.397938 0.882775
-0.1117 0.68357 0.721287
-0.776614 0.400875 0.485973
-0.459772 -0.668428 0.584649
0.146467 -0.827618 0.541845
-0.417082 0.906405 0.0668727
-0.566813 0.665325 0.485866
0.00634984 0.804171 0.594364
0.608576 -0.167972 0.775513
0.812873 -0.429147 0.39379
0.7689 -0.575653 0.278237
-0.621201 -0.467409 0.628997
-0.807534 -0.255525 0.531597
-0.893682 0.355219 0.274138
-0.54676 -0.836427 0.0380058
-0.882829 -0.382865 0.27208
0.0534424 0.992527 0.109699
-0.469104 -0.0908202 0.878461
-0.29617 0.562939 0.771611
-0.100569 0.886069 0.452513
-0.423166 -0.193859 0.88507
-0.0701876 -0.50501 0.860255
0.270233 -0.916244 0.295754
0.596135 0.797294 0.0945834
-0.878438 0.470864 0.0814425
-0.468912 0.798097 0.378369
0.082681 0.972656 0.217035
0.956293 -0.266458 0.120433
0.45446 -0.873855 0.172753
0.259849 -0.541123 0.79979
-0.157492 -0.323009 0.933199
0.851746 -0.153381 0.501002
0.481006 0.594361 0.644491
0.747922 -0.660082 0.0700323
0.279072 0.49076 0.825393
-0.996531 -0.07193 0.0418639
-0.806758 -0.0617523 0.587646
-0.225702 0.930474 0.288577
0.878965 -0.429621 0.206992
-0.70106 -0.453597 0.55024
-0.624483 -0.686521 0.372439
-0.0421543 0.350383 0.935658
-0.0909816 -0.730203 0.677145
0.286427 0.582904 0.760383
-0.25029 0.377483 0.89155
0.617567 -0.701109 0.356451
-0.968517 -0.0137797 0.248567
-0.21898 0.278086 0.935262
0.47231 -0.0779142 0.877982
-0.868121 -0.230666 0.439498
0.557013 -0.528872 0.640336
-0.831759 0.304705 0.464038
0.67666 0.23393 0.698146
-0.888759 0.28279 0.360744
-0.642028 0.504024 0.57772
0.399399 -0.913085 0.0821983
0.455264 -0.844554 0.281894
0.759506 -0.527828 0.380195
-0.943891 0.0673115 0.323324
-0.206482 0.628245 0.750115
0.944057 0.297874 0.141516
0.415805 -0.174696 0.892518
0.178496 0.945531 0.272233
0.873422 -0.377791 0.30726
-0.613317 -0.192641 0.765984
0.380534 0.501698 0.776848
0.808191 -0.0865554 0.582525
-0.354483 0.390299 0.849711
-0.0845923 -0.0337018 0.995846
-0.134796 0.983521 0.120487
0.528021 -0.452632 0.718552
-0.48114 0.737932 0.473246
0.369793 0.896994 0.24219
-0.832121 0.516717 0.201442
-0.54796 0.114566 0.828622
0.603032 -0.653278 0.4578
-0.473113 -0.873421 0.115326
0.151724 0.986936 0.0541987
0.181221 -0.356252 0.916648
-0.471434 0.501534 0.725406
-0.816155 0.218194 0.535054
0.0355362 -0.825483 0.563308
0.181314 0.97 0.161941
-0.777962 0.54511 0.312457
-0.923264 0.177014 0.340954
-0.418528 0.890442 0.178738
-0.0310782 -0.594542 0.803464
0.188964 -0.620267 0.761289
-0.585651 0.210698 0.7827
-0.40981 0.000689076 0.912171
-0.115554 -0.649084 0.751889
0.563118 0.728689 0.389757
-0.888671 0.420781 0.182228
0.942165 0.0644879 0.328885
-0.749519 -0.634048 0.190274
-0.965758 0.211082 0.150849
0.907338 0.00795112 0.420327
0.697032 -0.662747 0.273703
-0.607819 -0.744288 0.276752
0.550356 0.422291 0.720263
0.932386 0.358421 0.0468126
0.431474 0.325129 0.841499
0.972487 0.185579 0.140818
-0.00956934 -0.982434 0.186364
-0.439421 -0.80225 0.404109
-0.765754 0.316208 0.56003
-0.257731 -0.850156 0.45914
0.353586 -0.268974 0.895896
-0.959163 -0.239828 0.149962
0.621036 0.0336029 0.783061
0.474201 0.796761 0.374573
-0.0446455 0.997553 0.0538029
0.872676 0.0985884 0.478243
0.213048 0.028773 0.976618
-0.610125 0.32356 0.723227
0.484404 0.73765 0.470346
0.681551 0.724118 0.105549
0.488929 0.668904 0.559925
-0.629137 0.41694 0.656009
-0.796333 -0.59819 0.0895644
0.279178 0.909304 0.308586
0.381348 0.856768 0.347163
0.366333 -0.899332 0.238749
-0.374432 -0.29563 0.878865
0.587314 -0.356756 0.72649
0.0141544 -0.242595 0.970025
-0.524644 0.305053 0.79479
0.944697 -0.0484011 0.324354
-0.203953 0.783692 0.586711
-0.270106 -0.788267 0.552882
-0.27267 -0.960302 0.0589157
-0.850485 0.0668908 0.521729
-0.258521 -0.115258 0.959105
-0.322455 0.917822 0.231571
0.139567 0.418596 0.897384
0.786216 0.475458 0.39472
0.947772 -0.318296 0.0203776
0.741272 0.119999 0.660391
-0.0656934 0.161732 0.984646
0.315714 -0.702151 0.638207
0.885667 0.45996 0.0634883
-0.140228 0.398338 0.906456
0.457324 0.419126 0.784339
-0.195632 -0.970493 0.140965
-0.4472 -0.894404 0.00734828
-0.407558 -0.400944 0.820452
0.90206 0.401368 0.15872
0.326048 0.315053 0.891311
-0.515339 0.852958 0.0829922
0.233723 -0.767809 0.596525
-0.325016 0.293049 0.899159
-0.240999 0.0794696 0.967266
0.189755 0.90631 0.377617
0.0717227 0.338057 0.938389
-0.373449 -0.655474 0.656422
0.370003 -0.0757693 0.925936
-0.791872 0.127067 0.597321
-0.705732 -0.599209 0.37801
0.423536 0.905676 0.0191884
0.329827 -0.456458 0.826354
0.0155495 -0.758179 0.651861
-0.0896614 -0.990206 0.107018
-0.26237 -0.570944 0.777936
-0.0553832 -0.864568 0.499454
0.49406 -0.363017 0.790015
0.500041 -0.863176 0.0698978
0.0563579 -0.929527 0.364421
0.101695 0.0368097 0.994134
-0.748946 0.652339 0.116335
0.300466 0.66487 0.683863
-0.388123 0.800112 0.457363
0.645446 0.651744 0.398283
-0.923467 -0.345815 0.166194
0.266586 -0.876253 0.401387
0.202263 -0.166774 0.965026
-0.688132 0.0171421 0.725383
0.464445 0.842845 0.27185
0.584753 -0.594125 0.55234
0.388407 0.805472 0.44761
0.963409 0.126064 0.236539
0.300196 0.741149 0.600483
0.528782 0.0299498 0.848229
-0.241459 -0.901464 0.359249
-0.638666 0.112204 0.76126
-0.221109 -0.941715 0.253543
0.70537 0.0242145 0.708426
0.364506 -0.864446 0.346222
-0.0711699 -0.802416 0.592507
-0.543016 0.78664 0.293822
-0.34234 -0.857271 0.384564
-0.955476 -0.171645 0.240008
-0.75957 -0.357142 0.543602
-0.543569 0.414654 0.729791
0.885303 -0.216184 0.411706
-0.707305 0.41183 0.574557
-0.453996 0.398703 0.796821
0.617241 0.331449 0.713551
-0.735048 -0.0772739 0.673597
0.75852 -0.306544 0.575046
0.55466 -0.267655 0.787854
0.873464 -0.475666 0.103936
-0.438243 -0.488535 0.754504
-0.496379 -0.839605 0.220616
-0.400085 -0.89463 0.19892
0.721789 0.492658 0.486115
-0.516582 -0.793473 0.321782
-0.116124 -0.96828 0.221243
-0.926742 0.370012 0.0651195
-0.587369 -0.790067 0.175475
-0.533277 -0.735745 0.417487
0.672741 -0.566257 0.476207
-0.60286 0.00137365 0.797846
0.538779 -0.779033 0.320663
0.336078 -0.76637 0.547475
-0.379639 0.483422 0.788782
-0.564473 -0.102783 0.819027
-0.69247 -0.662596 0.285398
-0.318258 -0.205124 0.925546
-0.56014 0.50644 0.655563
-0.825918 -0.335046 0.453435
-0.933485 0.250994 0.256141
-0.841317 0.453269 0.294505
0.0274424 -0.0482712 0.998457
-0.876051 -0.44751 0.179636
-0.698282 -0.182508 0.692166
0.100974 0.835324 0.540405
-0.982143 -0.125038 0.140572
0.972344 0.0124408 0.233223
0.158087 0.133464 0.978364
0.826681 -0.528917 0.19195
-0.0159813 0.056061 0.998299
0.625518 0.754434 0.198888
-0.391613 0.580678 0.713759
0.541093 -0.813523 0.213071
-0.925121 -0.279103 0.257396
0.647435 0.505646 0.57022
-0.490318 0.210238 0.845806
-0.509476 0.0131712 0.860384
0.909301 -0.270972 0.315825
0.352319 -0.820733 0.449743
0.710082 0.674261 0.202869
-0.209985 0.709996 0.67217
0.660866 0.12983 0.739189
0.329152 0.941691 0.0698381
0.0927065 0.511856 0.854054
0.166579 -0.925635 0.339782
0.893046 0.282493 0.350239
-0.174313 0.517614 0.83767
-0.293276 0.85449 0.428761
0.827625 0.555914 0.0774402
-0.517173 0.833534 0.194303
-0.933419 0.31838 0.165421
-0.689388 0.722604 0.0508641
-0.641305 0.65403 0.401215
-0.0504039 -0.915661 0.398779
-0.746309 0.226458 0.625891
-0.952083 -0.300836 0.0550996
0.0466154 0.149545 0.987655
0.396156 0.74202 0.540802
0.85504 0.442462 0.270432
-0.107186 0.597653 0.794558
0.783526 0.588437 0.199572
0.322742 0.0252009 0.946152
0.657857 -0.0695467 0.749925
-0.196061 -0.0234969 0.98031
0.56874 -0.0717463 0.819382
-0.356873 -0.800637 0.481271
0.722849 0.62152 0.301997
-0.911512 -0.405141 0.070757
-0.299426 -0.938463 0.172139
-0.267437 -0.305386 0.913902
0.680228 -0.340277 0.649231
-0.397567 0.735021 0.549258
0.025369 0.433938 0.900586
0.311026 -0.171763 0.934751
0.126829 -0.763722 0.632964
0.688416 -0.705268 0.169355
0.0878929 0.936606 0.339182
0.0761668 -0.149452 0.985831
0.395155 -0.628367 0.67008
0.998976 0.0197009 0.040728
0.398043 0.227989 0.888585
0.410689 0.901434 0.136935
-0.459257 -0.583207 0.670039
0.476457 0.508183 0.717454
-0.765128 0.0273586 0.643297
-0.30498 -0.012468 0.952277
-0.198462 0.846957 0.493232
-0.568609 0.589825 0.573402
0.252278 -0.827157 0.502162
-0.472968 -0.30891 0.825152
-0.818926 0.56509 0.100167
-0.48339 0.589005 0.647616
0.590562 0.23748 0.771259
0.737887 -0.0771523 0.670501
-0.227942 0.957121 0.178778
-0.0103027 0.650955 0.759046
0.183244 0.319505 0.929698
0.58644 -0.802468 0.110152
-0.148152 -0.125941 0.980913
0.0802532 -0.608214 0.789706
-0.0312052 -0.955101 0.294631
0.45589 -0.270564 0.847915
-0.13057 0.0693042 0.989014
0.840462 0.3054 0.447609
0.502667 0.860208 0.0858352
-0.446036 0.8499 0.280574
-0.0945216 0.829641 0.550238
0.724206 0.68955 0.0067746
-0.209389 -0.216871 0.95348
0.854527 -0.00508957 0.519381
0.152109 -0.532351 0.832746
-0.653867 -0.0881643 0.751455
-0.286357 0.187464 0.939605
-0.397852 0.661834 0.635365
-0.657137 -0.287662 0.696722
-0.774447 -0.16771 0.610004
-0.736961 -0.274027 0.617898
0.513758 -0.680711 0.522193
0.754587 0.22348 0.616973
0.263032 -0.0715393 0.962131
0.565289 0.510877 0.647652
-0.718548 0.129735 0.68327
