-0.64218 -0.318198 0.697391
-0.835288 0.449371 0.316795
-0.212063 -0.924094 0.317931
-0.10924 -0.334455 0.936059
-0.881735 -0.471366 0.018914
0.303515 -0.385563 0.871332
0.836022 0.52729 0.151765
0.515672 -0.69129 0.506163
-0.289302 -0.371152 0.882355
0.252274 -0.723817 0.64222
-0.691647 0.578285 0.432678
-0.484591 0.790241 0.375086
0.428317 0.223569 0.875535
-0.521626 -0.616399 0.58988
-0.709451 -0.456712 0.536743
-0.28809 0.648279 0.704797
0.478942 0.685034 0.548948
0.65525 -0.274319 0.703845
-0.92395 0.167485 0.343898
0.0757187 0.970241 0.23
-0.490493 -0.29013 0.821731
0.194503 0.7889 0.582928
0.130774 -0.601711 0.787935
-0.913351 0.27222 0.302797
0.359056 -0.889844 0.281527
0.531163 0.164829 0.831082
-0.0405869 -0.908872 0.415095
-0.0300485 -0.52701 0.849328
-0.381418 -0.842659 0.38006
0.55815 -0.797502 0.22904
0.594093 -0.114178 0.796252
0.407013 0.569782 0.713925
0.310631 -0.635375 0.70697
-0.881844 0.0310224 0.47052
-0.77322 0.0634056 0.63096
0.452774 0.879576 0.146089
0.883497 0.295483 0.363488
0.310509 -0.770512 0.556682
0.296764 0.743616 0.599138
0.757053 0.393548 0.521528
0.00767991 0.804212 0.594292
-0.326917 0.907399 0.264105
-0.531528 -0.72987 0.429846
-0.203732 0.892542 0.40232
0.199603 -0.428914 0.881017
-0.195189 0.841951 0.50301
-0.424778 0.880343 0.21109
0.598227 -0.00135959 0.801326
0.464086 0.848543 0.254163
0.428317 0.11254 0.896593
0.930307 0.242084 0.275545
-0.607189 -0.425966 0.670727
-0.0308932 -0.688215 0.724849
0.584842 0.320563 0.745117
0.52635 0.848254 0.0584863
-0.977387 -0.0175165 0.210732
-0.287271 0.726969 0.623692
-0.523877 0.850663 0.043874
0.084595 -0.812787 0.576387
-0.605862 0.633337 0.481473
-0.218074 -0.843553 0.490776
-0.0920211 -0.986235 0.137376
-0.766715 0.282312 0.576583
-0.882485 -0.422629 0.206408
-0.792593 -0.590162 0.153315
0.632056 0.101277 0.768276
-0.894911 -0.25371 0.367103
0.797154 -0.594166 0.107296
0.105291 0.681668 0.724046
0.1115 0.39887 0.910204
0.0747656 -0.970543 0.229035
0.654477 -0.655861 0.376173
0.00259176 -0.350715 0.936479
-0.274727 -0.875171 0.398247
-0.767936 0.522056 0.371122
0.571001 -0.333831 0.75001
0.217621 -0.324567 0.920488
0.231469 -0.212766 0.94929
0.973758 -0.151509 0.169825
-0.473345 -0.865376 0.164526
-0.206907 -0.731905 0.649234
-0.960904 0.0802266 0.265004
0.287382 0.865792 0.409653
0.252069 -0.918904 0.303441
-0.259713 -0.0757976 0.962707
0.384632 0.814129 0.435032
0.719756 0.332833 0.60924
-0.185917 0.327983 0.926208
-0.518182 -0.181473 0.835796
0.958175 -0.0942719 0.270209
-0.60451 -0.796084 0.0286041
-0.220918 0.929047 0.29676
-0.284495 0.561466 0.777057
0.585826 -0.225468 0.778442
-0.927062 0.0576833 0.370443
0.3898 0.682414 0.618358
0.608595 -0.6337 0.477532
0.130199 -0.26245 0.956121
0.992559 -0.0982263 0.0719564
0.367868 0.901572 0.227685
-0.50375 0.501718 0.703218
0.675195 -0.0519015 0.735811
0.604446 -0.489426 0.628576
-0.680602 0.731341 0.0438369
0.672798 -0.736934 0.0653532
-0.799918 0.426462 0.422209
0.725129 -0.673611 0.142957
0.91533 -0.369113 0.161017
0.279434 0.9101 0.305997
-0.752274 0.385971 0.533957
-0.670179 -0.207329 0.712653
0.840924 -0.304859 0.44711
0.475959 0.482785 0.735107
-0.824432 -0.516026 0.232441
0.148103 0.987722 0.0497143
0.841767 -0.512083 0.17088
0.113232 -0.369 0.922506
0.18664 -0.957528 0.219786
-0.156588 -0.897318 0.412676
0.850171 0.465768 0.245497
-0.727143 0.485058 0.485779
0.710865 0.0497158 0.701569
0.750589 0.22479 0.621358
-0.552021 -0.35631 0.753868
0.195397 0.856099 0.478449
-0.909218 0.3905 0.144332
-0.0338149 -0.812518 0.581955
0.0182104 -0.611133 0.791318
-0.588399 0.508506 0.628656
-0.390814 -0.326501 0.860617
-0.187794 0.530467 0.826643
-0.896464 -0.335651 0.289295
-0.269478 -0.778178 0.567292
0.770463 0.1137 0.627263
0.497479 -0.282148 0.820309
0.924862 0.0738634 0.373061
-0.692496 -0.377028 0.615061
0.615481 0.783657 0.0840513
0.825017 0.354392 0.440174
-0.265995 -0.940251 0.212543
-0.878283 0.247891 0.408862
-0.911702 -0.398512 0.099939
-0.511814 -0.857756 0.0479681
-0.466458 0.332796 0.819551
-0.421332 -0.219424 0.879962
-0.513672 -0.458649 0.725108
0.63909 0.708694 0.298861
-0.170359 -0.00437811 0.985372
0.749299 -0.661542 0.0302177
0.0819746 -0.682718 0.726069
-0.203214 -0.971271 0.123845
-0.281245 0.257767 0.924369
0.509213 -0.172118 0.843254
0.555755 0.785219 0.273071
0.996969 0.0146076 0.0764176
0.299902 0.664516 0.684454
0.0291208 -0.754457 0.655703
0.588028 -0.802477 0.101257
-0.858362 0.469217 0.207483
0.76529 -0.366028 0.529486
0.786742 -0.259392 0.560137
0.334975 0.168498 0.927038
-0.645115 0.543263 0.5373
-0.143159 -0.675359 0.723461
-0.706955 0.128301 0.695524
0.645827 0.58681 0.488428
0.935154 0.346294 0.0746168
-0.324448 -0.897332 0.299214
0.147297 -0.857177 0.493509
-0.303416 0.809427 0.50276
-0.578736 -0.747712 0.325564
-0.738123 0.640956 0.210595
0.652556 0.421334 0.629801
-0.622354 -0.0266681 0.782282
-0.085386 0.395075 0.914672
-0.23508 0.95374 0.187396
0.0215989 -0.944525 0.32773
-0.66696 -0.685153 0.292797
-0.0834528 0.289029 0.953676
-0.891912 0.372802 0.255952
-0.662361 0.698068 0.271989
0.514564 -0.788723 0.336364
0.887034 0.0145109 0.461476
0.544638 0.523571 0.655166
-0.710495 -0.677913 0.188763
0.328648 0.944415 0.00837303
0.643066 0.654347 0.397864
-0.83769 -0.116563 0.533562
-0.936011 -0.232876 0.263916
-0.52731 -0.812501 0.248567
0.400823 0.436324 0.805582
0.402974 -0.335748 0.851402
0.389407 0.753144 0.530222
-0.0939977 -0.750189 0.654508
0.236954 0.235477 0.942552
0.20507 0.633429 0.746133
0.125086 -0.983761 0.128716
0.141636 -0.7444 0.652539
0.634509 -0.383701 0.670949
-0.633625 0.196133 0.748366
-0.94746 -0.0399772 0.317366
0.199808 -0.894223 0.400551
0.430583 -0.000664026 0.902551
0.415745 -0.735586 0.534855
0.496094 0.381117 0.780154
-0.113144 0.93108 0.346828
-0.460615 0.746282 0.480517
-0.692167 0.344901 0.633994
0.609659 -0.731617 0.305045
-0.319406 -0.255873 0.912419
0.697097 0.161839 0.698472
0.780727 0.578638 0.235888
-0.849008 -0.353823 0.392422
-0.607822 -0.138737 0.78186
-0.821486 0.325511 0.468192
0.0597233 0.990968 0.120066
0.462403 -0.654088 0.598625
0.516269 0.0553113 0.854638
0.333384 -0.169066 0.927508
-0.251126 -0.481136 0.839907
0.89612 -0.261695 0.358447
0.479297 -0.388577 0.786945
-0.994964 -0.00174649 0.100219
0.114048 0.292879 0.949323
-0.551479 0.263899 0.791345
-0.883691 0.14137 0.446211
0.210185 0.341984 0.915898
0.475449 0.61029 0.633636
-0.311197 -0.944662 0.103781
-0.483188 -0.800041 0.355617
-0.360068 -0.618472 0.698457
-0.747452 -0.160211 0.644708
-0.688944 -0.724798 0.00494112
-0.983163 0.0961845 0.155365
0.644203 -0.743475 0.179576
0.472332 0.805329 0.358256
0.303068 0.578298 0.757444
-0.674875 0.720218 0.160715
-0.554043 0.716086 0.424567
0.194374 -0.66601 0.720173
0.138977 -0.152039 0.978555
-0.905577 -0.0666713 0.418911
0.647439 -0.540434 0.537359
0.515681 -0.0576952 0.854836
0.951351 -0.262005 0.162128
0.744029 -0.10055 0.660538
-0.379032 0.582691 0.718892
0.708529 0.494069 0.503868
-0.643742 0.665101 0.378466
-0.378107 0.401751 0.834045
0.125057 -0.508675 0.851828
-0.285214 0.466013 0.837547
-0.0165487 0.955777 0.293627
0.319961 -0.279074 0.905397
0.945658 -0.318695 0.0645332
-0.963451 -0.218303 0.155263
0.429295 0.902368 0.0379221
-0.216299 -0.298881 0.929454
-0.344168 0.938002 0.0412454
-0.18336 -0.408704 0.894058
-0.44213 -0.108831 0.890324
0.341319 -0.935898 0.0871555
0.0386322 -0.448563 0.892916
-0.626597 0.304578 0.717362
0.888206 -0.450948 0.0879535
-0.100451 -0.940498 0.324613
0.0858939 0.93735 0.337636
-0.970445 0.205562 0.126419
0.23748 0.124408 0.963393
-0.575667 0.752548 0.319811
0.565022 -0.717217 0.407861
-0.376119 0.297461 0.877526
0.00466464 0.639684 0.768624
-0.962903 -0.126076 0.238586
0.354253 0.927603 0.118562
-0.952236 -0.296217 0.0741788
-0.414375 -0.906802 0.0774791
-0.690024 -0.0955487 0.717452
0.693047 -0.674454 0.254552
-0.416061 -0.507325 0.754662
-0.0777241 0.178369 0.980889
0.920524 -0.151367 0.360173
0.810081 -0.515519 0.279301
0.294285 0.809796 0.507569
-0.466845 0.115058 0.876822
-0.135294 -0.228148 0.96418
0.791647 0.515047 0.328667
-0.990699 0.127665 0.0470922
-0.455371 -0.394875 0.797942
-0.073399 -0.434517 0.897668
-0.83742 -0.274853 0.472424
0.561555 0.608717 0.560464
0.561185 0.737646 0.375434
-0.166493 0.108439 0.980062
0.0145784 0.347586 0.937535
0.628234 0.519429 0.579237
-0.313118 -0.549453 0.774634
0.714854 -0.322197 0.620623
-0.0943464 -0.601272 0.793455
0.802991 -0.148852 0.577104
-0.515966 0.842231 0.156289
-0.663593 -0.586786 0.464033
-0.409554 0.85432 0.320003
0.967774 0.238308 0.0813826
0.834345 0.0657773 0.547304
-0.239755 -0.186582 0.952735
0.856924 0.238106 0.45715
0.187009 0.906803 0.377803
0.351874 -0.544493 0.761388
0.0154611 -0.994513 0.103465
-0.141966 0.98146 0.128774
0.359688 -0.693973 0.623719
-0.985463 -0.110632 0.128935
-0.0937612 0.829115 0.55116
-0.272967 0.0364223 0.961334
-0.575579 -0.649853 0.496387
-0.568209 -0.811825 0.134459
-0.810472 0.584239 0.0424226
-0.624199 -0.672877 0.397005
-0.746425 0.658035 0.0991942
0.309648 -0.868667 0.386698
-0.360506 -0.034868 0.932105
0.689143 -0.42978 0.583413
-0.948568 0.30628 0.080071
-0.156807 -0.802114 0.576216
0.499587 -0.853172 0.150033
-0.910797 0.411509 0.0333051
0.305222 0.383966 0.871441
0.251472 0.963799 0.0886161
0.200412 0.715811 0.668917
-0.268145 0.148924 0.951798
-0.774562 0.174064 0.608075
-0.37229 -0.908134 0.191554
0.793417 0.287596 0.53645
0.983795 -0.0390656 0.17499
0.769683 -0.600513 0.216731
0.0195228 -0.243998 0.969579
0.108734 0.500753 0.858734
-0.327843 -0.815 0.477801
-0.878674 -0.173321 0.444851
-0.467887 0.676298 0.568949
-0.191001 0.622348 0.759079
0.631358 0.750766 0.194262
-0.413145 0.487437 0.769231
-0.503716 0.82166 0.266732
-0.782122 -0.524192 0.336911
0.802873 -0.410264 0.432525
0.981016 0.0738251 0.179327
0.942346 -0.206024 0.263699
0.416078 0.3321 0.846516
-0.388338 0.815844 0.428478
-0.784362 -0.405695 0.469242
-0.845164 -0.433633 0.312506
0.708356 0.671441 0.217711
-0.285352 0.364176 0.886538
-0.0868242 0.496048 0.863943
-0.937135 0.291697 0.19155
-0.381173 0.66645 0.640744
0.670616 0.271402 0.690373
-0.00776484 0.916776 0.399327
-0.0504543 -0.156857 0.986332
0.667421 -0.164244 0.726342
0.378592 0.86339 0.333506
0.0215129 -0.866163 0.499299
0.723929 0.554905 0.409886
0.870411 -0.425139 0.248277
0.257953 -0.837251 0.482153
0.988636 0.12725 0.080037
0.468324 -0.767739 0.437321
0.568116 0.424811 0.704826
0.844295 0.410826 0.344075
0.266841 0.943048 0.198635
0.136413 -0.990515 0.0164798
0.900041 0.403022 0.16583
-0.088484 0.761781 0.641764
-0.557558 -0.523896 0.643943
-0.723734 0.611987 0.318876
-0.762681 -0.0482342 0.644973
0.451835 -0.495554 0.741803
0.819457 0.571051 0.0488988
0.101902 0.836277 0.538754
0.23375 -0.966858 0.102693
0.0404783 0.0186877 0.999006
-0.856995 -0.499823 0.125446
-0.864795 0.492644 0.0971167
-0.796027 0.544643 0.264017
-0.820002 -0.570554 0.0454491
-0.129372 0.962257 0.239425
0.909698 0.185837 0.371369
-0.0613696 0.0675524 0.995827
0.951228 0.131091 0.279249
-0.140265 0.989983 0.0161007
0.78098 0.457395 0.425276
-0.0380555 -0.971127 0.23551
0.73482 -0.595805 0.324124
-0.723481 -0.270242 0.635252
-0.996459 -0.0816048 0.0202735
0.877513 0.127113 0.4624
0.280263 -0.486978 0.827227
-0.422777 -0.664327 0.616385
0.427646 -0.114928 0.896611
-0.428726 -0.859985 0.276804
-0.371862 0.0773472 0.92506
-0.342439 -0.14635 0.928072
-0.369907 0.189274 0.909585
-0.434015 0.895397 0.0994708
0.141995 -0.0395625 0.989076
0.164804 0.973175 0.160531
0.509357 0.274622 0.81556
0.885753 -0.0982184 0.453645
0.929108 -0.0389403 0.367754
0.838553 -0.047229 0.542769
-0.432337 -0.777351 0.456957
0.965701 0.185771 0.181415
-0.253398 -0.652183 0.714455
0.849815 -0.199787 0.48775
0.779633 0.00106929 0.626235
0.0425762 0.13135 0.990421
0.696056 0.709291 0.111407
-0.462882 0.226254 0.857059
0.140192 0.18543 0.972606
-0.708309 -0.605991 0.36204
0.732258 -0.212143 0.647142
0.206625 0.445646 0.871037
0.0838078 -0.906398 0.414027
0.533025 -0.846005 0.0126516
-0.457848 0.00307121 0.889025
0.417606 -0.227331 0.87973
-0.142111 -0.509619 0.848583
-0.355686 -0.441405 0.823802
0.00498326 0.722321 0.69154
0.546186 -0.440791 0.712309
0.201309 -0.795614 0.571378
0.240984 0.0116755 0.970459
-0.862081 0.350998 0.365536
-0.237108 -0.971351 0.0160396
0.241324 -0.580703 0.777526
-0.190737 0.779281 0.596943
-0.0930057 0.679345 0.727901
-0.554835 0.154029 0.817578
0.382305 -0.440832 0.812102
-0.180461 0.219881 0.95869
0.0167231 0.239585 0.970731
0.399934 -0.899369 0.176602
0.751777 0.658864 0.0270081
-0.704123 0.238107 0.668966
-0.240613 0.967689 0.0753885
-0.755301 -0.60188 0.259348
-0.980609 -0.190219 0.0471526
-0.552764 0.60204 0.576194
0.883361 0.463187 0.071635
-0.524407 0.401379 0.750928
-0.827329 -0.00759652 0.561666
-0.769273 -0.32698 0.548911
-0.205338 -0.58081 0.787715
-0.632084 -0.535783 0.559828
-0.583958 -0.249133 0.77261
0.898299 0.350009 0.265617
-0.155817 -0.116358 0.980909
0.415214 -0.598607 0.685031
-0.193095 0.705178 0.682231
-0.806543 0.57062 0.154538
0.443158 -0.894352 0.0612024
-0.610452 0.409308 0.678097
-0.102745 0.885712 0.452723
-0.0430079 0.996383 0.0732922
0.00911241 0.548932 0.835818
-0.0324174 0.982221 0.184908
0.819368 0.177765 0.54501
0.512922 -0.546824 0.661736
-0.928915 -0.322571 0.181839
0.961021 0.0185595 0.275851
-0.479858 -0.701898 0.526379
0.300119 0.485127 0.821328
-0.700601 0.0168888 0.713354
-0.46893 0.596103 0.651741
0.094432 0.892516 0.441018
0.365678 -0.807263 0.463255
0.716243 0.620932 0.318495
-0.952902 0.189386 0.236879
0.0996899 0.759743 0.642536
0.912718 -0.315023 0.260205
0.547011 0.820489 0.166064
-0.096133 -0.86028 0.500677
-0.31093 0.87496 0.37117
-0.377957 -0.744416 0.550448
0.609176 0.21187 0.764209
-0.591755 0.778041 0.210898
0.0432287 -0.0942016 0.994614
0.0129178 0.451155 0.892352
-0.834274 0.105258 0.54121
-0.536208 -0.0700416 0.841175
0.558274 -0.600043 0.572956
0.77079 -0.507627 0.384964
0.768596 0.625584 0.133811
0.135482 -0.938134 0.318668
0.332841 0.27843 0.90094
-0.461667 -0.574395 0.675969
0.694056 -0.570629 0.438941
-0.548992 0.0420583 0.834769
-0.339799 0.927852 0.153712
0.461548 -0.849103 0.256901
-0.744072 -0.663062 0.0818852
-0.927376 -0.14805 0.343591
-0.674016 0.446683 0.588368
-0.376396 0.741296 0.555704
0.41469 -0.834493 0.362841
-0.659219 -0.74351 0.112352
-0.0809878 -0.996392 0.0253668
-0.15593 -0.961289 0.227176
0.730694 -0.476251 0.489154
0.10465 0.595164 0.796761
0.561718 0.67932 0.472226
0.939109 0.295445 0.175461
0.177677 0.945718 0.272118
-0.0914264 0.5904 0.801916
0.975608 -0.209729 0.0648313
-0.797808 -0.218415 0.561959
-0.740535 -0.507391 0.440638
-0.832368 0.220489 0.508476
0.294299 -0.936025 0.192992
0.203542 0.543402 0.814423
-0.317586 -0.702878 0.636476
0.862661 -0.368916 0.346
0.475818 0.751242 0.457419
0.139556 0.0734083 0.987489
-0.187115 0.432069 0.882215
-0.631412 0.0853829 0.770732
0.339899 0.056209 0.938781
0.239091 -0.101217 0.965707
0.339485 -0.0567984 0.938895
-0.619192 -0.754529 0.217458
0 0.866025 0.5
-0.602787 0.791704 0.0992626
-0.0656705 -0.0453696 0.996809
