0.463116 -0.666617 0.584076
-0.725646 0.58865 0.356271
-0.275871 -0.318707 0.906819
-0.966695 0.251038 0.04981
-0.596834 0.543411 0.590333
0.862049 -0.268791 0.429677
-0.394413 0.917399 0.0530859
-0.885136 0.439139 0.153919
-0.0949487 -0.972057 0.214687
0.990584 0.00485176 0.136819
-0.913384 -0.228666 0.336811
0.76866 -0.430073 0.473496
-0.190368 -0.121637 0.974148
-0.728528 -0.216168 0.650014
-0.258284 0.171541 0.950717
0.752901 0.50069 0.42714
0.564136 -0.776871 0.279683
0.375364 -0.81434 0.442665
-0.487454 -0.589708 0.64392
0.145527 0.237243 0.960488
0.293759 0.831416 0.47165
-0.781806 0.608208 0.137342
-0.15443 -0.570303 0.806787
-0.247317 0.705528 0.664126
0.606095 -0.529763 0.593296
-0.485089 -0.863889 0.135588
0.164252 0.687764 0.707108
0.961218 -0.270453 0.0539961
-0.284881 -0.928605 0.237773
-0.232689 -0.494713 0.837326
0.784146 0.537483 0.310205
0.914011 -0.339601 0.221935
0.912177 0.399292 0.0921916
0.452436 0.707353 0.543096
0.0268163 -0.624186 0.780815
0.180227 -0.515489 0.837729
-0.897672 0.438696 0.0416087
-0.128822 0.92558 0.355958
0.237197 0.735198 0.634997
-0.841712 0.328345 0.428616
0.514856 0.846724 0.134094
0.0954991 0.558095 0.824263
-0.661187 -0.750121 0.0122486
-0.3425 0.36316 0.866492
0.486692 -0.864993 0.122136
-0.178934 0.450798 0.874508
0.979558 -0.101383 0.173744
-0.963131 0.155827 0.21931
-0.0716274 0.427467 0.901189
-0.591764 0.729679 0.342613
-0.662582 0.45177 0.597402
-0.408857 0.269948 0.871759
0.864406 0.47704 0.158856
-0.023845 0.917503 0.397013
0.822187 0.428173 0.375068
-0.493773 -0.869286 0.0230434
-0.301175 -0.945052 0.127161
0.506088 -0.712456 0.486089
-0.467161 -0.849205 0.246195
-0.588257 -0.673343 0.447843
0.89087 -0.451144 0.0530999
-0.683907 -0.402351 0.608592
0.662319 0.677434 0.320026
-0.155948 0.956942 0.244831
-0.19309 -0.737331 0.647347
0.0440524 0.286855 0.956961
-0.657246 -0.0291835 0.753111
-0.565342 0.169937 0.807161
-0.685607 0.263421 0.67864
-0.264829 -0.900138 0.345857
-0.145175 -0.0191611 0.98922
-0.456007 0.863656 0.214841
-0.577862 0.814002 0.0589543
0.0358426 -0.368097 0.929096
0.0309532 -0.933657 0.356827
-0.819953 -0.0253027 0.571871
0.101895 -0.978703 0.178208
0.802321 0.568968 0.180432
0.074261 -0.825668 0.559247
0.293615 0.555161 0.778194
0.57792 0.379916 0.722268
-0.913191 0.346011 0.215312
0.912309 -0.195592 0.359772
-0.241576 -0.218225 0.945526
0.968417 -0.0175611 0.248715
0.943685 0.067665 0.323853
0.784878 -0.614798 0.0774014
-0.189904 -0.658484 0.728241
0.025029 0.801929 0.596895
0.704071 -0.210019 0.678363
-0.670608 -0.310837 0.673547
0.106398 0.841724 0.529321
0.59931 0.781844 0.171895
-0.845359 0.526588 0.0898492
0.511873 0.110535 0.85192
-0.827564 0.523993 0.201417
0.555432 -0.478315 0.680228
-0.974437 -0.0455344 0.22
-0.430277 0.842963 0.322918
-0.286717 0.458171 0.841352
-0.345479 0.898014 0.272425
0.24547 0.185262 0.951537
-0.975876 -0.143828 0.164257
0.947526 0.318991 0.020967
-0.0825321 -0.644148 0.760436
0.316584 0.765313 0.560421
0.934381 -0.0408705 0.353925
-0.621125 0.747656 0.234977
-0.106344 0.879344 0.46416
0.132158 -0.0213729 0.990998
0.865235 0.499063 0.0480171
-0.214533 -0.974811 0.0609906
-0.568112 -0.0264212 0.822527
-0.167768 -0.303465 0.937957
-0.0814409 0.821452 0.564432
-0.0416708 -0.290389 0.956001
0.412242 -0.613898 0.673191
0.53649 0.702437 0.46772
0.117782 -0.950796 0.286557
-0.638525 -0.732502 0.236065
-0.566461 -0.803042 0.185057
-0.371755 0.764847 0.526124
-0.815302 0.146876 0.560099
0.951621 -0.125146 0.280635
-0.992981 -0.047013 0.108533
-0.117404 -0.207879 0.971083
0.803378 0.591656 0.0672799
0.671711 0.734109 0.0994352
0.560149 -0.622071 0.547047
0.0496367 0.729002 0.68271
-0.413218 -0.419288 0.808361
-0.893445 0.240928 0.37909
0.925858 -0.361014 0.111608
-0.862351 -0.215386 0.458214
-0.724741 0.684722 0.0768446
-0.738205 -0.0311716 0.673856
0.0376293 -0.0831135 0.995829
0.691898 -0.477562 0.54149
0.336124 0.239161 0.910946
0.0505041 -0.883735 0.465254
0.717914 -0.69526 0.0348291
0.73647 0.675915 0.0273893
0.9743 0.216804 0.0611149
0.406411 -0.746185 0.527293
-0.759555 0.60134 0.247925
-0.0713793 0.982115 0.174225
0.494291 0.868931 0.0252145
-0.882586 0.150159 0.445527
-0.12351 -0.480613 0.868192
-0.0762367 -0.943522 0.32242
0.318751 -0.100665 0.942478
0.645117 -0.429089 0.632224
-0.553532 0.701851 0.448339
0.600152 -0.661883 0.449141
0.143984 0.958139 0.247465
0.722071 -0.0950104 0.685264
-0.203143 0.978823 0.0252743
0.507624 -0.00740702 0.861547
-0.181696 -0.942102 0.281835
0.944944 0.299063 0.132826
-0.0938926 0.993519 0.0640706
0.0557819 0.94518 0.321751
-0.00787168 -0.99961 0.0268065
0.343711 0.688437 0.638684
-0.710318 0.350191 0.610586
-0.953373 0.254646 0.161972
-0.734775 0.163733 0.658254
-0.880137 -0.419763 0.221715
-0.380984 -0.326883 0.864869
0.784699 0.396167 0.476759
-0.0729505 -0.106043 0.991682
0.841286 -0.526951 0.120668
0.225944 -0.420594 0.878664
0.355079 0.889619 0.287222
-0.0973122 0.324781 0.94077
0.394298 -0.915972 0.0743228
-0.414341 -0.123195 0.901745
0.548431 0.790575 0.272423
-0.65419 0.168406 0.737343
-0.57792 -0.812817 0.0730571
0.400261 -0.456249 0.79475
-0.8914 -0.035761 0.451803
0.508917 0.229835 0.829566
-0.796892 -0.604115 0.0026589
-0.390798 0.459878 0.797364
0.305303 -0.942071 0.138895
0.590861 0.162707 0.790196
-0.309462 -0.413938 0.856089
-0.363879 -0.0264257 0.931071
-0.526952 0.802964 0.278513
0.4795 0.777994 0.405961
-0.607125 -0.125483 0.784636
0.202628 -0.973731 0.103877
-0.315991 0.870243 0.377924
0.249999 0.928841 0.273412
0.16349 -0.686178 0.708823
-0.0332516 -0.846497 0.531353
0.58619 0.617945 0.523951
0.988715 0.11164 0.099891
0.212821 0.808507 0.548657
0.840366 -0.54195 0.00866375
0.728343 0.367384 0.578399
0.371699 0.598996 0.709256
-0.470381 0.709703 0.524465
0.263609 -0.318883 0.910398
-0.086284 -0.725835 0.682436
-0.987548 -0.148493 0.0519504
-0.600963 0.266786 0.753438
-0.781905 0.337631 0.524051
0.881339 0.355372 0.311373
0.628046 0.652076 0.424683
-0.776765 -0.58754 0.226787
-0.207124 0.542198 0.814323
-0.144513 0.164339 0.97576
0.0800852 -0.268768 0.95987
0.726688 -0.375486 0.57527
0.742672 0.655216 0.138313
0.208874 0.976299 0.0566748
0.15911 -0.856382 0.491217
0.45843 -0.519327 0.721208
-0.0915548 -0.384612 0.918527
-0.350669 0.703222 0.618474
-0.556279 0.813446 0.169881
0.849081 0.454877 0.268604
0.944162 0.172193 0.280905
0.80132 -0.475556 0.36295
-0.295155 -0.744118 0.59931
0.660162 0.313291 0.682668
0.296784 -0.210958 0.931352
-0.0454324 -0.553622 0.831528
0.646633 0.416628 0.638973
0.395209 0.782532 0.481096
-0.753487 -0.402901 0.519546
0.479058 -0.877725 0.0101069
0.712555 -0.653075 0.256434
0.306686 -0.643246 0.701554
-0.29313 -0.668628 0.683382
-0.795837 0.604984 0.0252547
0.0825687 0.898942 0.430216
0.443792 0.636554 0.630752
-0.64362 0.650115 0.403861
-0.467656 -0.0252294 0.883551
-0.210046 0.072276 0.975016
0.90332 0.0394023 0.427153
-0.401092 -0.912721 0.0778757
0.0229889 -0.708345 0.705492
-0.945813 -0.234565 0.224539
-0.659775 0.751355 0.0127327
-0.385615 -0.903012 0.189397
0.902476 0.379857 0.203092
0.153429 0.126224 0.980065
0.434921 0.876018 0.208411
-0.256498 -0.0303546 0.966068
0.331035 0.0116682 0.943546
0.965904 -0.211022 0.150001
0.338503 0.123913 0.932771
-0.224675 0.629053 0.744187
0.973533 0.0887118 0.210627
-0.136994 -0.861407 0.489092
-0.23457 0.919085 0.316639
0.799531 -0.325886 0.504528
-0.540884 0.362336 0.75905
0.83575 -0.374938 0.401178
0.593192 -0.371326 0.714311
-0.949718 -0.137051 0.281518
-0.42223 -0.7828 0.457107
-0.482553 0.869532 0.105152
0.937533 -0.234708 0.256794
0.190283 -0.243157 0.95114
-0.93299 0.148231 0.32796
-0.142239 0.695356 0.704449
-0.363111 -0.587943 0.722824
-0.646253 0.752829 0.124919
0.797674 0.295227 0.525887
-0.318845 0.0763182 0.944729
-0.602782 0.617553 0.505254
-0.446312 -0.82194 0.353865
-0.903952 -0.324803 0.278163
-0.110917 -0.988372 0.104008
-0.895494 -0.431179 0.110339
0.415731 -0.0540973 0.907877
0.310958 0.45356 0.835218
-0.114092 -0.797104 0.592965
-0.21066 0.882354 0.420802
-0.160441 -0.907355 0.388544
0.355687 -0.554839 0.752091
-0.535706 -0.495574 0.683685
0.683567 -0.619694 0.385636
0.667035 0.0949543 0.73895
-0.284653 0.953471 0.0993299
-0.39804 -0.730822 0.554493
0.132066 0.7737 0.619635
0.467197 -0.242591 0.850222
0.824303 -0.217158 0.522844
-0.938105 -0.341821 0.0558393
0.31693 0.945884 0.0697001
-0.963872 -0.242797 0.109544
-0.397052 -0.657429 0.640419
0.649975 -0.573404 0.498739
0.892362 -0.309331 0.32864
-0.522404 -0.752687 0.400696
0.189808 -0.792665 0.579357
0.370229 0.843454 0.389251
0.161816 0.921565 0.352893
-0.61482 -0.709612 0.344162
0.665934 -0.0178409 0.745797
0.587334 0.274331 0.761434
0.452592 0.835237 0.312313
-0.720537 -0.535361 0.440699
-0.997176 0.0519866 0.0541978
-0.637958 -0.223217 0.73701
0.758271 -0.56953 0.317271
-0.825926 0.424367 0.371158
-0.199533 -0.964583 0.172531
0.880386 -0.438888 0.179718
-0.757524 0.500393 0.419242
-0.850042 -0.404998 0.336758
-0.468885 0.174382 0.865874
0.39634 -0.868415 0.297942
-0.959684 0.0513 0.276358
-0.304105 0.268144 0.914122
-0.929249 0.249735 0.272266
0.756079 -0.268524 0.596858
-0.0576294 0.752525 0.656037
-0.415408 0.545919 0.727604
-0.576614 -0.316749 0.753118
-0.701947 -0.652751 0.284934
-0.545987 -0.784289 0.294601
-0.217199 -0.807813 0.547962
-0.736756 0.440624 0.512875
0.0110761 0.496849 0.867766
0.644885 -0.145947 0.750215
0.485168 -0.842824 0.232938
-0.792696 -0.598584 0.115454
-0.842246 -0.512044 0.168618
-0.752523 -0.565972 0.336725
-0.548695 -0.221013 0.806279
0.398592 -0.898105 0.185827
-0.81111 -0.308334 0.497022
-0.514229 -0.12219 0.848904
0.622285 -0.259746 0.738439
-0.439387 -0.506731 0.741729
-0.512128 -0.41063 0.754392
0.627277 0.514039 0.585054
-0.290435 0.828034 0.479591
-0.49551 -0.709152 0.50157
0.269505 0.647075 0.713205
0.585895 -0.068421 0.807493
-0.798639 0.515621 0.31034
0.109155 -0.444289 0.889209
0.59059 0.804621 0.0615498
0.894566 -0.111253 0.432868
0.48771 0.44322 0.752127
0.10425 -0.757608 0.644331
-0.043762 0.115897 0.992297
-0.776884 0.0638172 0.626402
-0.578851 0.460788 0.672759
0.237668 0.294948 0.925483
0.0379018 0.976315 0.213009
-0.939811 -0.0404344 0.339293
0.225676 0.0395818 0.973398
-0.366617 0.174 0.913956
0.22078 -0.92065 0.321962
0.673838 0.562087 0.479584
-0.917949 0.0567745 0.392615
-0.732199 -0.678191 0.062787
-0.191547 0.2626 0.945701
0.269209 -0.839325 0.472292
0.134706 -0.90907 0.394267
0.123171 0.982587 0.139113
0.425623 0.0583721 0.903016
0.420229 0.293561 0.858621
-0.339436 -0.503737 0.794376
0.0507923 0.177067 0.982887
0.674393 0.707366 0.211725
-0.118772 0.613733 0.780528
0.84025 -0.105641 0.531808
-0.638223 -0.585999 0.499275
2.77556e-17 0.866025 0.5
0.337149 0.924321 0.178774
0.574615 0.732228 0.365594
-0.187242 0.829858 0.52562
0.117042 0.459651 0.880353
0.549839 -0.740819 0.385828
-0.309014 -0.127594 0.94246
0.248174 -0.580758 0.775326
-0.692211 -0.12775 0.710298
0.0717064 0.647948 0.758302
0.801635 0.078915 0.592582
0.0126533 -0.968413 0.249029
-0.602965 -0.404837 0.687415
-0.262479 0.941912 0.209537
-0.482345 -0.320249 0.815343
-0.883185 0.339088 0.324043
-0.348124 -0.228277 0.90923
-0.00359135 -0.990238 0.139344
-0.313493 0.546705 0.776425
0.737525 0.0346271 0.674432
-0.508484 0.548737 0.663575
0.417074 0.903331 0.100215
0.360264 -0.698224 0.618622
-0.321576 -0.800844 0.50521
0.994672 -0.0811299 0.0635978
0.645237 -0.733368 0.214102
-0.345585 -0.846849 0.404249
0.929555 0.277537 0.242693
0.559304 -0.194459 0.805832
-0.677932 0.67236 0.297221
0.678636 -0.319915 0.661141
-0.367236 -0.880868 0.29868
0.494775 -0.119679 0.860741
-0.508314 0.268907 0.818111
0.859626 0.116285 0.497515
-0.851628 -0.521107 0.056365
-0.498191 0.77706 0.384686
-0.270358 0.771795 0.575533
0.711617 0.593023 0.37673
-0.700818 0.0691691 0.709979
0.568193 -0.820919 0.0569951
0.781521 -0.594702 0.188558
-0.369432 0.914802 0.163268
0.742298 0.154537 0.652006
0.0160044 0.994486 0.103642
0.400359 -0.166942 0.901023
-0.720669 -0.670838 0.174965
0.739398 0.262834 0.619846
-0.653407 -0.746626 0.124935
-0.314523 -0.949131 0.0150185
0.307354 -0.918341 0.249365
0.560541 0.480749 0.674295
-0.981959 0.155301 0.107883
0.533285 -0.30931 0.787359
0.965502 0.195203 0.172342
-0.674218 -0.626073 0.391743
0.86287 -0.412238 0.292429
0.730217 -0.528376 0.43313
0.210628 0.505547 0.836695
0.857952 0.223707 0.462465
-0.200655 -0.401972 0.893396
-0.86142 0.433721 0.264277
0.0344703 0.392849 0.918957
0.222895 0.404971 0.886745
-0.74603 -0.309922 0.589396
0.368373 -0.285042 0.884902
0.99934 0.0253491 0.0260304
-0.615945 0.0711943 0.784566
0.590928 0.0444574 0.805498
0.665659 0.205861 0.7173
-0.821373 -0.497643 0.278744
-0.706944 0.681714 0.188402
-0.802516 -0.213113 0.557271
0.153928 -0.346957 0.925163
-0.488642 0.460873 0.740827
-0.548336 -0.625075 0.555526
0.205922 -0.954611 0.215207
-0.242813 -0.859664 0.449465
-0.0349208 0.0034585 0.999384
-0.834402 0.238561 0.496853
0.2098 -0.10137 0.972475
0.138224 -0.605466 0.783777
-0.90843 -0.132769 0.396393
0.301086 -0.773162 0.558182
0.824221 -0.508876 0.248404
0.460363 -0.807636 0.368496
0.512304 -0.574619 0.638246
0.776984 -0.158168 0.609326
0.136523 0.345261 0.928524
-0.451527 -0.222991 0.863944
-0.860127 0.057887 0.506784
0.115582 -0.163342 0.979776
-0.848685 -0.11886 0.51537
-0.0974447 0.523895 0.846191
-0.429259 0.628013 0.649104
0.409054 0.399434 0.820443
-0.329715 0.630659 0.702536
-0.777979 -0.120172 0.616691
-0.0534713 -0.903347 0.425563
0.569812 -0.804261 0.168757
0.537605 0.575162 0.616579
-0.399157 0.811445 0.426884
0.29524 -0.488713 0.82097
0.0596825 0.0651853 0.996087
-0.0355151 0.675919 0.73612
0.230267 0.958821 0.166254
-0.260909 -0.581452 0.77061
0.189685 0.599535 0.777545
-0.0493806 0.958019 0.28242
-0.931353 0.349004 0.103813
-0.235895 0.357626 0.90358
-0.598723 -0.533148 0.597732
0.647567 -0.754987 0.103205
0.738125 0.624646 0.254928
-0.423674 0.0771251 0.902525
0.852582 0.00631082 0.522555
0.501747 0.339805 0.795477
0.0659305 -0.536932 0.841045
0.500191 -0.4181 0.758288
-0.927982 -0.332597 0.168015
0.100832 0.994481 0.0289756
0.711114 0.466177 0.526304
0.635434 -0.701035 0.323687
0.437234 -0.353937 0.826774
-0.444911 0.362992 0.818713
-0.51986 0.625689 0.5816
0.0978489 -0.992998 0.0661803
-0.00669931 -0.781144 0.624315
0.00247315 -0.189623 0.981854
-0.050501 0.22697 0.972592
-0.788722 -0.447254 0.42176
0.392175 0.500222 0.771995
0.266654 0.886977 0.37705
-0.163686 0.767377 0.619951
0.324483 0.350133 0.878702
-0.769637 0.246079 0.589156
-0.685044 -0.490845 0.538318
0.249337 -0.722447 0.644904
0.311102 -0.874597 0.371882
-0.0139166 -0.460634 0.887481
-0.863727 -0.310389 0.397031
0.468068 0.540904 0.69881
0.719193 -0.679152 0.146676
-0.682404 0.538042 0.494809
0.188404 0.869453 0.456678
0.803999 0.188959 0.563808
0.427163 0.17674 0.886732
0.33464 -0.389509 0.858079
0.849025 0.326175 0.415652
0.90686 0.147604 0.394737
0.90242 0.251282 0.349995
-0.98435 0.0583069 0.166298
-0.179239 0.974411 0.135637
0.296194 -0.954747 0.0269703
-0.629135 0.360812 0.688479
-0.0116977 0.589713 0.807528
-0.523163 0.0738186 0.84903
0.790103 -0.043095 0.611458
