0.00531895 -0.869309 0.494241
-0.47408 0.802134 0.363083
-0.573208 -0.27045 0.773492
-0.429973 0.675784 0.598698
0.55647 -0.676022 0.483048
0.0209401 0.982699 0.184022
-0.633042 0.765707 0.113801
0.847309 -0.455008 0.273924
0.584273 0.792311 0.175694
-0.975031 0.164068 0.149655
0.397482 -0.782609 0.479094
-0.430497 -0.142259 0.891311
-0.874653 0.0541418 0.481716
-0.363673 0.150775 0.919244
0.780085 0.0549773 0.623254
0.114971 -0.974804 0.191152
-0.102781 -0.943674 0.314508
-0.815462 -0.383845 0.433227
0.0181935 0.0274079 0.999459
0.50213 0.547724 0.669226
-0.467963 0.871412 0.147144
0.987325 -0.109831 0.114571
-0.54864 -0.535399 0.642139
-0.0699593 0.654263 0.753024
0.186437 -0.81303 0.551564
0.276885 0.449387 0.849344
0.725075 -0.675709 0.132983
-0.593027 -0.437195 0.67615
0.848389 0.0879709 0.522013
0.618146 -0.736502 0.2747
0.951519 -0.064946 0.300656
0.575253 0.358127 0.73541
-0.405257 -0.660933 0.631613
-0.236986 -0.640118 0.730812
-0.619877 0.784693 0.0031794
0.193091 0.834147 0.516638
0.807505 0.566871 0.163074
0.376696 0.467684 0.799607
-0.700416 0.614421 0.363186
0.777197 0.503931 0.376853
0.136838 0.350814 0.926393
-0.340193 0.368545 0.865126
0.0442316 -0.998976 0.00950379
-0.161061 0.372159 0.914088
0.785433 -0.548759 0.286285
-0.833787 0.541452 0.10784
-0.0817589 0.300272 0.950343
-0.29429 0.868983 0.397822
-0.527637 0.623074 0.577388
-0.438656 0.314937 0.841662
0.927104 0.017118 0.374414
0.273542 0.775056 0.569616
0.822504 -0.033853 0.56775
0.80608 0.589487 0.0523352
0.0455545 -0.917108 0.396028
-0.896594 -0.388877 0.21188
0.588106 -0.804304 0.0850074
-0.903531 -0.125709 0.40967
0.796742 0.265217 0.543012
0.206314 0.887691 0.411629
-0.617468 -0.646592 0.447941
-0.05008 0.117139 0.991852
-0.75647 0.175359 0.630082
-0.604366 0.304137 0.736371
-0.643843 0.456477 0.614081
-0.682875 -0.721841 0.11237
-0.351306 -0.0734816 0.933373
-0.0909569 0.942743 0.320877
-0.185317 0.9723 0.142446
-0.323202 -0.456205 0.829106
-0.437895 -0.885027 0.158039
-0.859177 0.273718 0.432311
0.905736 0.123675 0.405397
-0.398819 -0.833504 0.382381
0.320646 0.265361 0.909269
0.511192 -0.0100911 0.859407
-0.70984 0.688177 0.150134
0.64646 -0.625028 0.437526
-0.509611 -0.20147 0.836484
0.966236 -0.218731 0.136179
0.79409 -0.478695 0.374528
0.791288 -0.401335 0.461294
0.421244 -0.904968 0.0598795
-0.599508 -0.588063 0.542929
0.225266 0.626278 0.746345
0.387242 -0.583871 0.713539
-0.867911 -0.0585176 0.49326
0.328361 0.633484 0.700626
0.816644 0.404067 0.412096
-0.547664 0.833297 0.0753716
0.312811 -0.235222 0.920228
-0.557283 0.80936 0.185396
0.14414 -0.755468 0.639134
-0.927527 0.367967 0.0655229
-0.100321 0.899652 0.424926
-0.246002 0.43091 0.868217
0.00842304 0.916752 0.399368
0.0868444 -0.0622083 0.994278
0.964893 -0.143165 0.220196
-0.505708 -0.627274 0.592273
0.475544 0.468056 0.744837
0.731467 -0.497054 0.46679
-0.289357 0.911235 0.293126
0.170222 0.769856 0.615098
-0.107625 -0.199552 0.973959
0.961081 0.0498619 0.271729
0.131188 0.990949 0.0284665
-0.69168 0.129473 0.710504
-0.478157 -0.309055 0.822101
0.146379 0.695125 0.703828
-0.365261 -0.356011 0.86014
-0.0371115 -0.810793 0.584155
0.663853 0.325468 0.673327
-0.353028 -0.930383 0.0987822
-0.125245 0.779352 0.613941
-0.781022 0.425673 0.456955
0.727644 -0.570451 0.380946
0.66673 0.718425 0.198334
-0.401183 -0.250908 0.880964
0.940695 0.15719 0.300641
0.876538 0.338309 0.342386
0.117581 -0.868636 0.481296
0.198064 0.540128 0.817944
-0.714886 -0.286152 0.638009
-0.771641 0.566137 0.289929
0.643711 -0.747237 0.165146
-0.950835 0.138146 0.277178
-0.372631 0.92115 0.112378
-0.811577 0.219487 0.54145
-0.217813 -0.212632 0.952547
0.295171 -0.798744 0.524292
0.19813 -0.0499595 0.978902
-0.423475 -0.86282 0.276063
0.925248 0.266645 0.269844
0.937387 -0.250611 0.241867
0.904696 0.425748 0.016253
-0.0654601 -0.907525 0.414864
-0.475205 0.841819 0.255969
-0.359602 0.933105 0.000761652
0.306824 0.880883 0.360423
0.791927 0.546155 0.273069
-0.814181 0.472695 0.337148
0.318738 0.937113 0.142218
-0.49744 -0.477259 0.724415
-0.529196 -0.841663 0.107497
0.0348344 -0.347227 0.937134
0.254241 -0.746018 0.615482
-0.295062 0.814271 0.499901
0.157679 -0.909778 0.38398
0.471187 0.75444 0.456949
0.449392 -0.490837 0.746409
0.673465 -0.73728 0.0535074
0.221452 0.9551 0.196832
0.257997 -0.339027 0.904709
-0.61294 -0.788314 0.0535369
0.930014 -0.173394 0.324051
0.315625 0.914559 0.252909
0.371739 0.773245 0.513714
0.450571 0.378208 0.808668
-0.614847 0.552761 0.562511
-0.771671 0.631702 0.0740097
-0.724232 0.392596 0.566883
-0.999975 -0.0060179 0.00364569
-0.660334 -0.225593 0.716287
0.753987 -0.0579447 0.654329
-0.324113 -0.183045 0.928141
0.498137 -0.857624 0.127827
-0.166103 -0.581465 0.796434
0.620567 0.594537 0.511294
-0.155689 0.215888 0.963926
-0.61325 -0.0347031 0.789126
0.753464 0.422202 0.504021
-0.668305 0.351035 0.655853
-0.00867341 -0.680642 0.732565
-0.900525 0.311097 0.303767
0.364593 -0.125433 0.92268
-0.32767 0.484315 0.811216
0.41767 -0.2167 0.882379
-0.631389 -0.333616 0.700035
-0.534873 0.0249155 0.844565
0.94378 0.326294 0.0530231
-0.192672 0.91284 0.360001
0.658311 0.425464 0.620973
-0.759032 0.0637589 0.647923
-1.11022e-16 0.866025 0.5
0.547031 0.677933 0.491084
-0.294608 -0.768096 0.568538
-0.496374 -0.800512 0.335847
0.660449 0.221489 0.71746
0.898026 -0.355005 0.259847
0.404375 0.554132 0.727611
0.515454 -0.856765 0.0161567
0.670152 -0.0707462 0.738845
0.422812 0.277783 0.862593
-0.234903 0.774745 0.587019
0.981811 -0.18769 0.0286397
-0.0975024 -0.512046 0.853406
-0.525976 -0.688422 0.499424
-0.583939 0.412469 0.699203
-0.664482 0.584226 0.465986
0.858381 -0.116981 0.499497
0.73318 0.245216 0.634284
-0.134927 0.473136 0.870596
-0.271607 0.0904956 0.958144
-0.249571 -0.391717 0.885591
0.360938 -0.727968 0.582912
0.898012 0.231924 0.373879
0.577537 0.764951 0.285133
-0.321825 -0.890282 0.322223
0.032513 -0.753507 0.656635
-0.440299 -0.412632 0.797416
-0.152286 0.70399 0.693691
-0.190604 0.948557 0.252806
-0.0820581 0.991522 0.100746
0.880499 -0.00914075 0.473959
0.844448 -0.303645 0.441256
0.431487 -0.823945 0.367332
0.932751 -0.324703 0.156664
-0.7 -0.601118 0.385561
0.564791 -0.101017 0.819028
-0.0279435 -0.433793 0.900579
-0.450809 -0.572344 0.684977
0.605246 0.00196635 0.796036
0.569397 0.457923 0.68271
0.503337 0.863771 0.0234797
-0.94586 -0.0841901 0.313465
0.302534 -0.928545 0.215122
-0.148708 -0.793127 0.590623
-0.685151 -0.545436 0.482771
-0.457322 0.888574 0.035955
0.352618 0.706995 0.61304
0.519161 0.288492 0.804515
-0.386451 0.814124 0.433427
-0.615715 0.0781656 0.784082
-0.367559 0.0382743 0.929212
0.751257 -0.659565 0.0242413
0.721435 -0.421023 0.549792
-0.427201 -0.724566 0.540837
-0.981712 0.187101 0.0351284
-0.273636 0.959044 0.0732008
0.910764 -0.0914413 0.402675
0.982613 0.0832788 0.165943
-0.0251767 -0.0769108 0.99672
0.702588 0.556484 0.443504
-0.449258 -0.0308299 0.89287
0.0920925 -0.253294 0.962996
0.125427 0.982036 0.140975
0.733013 -0.63691 0.238825
0.147636 -0.155834 0.976688
-0.0991186 0.566553 0.818043
0.851015 -0.382127 0.360211
-0.585017 -0.762196 0.277152
0.10553 0.880455 0.462237
0.461262 -0.707874 0.534931
-0.492416 0.46962 0.732792
0.495364 -0.754846 0.429909
0.214505 -0.681702 0.699478
-0.957066 0.268274 0.10979
-0.797392 -0.561185 0.221895
0.322382 0.946146 0.02963
-0.0881157 0.973266 0.212106
0.674894 -0.658329 0.333347
-0.139695 -0.417178 0.898024
-0.833942 0.507926 0.215761
0.0098716 0.59336 0.804877
-0.722046 -0.447507 0.527624
-0.285474 0.940547 0.184055
0.712856 -0.159223 0.682996
-0.455403 0.0941758 0.88529
-0.385943 0.754585 0.530707
-0.812466 -0.572448 0.110464
-0.99386 0.0818513 0.0744445
0.147361 -0.345037 0.926949
0.281382 0.160577 0.946065
-0.560676 -0.728183 0.394197
0.0887502 0.824443 0.558942
-0.602942 -0.780106 0.167021
-0.0797058 -0.742869 0.664675
-0.827649 -0.283744 0.484238
0.262691 -0.901863 0.342983
0.467973 -0.304486 0.829632
0.122819 0.959961 0.251776
-0.77562 -0.537875 0.330308
0.303153 0.550654 0.777739
0.127101 -0.528002 0.839678
0.524304 -0.624831 0.578525
0.657529 0.688128 0.306815
-0.76296 -0.483816 0.428737
0.227641 -0.859708 0.457255
0.588386 -0.713096 0.381177
-0.861113 -0.482828 0.159257
-0.287419 -0.858341 0.425018
0.592596 0.53434 0.602753
0.448829 0.701128 0.554051
-0.912572 -0.396433 0.100263
0.418679 -0.404795 0.812926
0.467153 -0.112673 0.876968
0.678672 0.499702 0.538239
-0.954603 -0.206625 0.214566
-0.816491 -0.00323833 0.577349
0.364375 -0.882392 0.297684
-0.63411 0.699515 0.32952
0.99694 -0.0778901 0.00659809
0.5564 -0.804292 0.208648
-0.552577 0.730435 0.401402
-0.992276 -0.02049 0.122347
0.0271192 0.997029 0.0720962
0.991727 0.114635 0.0577557
-0.530081 0.257783 0.807813
-0.0752323 -0.983213 0.16623
-0.886546 0.44028 0.142089
-0.356083 0.261345 0.897164
-0.776383 0.603042 0.183222
0.940054 0.299664 0.162786
0.426617 -0.648954 0.629965
0.857723 0.473097 0.201223
0.118876 0.612166 0.781742
0.862731 -0.499246 0.0803007
-0.298516 0.580118 0.757859
-0.804638 -0.115509 0.582422
-0.953049 -0.299854 0.0422437
-0.871995 -0.487283 0.0466841
-0.646417 -0.686092 0.333801
-0.579407 0.656702 0.482732
0.0273731 0.328914 0.943963
0.345937 -0.509464 0.787892
0.0279955 -0.992241 0.121137
-0.97296 -0.206709 0.103058
-0.751788 -0.0496595 0.657533
-0.0611905 -0.996777 0.0518825
-0.952601 0.0281228 0.30292
-0.68958 0.0172934 0.724003
0.281286 -0.598775 0.749898
-0.759819 -0.34378 0.551806
-0.786929 -0.227672 0.573505
0.640316 0.103555 0.761099
-0.0170571 0.80473 0.593396
-0.841216 -0.468636 0.269696
0.351641 0.36556 0.861808
0.31356 -0.421434 0.850925
-0.558892 0.775657 0.293249
-0.281401 -0.551585 0.785218
0.842392 0.441686 0.30869
0.649908 -0.551326 0.523124
0.451294 0.0826463 0.88854
-0.362572 -0.797022 0.483009
-0.206316 0.000528095 0.978485
-0.795987 0.326768 0.509536
-0.466315 0.584417 0.664084
0.131158 0.04168 0.990485
0.392517 0.822165 0.41228
-0.920764 0.342385 0.186995
0.00412007 -0.185151 0.982701
-0.450355 0.205859 0.868793
-0.257227 -0.954023 0.153864
0.72433 0.138274 0.675445
-0.872686 0.412225 0.261706
-0.265821 0.202275 0.942562
-0.21337 -0.922029 0.323012
-0.344176 -0.914179 0.214055
0.486514 0.798696 0.354103
0.203853 -0.249187 0.946758
0.306389 -0.0329026 0.951338
-0.681731 -0.392236 0.617571
-0.0953465 0.0136523 0.995351
0.843386 0.299635 0.446004
-0.0198308 0.501208 0.8651
0.582743 -0.534226 0.612383
0.980011 -0.0321589 0.196329
-0.915653 -0.295459 0.27255
0.250838 0.706149 0.662143
0.642719 0.646605 0.41087
0.732109 0.347367 0.585963
0.734967 0.636109 0.234921
0.0648479 0.7546 0.652973
0.675028 0.732699 0.0865381
0.102798 0.247066 0.96353
0.0942286 -0.949489 0.299317
-0.530887 -0.090649 0.84258
-0.190493 -0.720659 0.666605
-0.818971 0.10888 0.563411
0.91427 -0.399733 0.0657518
0.499421 0.855598 0.136124
0.16747 0.449164 0.877614
0.612042 -0.360874 0.703686
-0.445049 -0.894429 0.0439166
-0.850202 -0.173742 0.496961
0.113643 0.926292 0.359261
-0.736348 -0.168357 0.655323
-0.709852 0.655298 0.258253
-0.600013 -0.158327 0.784166
-0.218777 0.529297 0.819744
0.861812 0.499028 0.0908315
0.519223 -0.381524 0.764753
-0.365643 0.63205 0.683241
0.412116 0.907053 0.086113
0.72169 0.601935 0.341817
-0.106171 -0.85561 0.506615
-0.72643 -0.628043 0.279037
0.906568 0.402166 0.128053
0.831144 -0.52405 0.185931
0.218936 -0.964437 0.148085
-0.744785 -0.645703 0.168414
0.883592 -0.199074 0.423833
0.238101 -0.521048 0.819644
-0.384335 0.862248 0.329871
0.322891 -0.667789 0.670671
-0.755079 -0.653227 0.0561279
0.200207 -0.432686 0.879034
-0.515279 0.365026 0.775399
0.699457 -0.342 0.627531
-0.201108 0.86401 0.461566
-0.0435345 0.734151 0.677589
0.792912 0.161431 0.587563
-0.744746 0.287277 0.60235
0.971202 0.221945 0.08664
0.402452 -0.899296 0.17117
0.96214 0.190596 0.194834
0.0179699 0.955722 0.293722
0.578101 -0.274639 0.768357
0.226837 0.970219 0.084969
0.404501 0.861467 0.307007
0.0884207 -0.437334 0.894942
0.627497 -0.173424 0.75906
-0.164005 -0.981746 0.0963142
0.995985 0.00111337 0.0895176
0.548137 0.0929182 0.831211
0.171449 -0.608942 0.774465
0.89646 -0.279468 0.343885
-0.940704 -0.301702 0.155084
0.527482 -0.786677 0.320783
0.331486 -0.847601 0.414354
0.214018 0.251288 0.943955
0.954137 -0.295218 0.0496866
0.7502 -0.241753 0.615431
-0.538417 -0.376196 0.754045
0.797642 -0.594125 0.103846
-0.638339 0.736772 0.222913
-0.00627288 0.220016 0.975476
-0.171767 0.984652 0.0309357
0.172213 0.150536 0.973489
-0.915858 -0.0136902 0.401268
0.0146374 -0.52573 0.850526
0.887645 -0.427163 0.172098
-0.68515 0.242006 0.687024
0.365305 -0.323402 0.872905
0.517512 -0.202928 0.831265
-0.992801 -0.108285 0.0511943
-0.382417 0.896848 0.222307
0.411152 0.889843 0.197821
-0.918576 0.101279 0.382048
-0.209257 -0.48974 0.846384
-0.401394 0.535843 0.742802
-0.864705 -0.377145 0.331733
-0.261238 -0.964386 0.0414035
-0.669153 -0.708518 0.224136
-0.24673 -0.103936 0.963494
0.590735 0.804362 0.0635162
-0.746075 0.523216 0.411846
-0.0682252 -0.30286 0.95059
-0.299715 -0.694475 0.654122
-0.943795 0.239532 0.22776
-0.176418 -0.888171 0.424299
0.462791 -0.849653 0.252813
-0.00878402 -0.966606 0.256117
0.0751874 -0.816397 0.572575
0.746607 0.653628 0.123888
0.488191 -0.562024 0.667682
0.0620389 0.13108 0.989429
-0.679312 -0.101894 0.726741
-0.845973 0.373374 0.380686
-0.178772 -0.316586 0.931565
-0.911115 0.210573 0.354299
-0.0525695 0.404009 0.913243
-0.259596 0.66869 0.696753
0.348778 0.0705998 0.934543
-0.182184 0.62001 0.763149
0.896957 0.373299 0.236889
-0.871233 0.165394 0.462166
-0.514835 -0.828883 0.218858
0.132734 -0.988005 0.0789141
0.579626 0.193915 0.791474
-0.108525 0.845064 0.523535
-0.120626 -0.665713 0.736393
-0.136816 -0.0910904 0.9864
0.0891908 0.524573 0.846681
0.565349 0.726462 0.390684
-0.639462 -0.493273 0.589721
0.247403 0.351194 0.903025
0.292725 0.836427 0.463359
-0.700396 0.712622 0.0402057
-0.256384 0.311467 0.915017
-0.880226 -0.278346 0.384351
0.236133 -0.971032 0.0365882
0.855945 0.192557 0.479875
-0.538493 0.146898 0.829727
0.64213 -0.439386 0.628179
0.41133 -0.0205906 0.911254
-0.347575 -0.608469 0.713412
0.103369 -0.687002 0.719265
0.495669 0.832728 0.24673
0.707278 0.030894 0.70626
0.199871 -0.944846 0.259455
0.059502 -0.610416 0.789843
-0.420339 0.420008 0.804306
-0.325917 0.715385 0.618064
-0.465999 -0.76586 0.44306
-0.290051 -0.289603 0.912141
-0.161868 0.104391 0.981275
-0.974137 -0.0957591 0.204665
0.386248 0.173404 0.905949
0.521826 0.620678 0.585198
0.739621 0.672903 0.0127548
0.0392023 0.677133 0.734815
0.240933 0.0575417 0.968835
-0.705813 0.489624 0.511953
-0.925995 -0.195005 0.323274
-0.219933 -0.830747 0.51136
-0.169174 -0.959684 0.224472
-0.396529 -0.510879 0.762737
-0.978191 0.0620733 0.198214
0.486095 0.184531 0.854201
0.321437 -0.941156 0.104422
-0.487019 0.720971 0.492964
0.428111 0.630336 0.647609
0.666076 -0.260877 0.698774
0.257899 -0.142978 0.955534
-0.0527021 -0.59995 0.7983
0.795038 -0.141213 0.589893
0.776535 -0.322737 0.541142
0.825388 -0.223383 0.518493
-0.881493 0.47101 0.0334567
0.216737 0.926972 0.306182
-0.555661 0.516351 0.65163
0.0589103 0.428775 0.901489
-0.616118 0.194976 0.76314
0.547093 -0.466166 0.695255
