-0.653033 -0.485442 0.581287
0.272856 0.941539 0.197619
-0.599495 0.38268 0.702966
0.203619 0.869733 0.44956
-0.140882 -0.761746 0.632373
0.7414 0.666667 0.0766917
-0.985588 -0.169042 0.00641573
0.221975 -0.866721 0.446678
0.976194 0.129077 0.174313
-0.326292 -0.716882 0.616128
0.0383636 -0.994159 0.100874
-0.411156 0.385007 0.826269
-0.553538 0.762314 0.335369
-0.149075 0.534664 0.831812
0.549512 -0.416828 0.724079
-0.652231 -0.691029 0.311566
-0.776975 -0.488974 0.396502
-0.838877 0.421454 0.344472
0.0126059 0.189901 0.981722
0.729522 0.119092 0.673509
0.575471 -0.770711 0.273566
-0.777575 0.165781 0.606542
0.424994 0.621762 0.657869
-0.491333 -0.569716 0.658799
0.502322 0.251769 0.827215
-0.0210493 -0.94924 0.313847
-0.734843 0.269169 0.622539
0.6217 -0.463603 0.631317
-0.140525 -0.885149 0.443582
0.581235 -0.680565 0.446091
0.635991 -0.0469326 0.770268
0.128797 -0.974513 0.183675
-0.774987 -0.0234184 0.631543
-0.649087 -0.113955 0.75213
0.739234 0.504874 0.445685
0.957832 -0.184565 0.220213
0.583593 0.181882 0.791415
-0.0179727 0.982752 0.184051
0.8865 -0.164381 0.432547
0.333909 0.303114 0.892539
0.0296989 0.651097 0.758413
-0.713839 -0.689052 0.12506
0.151058 0.532002 0.833159
0.110652 -0.881145 0.459717
0.149823 0.433533 0.888595
0.441983 0.861019 0.251588
0.0995965 0.902211 0.419637
-0.0754821 0.683166 0.726351
0.624508 -0.595012 0.505915
0.747953 0.4171 0.516328
0.512866 -0.516582 0.685646
0.975915 -0.189125 0.108729
-0.659759 -0.564463 0.496083
-0.892397 0.436271 0.115304
-0.207248 -0.943085 0.260076
-0.705191 0.651449 0.279858
0.718647 -0.305226 0.624807
0.789995 0.511091 0.338665
-0.902397 0.106672 0.417493
0.0339117 0.297403 0.95415
-0.387379 0.783575 0.485744
-0.1921 0.77731 0.599072
-0.102694 0.883862 0.456335
-0.995373 0.0425852 0.0861359
-0.154532 -0.986956 0.04515
-0.307933 0.380427 0.872039
-0.455121 -0.889651 0.0372288
0.634205 0.747216 0.198625
0.596727 0.802423 0.00585
-0.571812 0.0883249 0.815616
-0.954056 -0.23507 0.185792
-0.378861 0.886643 0.265196
-0.932287 -0.360063 0.0345653
0.688892 -0.503454 0.5215
-0.894101 -0.188034 0.406482
0.393449 0.109655 0.912783
0.316792 -0.220034 0.92262
-0.0419297 -0.802139 0.595663
-0.506956 0.393474 0.766925
0.479937 -0.823133 0.303501
0.166799 -0.824922 0.540075
0.22075 -0.755812 0.616456
-0.393088 -0.8925 0.221193
-0.848753 0.14976 0.507139
0.601497 0.386928 0.698919
-0.189956 -0.534984 0.823231
-0.633079 0.685268 0.360027
0.676631 0.308081 0.668772
0.83785 -0.252437 0.484028
0.0155859 -0.212616 0.977011
0.226203 0.974032 0.00969541
-0.478507 -0.484726 0.732169
0.593817 0.744901 0.304144
0.138947 0.624141 0.768858
0.679682 0.672193 0.293579
-0.00810706 0.0798321 0.996775
0.533582 -0.756777 0.377596
-0.816256 0.0646904 0.574057
0.650986 0.0999482 0.752481
0.109473 -0.774302 0.623275
0.4788 0.865891 0.144856
0.674166 0.497391 0.545988
-0.239772 0.127246 0.962454
0.673611 -0.617203 0.406581
0.447457 -0.886688 0.116471
-0.379846 0.721002 0.579545
-0.565698 0.296962 0.769285
0.600874 0.481931 0.637724
-0.525984 0.190776 0.828822
-0.639634 -0.399292 0.656836
0.672111 -0.144528 0.726208
-0.929933 -0.337792 0.145332
0.483901 0.718761 0.499221
-0.214102 0.934427 0.284617
0.0540275 -0.835801 0.546368
0.97585 0.0244685 0.217066
-0.4722 0.290101 0.832387
0.739265 -0.526235 0.420195
0.830325 -0.352346 0.431756
-0.577291 -0.569208 0.585438
0.517808 0.363216 0.774563
-0.703106 0.450487 0.550186
-0.100006 0.98926 0.106597
-0.264669 -0.960977 0.0804615
-0.12925 -0.931145 0.340975
-0.537847 0.835334 0.113744
-0.38959 0.836413 0.385529
-0.322673 0.194958 0.926214
-0.407534 -0.644588 0.646855
0.0756431 0.00395955 0.997127
-0.930258 -0.209082 0.301503
-0.474297 -0.868092 0.146491
0.810992 -0.448523 0.375657
0.434843 -0.803553 0.406466
0.920688 -0.375619 0.106035
-0.727157 -0.473755 0.496789
0.303766 0.948685 0.0878773
0.853086 0.423871 0.304267
0.929821 -0.166499 0.328194
-0.198879 0.967404 0.156769
0.907228 0.411849 0.0855403
-0.701766 0.182035 0.688759
-0.98177 -0.149305 0.117622
-0.253748 -0.0807476 0.963894
-0.397466 -0.563113 0.724517
0.398729 0.844417 0.357736
-0.579175 -0.643575 0.500368
0.866876 0.238608 0.437712
-0.079886 -0.512855 0.85475
-0.0997415 -0.966939 0.234694
0.85454 0.50472 0.122552
-0.0979433 -0.243977 0.964822
-0.99694 -0.0630983 0.0461436
0.485724 -0.732055 0.477669
0.886162 0.419748 0.196286
0.813309 0.333992 0.476423
0.56619 0.0707358 0.821234
-0.010667 0.916657 0.399533
-0.202971 0.891593 0.404803
-0.179718 -0.971552 0.154234
-0.623177 0.465151 0.628717
0.632327 -0.772733 0.0552007
0.691751 -0.710603 0.128546
0.447451 -0.466499 0.762998
-0.371176 0.287411 0.882963
-0.307862 -0.904741 0.294388
-0.559416 -0.114791 0.8209
0.846607 0.0343941 0.531106
0.0373938 0.434296 0.899994
-0.772694 -0.633371 0.0422502
-0.451167 0.570172 0.68655
0.807308 -0.177415 0.56283
-0.19831 0.839912 0.505193
-0.526773 -0.30673 0.792734
-0.376106 0.917612 0.128581
0.131802 -0.17752 0.975251
0.125266 0.708309 0.694699
-0.836231 -0.543962 0.0694474
0.100159 -0.283831 0.953629
-0.683883 0.369833 0.628909
-0.355569 0.562625 0.74634
0.872071 -0.462858 0.158917
0.54324 0.808873 0.224978
0.743846 -0.0842629 0.663018
-0.472472 0.715174 0.515069
0.634311 0.663526 0.396716
0.859936 0.139221 0.491048
-0.779548 -0.186383 0.597969
-0.933788 -0.103807 0.342438
0.591602 -0.202423 0.780405
0.330529 -0.840361 0.429585
0.667831 0.205369 0.71542
-0.293429 -0.937475 0.187192
0.380246 -0.398191 0.83478
0.471861 0.0347458 0.880988
-0.071325 -0.989256 0.127618
0.407767 0.790652 0.456723
0.515578 -0.833935 0.196806
-0.463087 -0.108469 0.87965
-0.873433 0.0219546 0.486449
-0.0971204 0.826958 0.553812
-0.0184856 0.955697 0.293771
0.476348 -0.61017 0.633076
0.659491 -0.255187 0.707072
0.244504 0.571472 0.78335
-0.133202 0.435035 0.890506
-0.475781 0.0876402 0.875186
-0.312121 -0.635002 0.706649
0.764894 -0.432298 0.477552
0.949157 0.136216 0.283807
-0.883714 -0.292716 0.365195
-0.551957 -0.398843 0.732303
-0.616976 0.196517 0.762051
0.408183 0.703553 0.581721
0.573331 0.811061 0.116072
0.25531 -0.965779 0.0456836
0.571859 -0.559924 0.599552
0.329333 -0.733861 0.594127
-0.332102 -0.789612 0.515966
0.378324 -0.864799 0.330141
-0.922448 0.185245 0.338783
0.285752 -0.326515 0.900963
-0.359351 -0.0988357 0.927954
-0.740571 0.0780635 0.667428
0.389847 -0.292363 0.873237
0.707375 0.0133664 0.706712
0.978333 0.206981 0.0047466
-0.700656 0.691852 0.174417
-0.698998 -0.714943 0.0160634
-0.493015 -0.792782 0.358376
-0.701159 -0.305121 0.64442
-0.873044 0.229135 0.430455
0.749269 0.322645 0.578356
0.545342 -0.0391648 0.837298
0.338903 0.89861 0.278648
-0.368744 0.645444 0.668902
-0.235565 0.465176 0.8533
0.0106179 -0.977816 0.209197
0.15768 -0.701496 0.695011
-0.835173 -0.0661878 0.54599
0.462529 -0.886593 0.00447243
0.532268 -0.649438 0.543066
0.714964 -0.630454 0.302249
-0.0939162 0.152228 0.983873
0.874433 -0.0630197 0.481035
-0.34082 0.472428 0.812806
-0.146137 -0.0557595 0.987692
0.811555 0.582112 0.0502405
0.0110056 -0.909846 0.414799
-0.0368055 -0.029451 0.998888
0.338968 0.59723 0.726923
0.276949 -0.805395 0.524059
-0.963319 -0.0248179 0.267208
0.716286 0.589139 0.373965
-0.229206 -0.703753 0.672456
0.00585838 0.804158 0.594387
-0.239278 -0.77902 0.579546
-0.377834 -0.4762 0.794025
-0.954526 0.252236 0.158924
0.66098 0.745124 0.0888547
-0.0456338 -0.864108 0.501233
-0.421582 -0.00691625 0.906764
-0.183445 0.982551 0.0306785
0.431972 0.533037 0.727511
-0.825727 0.328888 0.458265
0.505376 0.862186 0.0350799
0.344061 -0.497984 0.796012
-0.251775 0.557913 0.790786
0.293008 0.877004 0.380802
-0.970751 0.23516 0.0483978
-0.176755 -0.163195 0.970631
0.288535 0.0760046 0.954448
-0.924092 0.00154227 0.382166
0.661479 0.582351 0.47256
-0.986419 -0.0439572 0.158255
-0.619157 -0.30856 0.722104
-0.773565 0.505774 0.381824
-0.502328 -0.722477 0.475073
0.0695007 -0.388132 0.91898
0.79118 0.589978 0.161118
-0.924805 0.271814 0.266182
0.596634 0.286126 0.749773
-0.324664 -0.285212 0.901802
-0.126187 -0.686876 0.715736
0.945001 0.0312896 0.325568
-0.878094 0.316455 0.358897
-0.496656 -0.647981 0.577454
-0.145114 -0.828312 0.541149
-0.937543 0.338731 0.0792116
-0.839022 -0.277695 0.467897
0.781315 0.0320301 0.623314
0.810343 0.237738 0.53556
-0.906464 0.422263 0.00405278
-0.0377161 -0.421432 0.906075
0.21071 -0.252315 0.944425
0.814327 -0.0654808 0.576701
-0.79561 0.599193 0.0892928
-0.559286 0.69981 0.444371
-0.41902 -0.792133 0.443788
0.0902927 0.984295 0.151692
0.607809 -0.776656 0.165448
-0.230882 -0.897074 0.376766
0.16632 0.958573 0.231247
0.746537 -0.63646 0.193907
-0.178392 0.705846 0.685535
-0.785032 -0.562576 0.259292
-0.061306 0.597938 0.799194
0.847582 -0.457372 0.269103
-0.210408 -0.622062 0.754167
0.920849 -0.275918 0.275511
0.519232 0.461712 0.71918
0.203227 -0.942981 0.2636
0.217077 0.74034 0.636218
-0.634994 0.618097 0.463399
0.147569 -0.986364 0.0728686
-0.948842 0.0805904 0.305292
0.0919231 0.944579 0.315152
0.244151 0.371703 0.895671
-0.163673 -0.44206 0.881927
-0.7219 -0.652107 0.231553
-0.552203 0.636903 0.537984
-0.783463 -0.602927 0.150546
-0.621393 0.768854 0.150778
-0.462168 0.648017 0.605371
-0.27254 -0.460859 0.844589
0.543538 -0.834831 0.0873148
-0.774271 0.429276 0.465001
-0.376515 -0.919527 0.112723
-0.706432 0.529596 0.469554
0.489546 -0.257418 0.833115
0.575454 0.652843 0.492594
-0.915899 0.354039 0.189171
0.489642 0.144335 0.859894
-0.121065 -0.348757 0.929361
0.197903 0.97296 0.119098
-0.613974 -0.0131453 0.789217
0.885097 -0.265551 0.382212
0.0134975 -0.740212 0.672238
0.345195 -0.109849 0.93208
-0.548926 -0.832999 0.0692273
-0.844756 -0.171763 0.506837
-0.15693 0.33191 0.930166
-0.298728 0.889867 0.344815
0.110067 0.848093 0.51829
0.0988553 0.115324 0.988397
0.865605 0.332315 0.37456
-0.364018 0.931363 0.00738283
-0.154595 0.0569237 0.986337
-0.164986 0.624807 0.763149
-0.88463 -0.412993 0.216489
0.5732 -0.311618 0.75785
-0.281438 0.956204 0.0804189
-0.0458686 0.501625 0.863869
-0.834908 -0.392536 0.385803
-0.914264 -0.312213 0.258155
0.912089 0.237568 0.334148
-0.0681096 -0.137505 0.988157
0.161192 -0.0687954 0.984522
-0.759474 0.352603 0.54669
-0.0733827 0.262815 0.962052
0.777343 -0.334493 0.532779
0.342374 0.505084 0.792256
-0.020423 -0.663461 0.747932
0.626739 -0.699034 0.344311
-0.836839 0.522981 0.161838
0.679678 0.405354 0.611331
0.902142 0.0339784 0.430099
0.735736 -0.196013 0.648284
0.959459 -0.0727511 0.272298
0.591678 0.571139 0.568962
0.994242 0.00712797 0.106922
0.233248 0.266402 0.935214
-0.64941 -0.639193 0.411945
-0.438842 0.483167 0.757606
-0.676672 -0.212824 0.704856
-0.477253 0.77295 0.418064
0.311975 -0.917631 0.246221
0.967391 0.225307 0.115721
0.42851 0.336594 0.838501
0.126291 -0.553622 0.823136
-0.963553 -0.257188 0.0736137
-0.707046 0.597085 0.378913
0.757859 0.594375 0.269013
-0.630152 0.546991 0.551099
0.00822856 0.997144 0.0750683
-0.534198 0.478108 0.69717
0.231294 0.660186 0.714603
0.945075 -0.282246 0.164837
0.047714 -0.488284 0.87138
0.957414 -0.28425 0.0505933
0.212364 0.809677 0.547106
0.948354 0.313592 0.0477919
0.923033 -0.0658086 0.379049
-0.717556 -0.39287 0.575123
-0.958008 0.167028 0.233074
0.902164 -0.371826 0.218736
0.161569 -0.916753 0.365322
-0.574218 -0.767935 0.283813
-0.981199 0.148276 0.123545
0.433622 -0.696676 0.571502
-0.24495 -0.36523 0.898113
0.378184 0.909617 0.171971
-0.294514 -0.551349 0.780561
-0.991432 0.130023 0.0124911
-0.205709 -0.268363 0.941098
-0.0880749 0.759756 0.644216
0.200239 -0.618987 0.759447
0.499251 0.801638 0.328822
0.503582 0.641201 0.579022
0.637989 -0.362606 0.679328
0.831269 -0.547495 0.0961263
0.885234 -0.463073 0.0438616
-0.295733 0.843678 0.44805
0.812085 -0.54541 0.207475
-0.635304 -0.766027 0.0979416
-0.40364 -0.854455 0.32708
0.76537 -0.638282 0.0824942
0.780552 -0.539435 0.31583
0.717158 0.671362 0.186969
0.166486 -0.46006 0.87214
0.871616 0.490047 0.0118095
0.904948 0.329997 0.268646
-0.28415 -0.187016 0.940364
0.274964 -0.431052 0.859412
-0.841841 -0.509863 0.177042
0.664292 -0.708521 0.238148
0.418665 -0.18427 0.889249
-0.353957 -0.382968 0.853258
0.384003 -0.773859 0.503671
-0.855873 0.515369 0.0433286
-0.239329 -0.843621 0.480652
-0.417433 -0.723623 0.549655
0.311067 0.184507 0.932306
0.416679 -0.880757 0.225045
-0.0399067 -0.999013 0.019504
0.308953 -0.592119 0.744274
-0.65454 0.284011 0.700654
0.0886964 -0.953735 0.287266
0.117313 0.992196 0.0422466
0.140034 0.330267 0.933442
0.2076 0.154022 0.966012
-0.62992 0.732726 0.257515
-0.398308 -0.199746 0.895239
0.271663 -0.896617 0.349682
-0.291296 0.786083 0.545179
-0.0140097 -0.317769 0.948065
0.178112 -0.356979 0.916974
0.407352 0.911109 0.0628023
0.932679 0.323637 0.159278
-0.54582 0.806941 0.225672
-0.520997 -0.0136214 0.85345
0.115723 0.783336 0.610731
-0.86476 0.442961 0.236591
-0.892775 -0.437728 0.106523
-0.978525 0.0620664 0.196563
-0.261342 0.289717 0.920741
0.991713 0.111538 0.063758
-0.117292 0.964911 0.234925
-0.289845 0.0260996 0.956718
-0.729895 -0.118277 0.673249
-0.456733 0.887891 0.0551858
-0.787058 -0.378387 0.487199
-0.328034 -0.850581 0.410982
-0.730088 -0.583406 0.355822
-0.568564 -0.48697 0.66302
0.982481 -0.0902472 0.163052
-0.105361 -0.60264 0.791027
0.237466 -0.958617 0.157044
0.119219 0.224437 0.967168
-0.544035 0.562467 0.622621
-0.294872 0.933158 0.205589
-0.373515 0.0940889 0.92284
-0.458974 0.868417 0.187603
0.247235 0.473779 0.845227
0.310184 0.759051 0.572387
0.266841 -0.0345623 0.963121
0.324351 0.68284 0.654619
0.872098 -0.363696 0.327367
-0.468098 0.829544 0.304533
0.344786 -0.92839 0.138617
-0.964892 -0.130723 0.227806
-0.647948 -0.733463 0.205415
0.515627 -0.147994 0.843935
0.54576 0.733154 0.405748
-0.59052 -0.214593 0.777969
-0.178827 0.222327 0.958432
0.432943 0.437626 0.788064
0.910277 0.139271 0.389872
-0.805853 0.250032 0.536735
0.408508 0.218461 0.886225
0.808542 0.423901 0.408126
-0.346101 -0.938181 0.00549468
0.0422188 0.561631 0.82631
-0.802675 0.52915 0.275161
-0.565414 -0.805464 0.177583
0.705394 -0.407965 0.579641
-0.266941 0.642933 0.717899
0.0894848 -0.641292 0.762061
0.241245 -0.144578 0.959634
-0.699061 -0.015719 0.71489
-0.456403 -0.395038 0.797271
0.361499 -0.931984 0.0269097
0.945664 0.233448 0.226322
0.481309 -0.364275 0.797274
-0.574599 -0.720502 0.388218
-0.430134 -0.29951 0.851633
0.0156654 0.732168 0.680944
0.302196 0.823595 0.479968
-0.889859 -0.0832439 0.448576
-0.42738 0.189376 0.884015
-0.0500282 0.368506 0.928278
-0.72598 0.684683 0.0645158
0.368921 0.000609034 0.929461
0.798628 0.137272 0.585961
0.994371 -0.0930301 0.0507054
0.515284 0.553915 0.653958
0.18441 0.0417725 0.981961
-0.117389 0.931963 0.343023
-0.770025 0.606137 0.199148
-0.775139 -0.292695 0.559901
-0.831436 -0.467817 0.299769
-0.66014 0.0934274 0.74531
-0.611139 0.790495 0.040336
0.444922 -0.0744019 0.892473
-0.487563 -0.835372 0.253843
0.201242 0.921515 0.332134
0.741973 0.223493 0.632081
0.236874 -0.527986 0.81555
0.0468299 -0.105248 0.993343
-0.497461 -0.209274 0.841865
0.414208 -0.563243 0.714975
0.267776 -0.678457 0.684099
0.374773 -0.652754 0.658375
0.828284 0.509863 0.232348
2.39392e-16 0.866025 0.5
0.340355 0.406688 0.847799
-0.281694 0.718867 0.635515
0.0047459 -0.577265 0.816543
