-0.851346 -0.0913153 0.516596
0.852481 0.272979 0.445823
-0.194061 0.322592 0.926431
0.713875 0.68113 0.162617
0.729545 0.167582 0.663084
-0.709833 -0.624795 0.325219
0.981584 -0.153992 0.113046
0.823533 0.504106 0.260137
-0.792616 0.573471 0.2071
-0.522619 -0.852212 0.0245528
0.257099 0.863738 0.433425
-0.801458 -0.464694 0.376462
-0.0761183 0.140694 0.987123
0.148161 0.673691 0.724009
0.210241 0.0458169 0.976575
0.00135297 -0.937368 0.348338
-0.975248 -0.0923527 0.200902
-0.920693 0.072919 0.383414
-0.294635 0.666981 0.684344
0.0547627 -0.331152 0.941987
0.518647 -0.727007 0.449962
0.914579 0.329138 0.234976
-0.463864 0.360999 0.809018
0.679606 -0.219769 0.699884
-0.810268 -0.285091 0.512044
-0.491351 0.853345 0.174292
0.446678 -0.562234 0.695968
-0.65833 0.709236 0.252161
-0.361054 0.384749 0.849475
0.0249759 -0.973039 0.229286
-0.781766 -0.613476 0.111752
0.325154 -0.802083 0.500937
0.642014 0.758876 0.109202
-0.602274 0.238322 0.761885
-0.594096 0.0464176 0.803054
0.837996 0.524666 0.14996
0.827634 -0.409156 0.384206
0.454285 -0.642657 0.616942
0.686402 0.501922 0.526238
0.4413 -0.892836 0.0899895
0.363655 -0.445963 0.817846
-0.293687 0.953068 0.0735437
0.423269 0.0234565 0.905701
-0.998118 0.0331826 0.051563
0.411864 -0.161717 0.896781
-0.6099 -0.790155 0.0606347
0.618556 0.713563 0.328961
0.334095 -0.242501 0.910809
0.903543 0.0866801 0.419638
0.685416 0.270824 0.675914
0.378256 0.128196 0.916782
-0.0570725 -0.995994 0.0688411
0.762983 -0.497245 0.413042
-0.0925745 -0.953281 0.28755
-0.48309 0.873275 0.0633623
-0.655637 0.741254 0.143817
-0.905478 -0.0950424 0.413615
-0.496395 0.820873 0.282417
-0.298659 0.813247 0.499432
-0.0303079 0.737558 0.674604
0.198937 0.979083 0.0426662
0.206748 -0.94453 0.255181
0.876654 -0.393101 0.277399
-0.573893 0.495437 0.652065
0.150118 -0.271141 0.950761
0.262303 0.506034 0.821661
0.379633 0.318794 0.868475
0.53132 0.382423 0.755945
-0.652581 0.66793 0.357781
-0.0136965 0.0472159 0.998791
0.956068 -0.0876102 0.279747
0.988938 0.055091 0.137723
-0.400262 0.0830257 0.912632
-0.836146 0.434463 0.334816
0.363858 0.657298 0.659975
-0.898231 0.413643 0.148594
0.051853 -0.99375 0.0988585
-0.781903 0.323454 0.532921
0.261241 -0.60799 0.749734
-0.0318636 -0.751345 0.65914
0.754466 0.571546 0.322671
-0.668657 -0.699788 0.251385
-0.129397 0.237334 0.962771
-0.538381 -0.831354 0.137827
-0.458593 -0.86181 0.216738
-0.514513 0.444228 0.733443
0.624478 -0.495043 0.604119
-0.595866 -0.543657 0.591084
0.0357432 0.672506 0.739228
0.620862 -0.578963 0.528519
0.33931 -0.933381 0.116915
0.881857 0.429972 0.193526
-0.23598 -0.56489 0.790704
0.862123 0.406627 0.302322
-0.74654 -0.276855 0.605004
0.453241 0.829076 0.327422
0.91707 -0.107836 0.383866
0.476795 -0.0715668 0.876096
0.923372 -0.204167 0.325116
-0.040885 -0.38754 0.920946
0.37456 0.886868 0.270498
-0.560705 0.34308 0.753595
0.443992 -0.719197 0.53444
-0.54822 -0.799405 0.245777
0.942094 0.111369 0.316317
0.76861 -0.413195 0.488373
-0.160348 -0.186334 0.969313
-0.721227 0.689371 0.0678108
0.213034 0.423182 0.880644
-0.239787 0.220441 0.945467
0.699001 -0.412461 0.584186
-0.295771 0.105344 0.949433
-0.786588 -0.0837582 0.611771
0.282709 -0.864059 0.416507
-0.890804 0.376132 0.254936
-0.307074 0.905245 0.29366
-0.400848 0.885849 0.233651
0.805128 -0.133803 0.577811
0.508658 0.563737 0.650744
-0.62343 -0.763272 0.169562
0.469895 0.855191 0.218741
-0.187253 0.124652 0.974371
0.266331 -0.963211 0.0359517
-0.86135 -0.193629 0.469663
0.543311 -0.484893 0.685341
-0.200647 0.500235 0.842322
0.642738 0.595987 0.481338
-0.797991 -0.602669 0.000438166
0.232797 0.803071 0.548528
0.954328 0.24583 0.169779
0.308696 0.582416 0.751996
-0.163885 -0.0742985 0.983677
-0.806817 -0.380657 0.451827
-0.0393483 -0.489074 0.871354
-0.811923 0.382256 0.441205
-0.885209 0.00345094 0.465181
0.888962 0.304359 0.342217
0.961778 0.267379 0.0590951
0.859165 -0.471767 0.198173
0.555008 0.628837 0.544546
-0.408291 0.282312 0.8681
-0.786084 0.533294 0.312522
-0.321478 -0.298204 0.898736
-0.747922 -0.374467 0.548076
0.852134 0.0598406 0.519891
-0.908817 -0.198025 0.367201
0.72105 -0.647634 0.246288
-0.508005 -0.620027 0.597911
0.936096 -0.345693 0.0649597
-0.334729 -0.500038 0.798698
0.715818 0.696446 0.0506679
-0.726875 0.625255 0.284092
-0.248436 -0.968158 0.0308294
0.888742 -0.449191 0.0914661
0.750544 -0.572645 0.32979
-0.847563 0.530598 0.010165
0.358713 -0.708445 0.607808
0.622993 0.363534 0.69262
0.701703 0.658251 0.272613
0.473732 0.478256 0.739493
0.0858314 0.946191 0.31202
-0.14309 0.419431 0.896439
-0.107745 -0.91353 0.392242
-0.125398 0.0316579 0.991601
-0.895603 -0.444564 0.0160747
-0.540302 -0.0457525 0.840226
0.549773 -0.793542 0.260844
0.25728 -0.170144 0.95124
-0.98973 0.142306 0.0135721
0.0447197 0.337215 0.940365
0.365837 -0.90365 0.222666
0.42983 0.400791 0.809082
-0.394901 0.910385 0.123499
-0.655321 -0.167149 0.736625
0.401106 0.733629 0.548545
-0.131379 -0.623262 0.770898
-0.0980942 0.991808 0.0818206
0.53578 0.0193731 0.844135
0.782498 0.614095 0.102883
-0.970273 0.225725 0.0872854
-0.228266 -0.653818 0.721399
-0.25374 0.405531 0.878158
0.0984899 0.24105 0.965502
0.936774 -0.00116774 0.349934
0.381222 -0.85029 0.362874
0.151977 0.511611 0.845669
-0.941046 0.332265 0.0634979
0.876588 -0.223621 0.426129
0.638937 -0.724122 0.259629
-0.720927 0.161598 0.673907
-0.741474 0.427766 0.516945
0.180812 -0.866481 0.465314
0.535694 -0.653159 0.535178
-0.110333 -0.859513 0.499063
0.262873 -0.691139 0.673219
0.809814 -0.0212118 0.586303
-0.475836 -0.133904 0.869281
-0.622418 0.396013 0.675107
0.384984 0.908921 0.160154
0.484504 0.302585 0.820791
0.65605 0.438186 0.614485
-0.180597 -0.959467 0.216349
0.00256092 0.999537 0.0303291
0.195332 -0.911255 0.362574
-0.11107 0.946651 0.302514
0.889274 0.449868 0.0825307
0.508707 -0.180781 0.841746
0.142932 -0.0487852 0.988529
-0.341179 -0.00935213 0.939952
-0.740691 -0.466746 0.483244
0.159389 -0.985059 0.0652222
0.716747 -0.695557 0.0497521
-0.847234 0.273751 0.455253
-0.733839 -0.176769 0.655921
-0.347076 0.200385 0.916179
0.734921 -0.12719 0.666118
0.969008 0.0275243 0.24549
0.997384 -0.0311761 0.0652143
-0.0760316 -0.980867 0.179216
-0.366816 -0.913526 0.175831
-0.848982 -0.4588 0.26217
-0.52288 0.589493 0.615706
-0.128461 -0.782398 0.609386
-0.402949 -0.220596 0.888239
-0.508361 0.257887 0.821622
-0.0303367 -0.821575 0.569292
0.423486 -0.787893 0.447083
0.0975745 0.991043 0.0911789
0.0120951 0.804407 0.593956
0.839922 0.54136 0.038208
-0.945708 -0.281044 0.163253
-0.758579 0.0185125 0.651317
-0.465983 0.540759 0.700314
0.927442 0.352408 0.12514
0.689252 -0.58035 0.433734
0.263002 -0.765089 0.587766
0.85843 0.167124 0.484941
-0.192506 0.981079 0.0206471
0.157143 0.332307 0.929988
0.09891 0.0551741 0.993566
-0.469201 -0.821737 0.323418
-0.572401 0.813008 0.106656
-0.666246 0.292388 0.686022
0.277297 0.903992 0.325429
0.981824 0.161355 0.0999312
-0.580463 0.785149 0.215879
-0.162805 -0.980859 0.10682
-0.0451738 -0.281083 0.95862
0.502397 -0.847086 0.173326
0.0365598 0.149268 0.988121
-0.232477 -0.367826 0.900366
0.970085 -0.239448 0.0399987
-0.694218 -0.71883 0.0366785
-0.140165 -0.432302 0.890768
0.596873 -0.205591 0.775548
-0.4479 -0.888332 0.101255
-0.696918 0.527018 0.486372
0.880171 -0.312892 0.356929
-0.731292 -0.548342 0.405626
0.533976 0.200982 0.821265
-0.784237 -0.544202 0.298022
-0.67781 -0.368068 0.636474
0.35801 0.851024 0.384171
-0.478973 0.729649 0.488055
0.983016 -0.0587532 0.17386
-0.70745 -0.691612 0.145559
-0.376237 -0.115282 0.919323
0.588348 0.682663 0.43338
0.613176 -0.306778 0.727944
-0.363817 0.554053 0.748774
0.967732 0.139428 0.209892
-0.203945 -0.875616 0.437839
0.161328 0.147688 0.975788
0.801958 0.140946 0.580515
-0.492052 0.779563 0.387514
0.174797 0.911451 0.372428
-0.789975 0.60515 0.0986544
0.0923697 0.974834 0.202897
-0.329915 -0.401748 0.854257
0.161617 -0.574106 0.802672
-0.661882 0.464801 0.588109
0.828779 -0.322797 0.457087
-0.716313 0.579745 0.388319
-0.712723 -0.0738507 0.697547
-0.192393 0.654789 0.730914
-0.911766 -0.285288 0.295456
-0.321796 -0.678138 0.660739
0.951583 -0.269819 0.147265
-0.454607 0.673393 0.582988
0.542978 -0.572679 0.614177
0.292474 0.950874 0.101479
-0.512718 -0.341048 0.787913
-0.653145 -0.628121 0.422924
0.194578 0.968547 0.155098
0.633575 -0.772064 0.0500062
0.288219 0.933558 0.213072
-0.399088 0.626477 0.669519
-0.863259 -0.29104 0.412407
-0.752633 -0.620341 0.220725
-0.396962 0.803404 0.443805
-0.815599 0.206611 0.540472
0.495088 -0.790886 0.359704
0.672867 -0.652591 0.348389
-0.30797 0.863785 0.398785
-0.417606 -0.618416 0.665708
-0.129418 -0.707111 0.695159
0.450835 -0.849559 0.273856
-0.111854 0.853101 0.509615
0.560251 0.811324 0.16695
0.0885023 0.593267 0.800126
-0.903033 -0.36896 0.220001
0.764037 0.442994 0.469045
-0.728602 0.661641 0.177116
-0.845504 -0.52911 0.071869
0.789432 0.340952 0.510439
0.0741824 0.903001 0.423185
0.992016 -0.126047 0.00404557
0.328765 0.229789 0.91603
-0.9669 0.0961784 0.236333
0.523692 0.760739 0.383436
0.318958 0.0368816 0.947051
0.676794 0.630883 0.37939
-0.666696 -0.549786 0.503241
0.621222 -0.404245 0.671319
0.626909 0.000930069 0.779092
-0.024186 0.58923 0.807603
-0.209819 0.912668 0.350733
-0.403683 0.849174 0.340505
-0.613884 0.56154 0.554815
0.720875 0.346746 0.600089
0.352409 -0.346083 0.869503
-0.515848 -0.533553 0.670241
-0.986669 0.013206 0.162201
-0.103919 0.97558 0.193506
-0.00844575 0.967324 0.253402
-0.113506 0.905274 0.409385
0.0387008 0.510613 0.858939
-0.985024 0.119613 0.124178
0.124197 0.805307 0.579703
0.101576 0.425744 0.899124
-0.599922 -0.453507 0.659109
-0.256401 0.574173 0.77755
-0.137713 0.584005 0.799983
0.0665449 -0.851819 0.519592
0.819866 -0.231818 0.523527
-0.38144 0.749004 0.541753
0.356748 -0.63036 0.689476
-0.423418 -0.529435 0.73513
0.83187 0.377139 0.407136
-0.500313 0.0645861 0.863432
0.371377 -0.928442 0.00866453
-0.593117 -0.735513 0.327465
0.0667868 -0.71096 0.700054
-0.74598 0.254891 0.615259
0.0479873 -0.109926 0.992781
0.413118 0.569231 0.710851
0.930631 0.365729 0.0129654
0.643842 0.188734 0.741517
0.0583461 -0.436432 0.897844
0.794372 -0.564498 0.224308
0.430699 0.786777 0.442132
-0.156008 -0.295996 0.942363
0.271549 0.139331 0.952286
-0.921515 0.270083 0.279045
0.0908991 -0.907363 0.410403
0.497984 0.712491 0.494336
-0.199244 0.970883 0.132993
0.253207 -0.0581335 0.965664
-0.888758 0.173291 0.424359
-0.872125 0.330525 0.360765
0.760694 -0.63352 0.141407
-0.239114 -0.468904 0.850267
-0.0331039 -0.584317 0.81085
-0.309876 0.483502 0.818659
0.0513647 -0.221287 0.973855
0.2339 -0.961123 0.146745
0.525932 -0.290242 0.799472
-0.567333 -0.701095 0.431971
-0.202157 0.80507 0.557669
0.699177 -0.499229 0.511783
0.477742 0.871928 0.107255
0.596638 -0.787257 0.155721
0.295698 -0.903146 0.311272
0.764194 -0.324042 0.557677
0.264594 -0.417212 0.869439
-0.944994 -0.108432 0.308591
-0.0169616 0.246922 0.968887
-0.6804 0.0287151 0.732278
0.199921 0.591206 0.78135
0.457316 -0.467432 0.756551
-0.39481 -0.770861 0.499899
-0.848177 0.477572 0.229174
-0.0804626 0.663583 0.743763
0.922047 -0.292031 0.25406
-0.0809257 0.505954 0.858756
0.724894 0.540398 0.427199
-0.0796896 0.335885 0.938526
-0.850147 0.512299 0.121652
0.570815 -0.0899089 0.816141
-0.40507 -0.700409 0.587661
0.68258 0.0837121 0.726001
0.542919 -0.837002 0.0683161
-0.827124 0.00932254 0.561942
-0.550363 0.649852 0.524206
-0.975721 -0.17817 0.127376
-0.569483 0.703121 0.425805
-0.266829 -0.953323 0.14134
-0.516561 -0.440446 0.734284
0.903116 0.193666 0.383242
-0.674742 -0.462797 0.574928
-0.579304 0.748484 0.322768
-0.423401 -0.429993 0.797394
0.433207 0.217508 0.874655
-0.386262 -0.83135 0.399573
-0.00295798 0.98975 0.142777
0.891906 -0.0210488 0.45173
0.754499 -0.227498 0.61561
0.105095 -0.946695 0.304505
0.371818 0.494842 0.785419
-0.927041 -0.364228 0.0890711
0.958204 -0.183294 0.219656
0.387269 0.920728 0.0477871
-0.303976 -0.765633 0.566926
0.829323 -0.546074 0.118432
-0.417311 -0.328744 0.847218
-0.207301 0.947547 0.243271
-0.208032 -0.81741 0.537181
-0.303102 0.934891 0.184682
-0.643852 0.764401 0.0338343
-0.959338 0.201931 0.197218
0.0664567 -0.785578 0.615184
0.636165 0.739413 0.220367
-0.599251 -0.356375 0.716865
-0.350361 -0.934288 0.0659717
-0.2095 0.865922 0.454191
-0.822048 -0.538086 0.186281
-0.861984 -0.376931 0.338977
0.258024 -0.516747 0.816331
-0.291487 -0.883453 0.366805
-0.303074 0.303975 0.903186
0.7984 0.477343 0.367015
0.248021 -0.315549 0.915923
0.996737 0.0760818 0.0269555
0.162436 -0.478506 0.862929
0.0820769 0.743101 0.664126
-0.499825 -0.23812 0.832751
0.323761 0.415533 0.850006
-0.329946 -0.592946 0.734541
-0.225206 -0.733488 0.64131
-0.0152319 0.932552 0.360713
0.934243 0.222702 0.278557
0.853773 -0.520528 0.0110982
0.196201 0.74269 0.640247
-0.443588 -0.027637 0.895805
0.591835 0.106498 0.798993
-0.286411 0.744747 0.602762
-0.934742 0.309773 0.174066
-0.637319 0.61903 0.458941
-0.0527226 -0.0588226 0.996875
0.601228 0.537099 0.59165
-0.267471 -0.208282 0.940786
-0.644683 0.133984 0.752617
0.331626 0.803902 0.493727
-0.855492 0.10406 0.507252
-0.880781 -0.450708 0.145214
-0.953843 0.00392204 0.30028
-0.802803 -0.186042 0.566476
-0.584716 -0.626645 0.515192
0.153639 -0.377637 0.913118
-0.01792 0.424478 0.905261
0.460334 0.653116 0.601275
-0.271549 -0.096601 0.957564
0.303494 0.735746 0.60545
0.433591 -0.266669 0.860748
0.709717 -0.0237783 0.704086
0.0655405 -0.627299 0.776016
0.6561 -0.113989 0.746016
0.258013 0.667862 0.698133
-0.771432 0.483958 0.413131
-0.993291 -0.0731285 0.0895828
0.162937 -0.810886 0.562063
0.866364 -0.126566 0.483108
-0.630082 -0.0635035 0.773928
-0.0493494 -0.171047 0.984026
0.538652 -0.389552 0.747063
0.682632 -0.713937 0.155909
-0.415134 0.460058 0.784863
0.353211 -0.543394 0.761554
0.819211 -0.487055 0.302771
0.774724 0.594987 0.213992
0.360224 -0.0670056 0.930456
-0.185112 0.735312 0.651959
-0.987114 -0.159157 0.0165634
0.127154 -0.975217 0.18106
0.219806 0.239579 0.945668
-0.383588 0.923429 0.0118179
-0.477919 -0.769663 0.423334
-0.031643 -0.672141 0.739747
-0.552958 0.154088 0.818837
-0.672315 -0.268594 0.689818
0.565104 0.823206 0.0546731
0.188847 0.945416 0.265565
0.790598 -0.611352 0.0347055
-0.0135199 -0.892442 0.45096
-0.951224 -0.196391 0.237913
-0.590003 -0.255056 0.766056
0.480069 0.114299 0.869753
0.759983 0.0599193 0.647175
-0.899991 0.434292 0.0375018
-0.706642 0.362853 0.607449
-0.235052 0.0127193 0.9719
0.147372 -0.160997 0.97589
3.05311e-16 0.866025 0.5
0.163597 -0.66189 0.731532
0.587004 -0.725143 0.359992
0.691827 -0.319238 0.64766
0.0634343 -0.53486 0.842556
0.567018 0.470372 0.676196
-0.0997417 0.791193 0.603378
-0.791804 0.113619 0.600114
-0.933165 0.165123 0.319276
-0.449893 0.177432 0.87528
0.157283 0.859549 0.486248
0.164006 -0.741158 0.650989
-0.963223 -0.263424 0.053009
0.77667 0.251053 0.577716
0.607033 -0.656629 0.447603
-0.300376 -0.828303 0.472957
-0.138098 -0.531114 0.835971
-0.569048 -0.152268 0.808084
-0.196271 -0.925795 0.323079
-0.376678 -0.878888 0.292693
-0.282926 -0.925841 0.250541
0.550648 0.787442 0.276988
0.911721 -0.373144 0.171839
0.583923 0.282535 0.761057
0.447675 -0.370495 0.813831
0.272837 0.330097 0.903657
-0.493901 -0.698507 0.517832
