-0.571406 0.813415 0.108863
-0.499709 0.736862 0.45533
-0.819844 0.572582 0.0024775
0.969771 0.20997 0.124329
0.0560062 0.527086 0.847964
-0.660163 -0.675835 0.327769
0.775359 -0.440805 0.452228
-0.346207 -0.668056 0.658667
0.29999 -0.844097 0.444417
-0.353618 -0.866932 0.35126
0.073217 -0.190801 0.978894
-0.253311 -0.967213 0.0182103
0.373939 0.354244 0.857135
-0.638984 -0.459272 0.617065
0.669565 -0.211854 0.711899
0.371283 -0.356427 0.857385
-0.0064426 0.99987 0.0147949
0.890968 -0.0978816 0.443391
-0.257877 0.354117 0.898944
-0.73988 -0.114657 0.662896
-0.0481645 -0.838109 0.543373
0.256936 0.932502 0.25382
-0.929174 -0.0204331 0.369078
0.499747 -0.60114 0.623606
-0.439414 -0.273911 0.855504
0.376981 -0.00108355 0.92622
0.6133 -0.728807 0.304472
-0.237191 0.676536 0.697165
-0.94963 0.271655 0.156226
-0.53605 0.47229 0.699709
0.0741565 0.190113 0.978958
0.541205 0.748919 0.382383
0.847931 0.261096 0.461347
0.98375 -0.150759 0.0975078
-0.831673 -0.554415 0.0307104
-0.781069 0.234957 0.578555
0.0461812 -0.974083 0.221426
0.625005 0.779981 0.0315947
-0.985928 -0.162106 0.0408282
1.66533e-16 0.866025 0.5
-0.860914 -0.375031 0.34377
0.382611 -0.918491 0.0999181
-0.580902 -0.813969 0.0026906
0.614265 0.486763 0.62108
-0.263364 0.929061 0.259779
0.292855 0.708062 0.642561
-0.774236 0.521918 0.357995
-0.539126 0.135083 0.831322
-0.134369 -0.467986 0.873461
0.803782 0.544273 0.24021
0.164097 -0.635006 0.754877
-0.23408 0.00041602 0.972217
0.651695 0.148285 0.743845
0.864056 -0.492308 0.105068
