0.0441243 -0.71471 0.698027
-0.366913 0.90706 0.206441
-0.449644 -0.0151005 0.89308
-0.290649 0.840244 0.457725
0.594678 -0.581184 0.555502
-0.566634 0.823968 0.00163736
-0.568883 -0.767763 0.294808
0.857392 -0.446866 0.255323
-0.927342 0.284031 0.243646
0.432151 -0.670496 0.60306
-0.283187 0.125011 0.950882
-0.778845 0.252083 0.57433
-0.198208 0.408402 0.891023
0.874422 0.138249 0.465052
0.0966086 -0.902206 0.420346
-0.0958465 -0.821576 0.561985
-0.750309 -0.187602 0.63391
0.185081 0.274934 0.943481
0.632725 0.649927 0.421014
-0.460375 -0.305594 0.833467
0.0884609 0.825479 0.557458
0.234807 -0.66254 0.711271
-0.85146 -0.499841 0.158666
0.435886 0.62065 0.651764
0.702679 -0.683794 0.196642
-0.714606 -0.636462 0.290266
-0.493581 -0.198396 0.846769
0.926536 0.138516 0.349779
0.61786 -0.697225 0.363492
0.085259 -0.991943 0.0937051
0.983804 -0.0736404 0.163424
0.706322 0.477107 0.522951
0.782961 -0.621598 0.024237
-0.327129 -0.442236 0.835113
-0.143911 -0.412603 0.899471
0.317243 0.915847 0.246132
0.526846 0.616786 0.584815
-0.599121 0.746673 0.289022
0.852964 0.509588 0.113018
0.305849 0.55762 0.771697
-0.942157 -0.335142 0.00434625
-0.173262 0.602638 0.778979
-0.00439494 -0.964557 0.263838
0.0114665 0.602131 0.798315
0.793851 -0.528529 0.300761
-0.776455 0.624519 0.084218
0.0920204 0.534722 0.840003
-0.18076 0.963886 0.195574
-0.392988 0.79296 0.465591
-0.276789 0.554021 0.785143
0.976062 0.0261379 0.215914
0.402338 0.864853 0.300255
0.902589 0.0348845 0.429088
-0.854946 -0.516588 0.0469595
-0.730219 -0.658907 0.180615
0.0650892 -0.789016 0.610915
-0.83528 -0.479705 0.268682
-0.867186 -0.240498 0.436061
0.553443 -0.807336 0.204719
-0.828156 0.063308 0.55691
0.887941 0.319306 0.331065
0.315501 0.939976 0.130014
-0.565894 -0.45514 0.687468
0.121026 0.365714 0.922825
-0.631823 0.395343 0.666711
-0.457998 0.532284 0.711977
-0.509612 0.652097 0.561306
-0.689713 -0.605735 0.396712
-0.194804 0.194653 0.961333
0.278853 -0.957176 0.0778126
0.0103948 0.997285 0.0728957
-0.203399 -0.202905 0.95784
-0.448948 -0.773818 0.446824
-0.760911 0.449966 0.467489
-0.398417 -0.872326 0.283393
0.965441 0.138542 0.220747
-0.370691 -0.671545 0.641572
0.479803 0.454296 0.750603
0.645541 0.159023 0.746986
-0.640089 0.765295 0.0678998
0.678286 -0.551586 0.48547
0.179169 -0.983316 0.0314374
-0.373138 0.0613894 0.925743
0.963387 -0.264379 0.0445922
0.820492 -0.439691 0.365329
0.835962 -0.343151 0.42827
0.379942 -0.895524 0.231692
-0.529545 -0.376577 0.760113
0.376731 0.770057 0.514864
0.470812 -0.41932 0.776213
-0.775876 0.145767 0.613814
0.471042 0.756211 0.454163
0.892709 0.418572 0.166937
0.449082 -0.0247685 0.893147
-0.477977 0.877096 0.0473364
0.210531 -0.581301 0.785981
-0.884402 0.455205 0.103057
0.0162966 0.982642 0.184796
-0.0768881 0.654983 0.751721
0.120006 0.982866 0.139905
0.247392 0.181029 0.951854
-0.930198 0.36255 0.0573553
0.979749 -0.170388 0.105164
-0.43092 -0.410528 0.803601
0.615133 0.594471 0.517895
0.77321 -0.428615 0.467371
-0.191175 0.977961 0.0839302
0.307865 0.880595 0.360238
0.0456781 0.0611917 0.99708
0.994116 0.0289165 0.104392
-0.665267 -0.735431 0.12869
-0.556946 0.365367 0.745867
-0.349879 -0.048766 0.935525
0.295397 0.832933 0.467936
-0.234707 -0.0947451 0.967438
0.0201523 -0.631953 0.774744
0.781665 0.422052 0.459207
-0.79756 -0.603234 0.00257389
-0.377443 -0.840066 0.389648
-0.927172 -0.298424 0.226483
-0.895685 -0.401238 0.191718
0.0171394 0.916255 0.40023
-0.672312 0.595517 0.439722
0.751564 -0.520503 0.405251
-0.26142 0.0150357 0.965108
0.984155 0.141457 0.106903
0.936874 0.332307 0.108811
0.152577 -0.727483 0.668946
0.357547 0.707405 0.609704
-0.612437 -0.0512988 0.788853
-0.683817 0.688255 0.24228
0.470446 -0.880943 0.051187
0.624333 -0.737312 0.258031
-0.883642 0.288769 0.368496
-0.698613 0.420692 0.578755
-0.0670459 0.0532174 0.99633
0.338083 -0.665457 0.665483
0.355053 0.178895 0.91757
-0.414065 -0.724179 0.551466
0.284946 -0.939668 0.18929
0.969261 0.240655 0.0511761
0.950926 -0.266038 0.157996
-0.0406488 -0.764997 0.64275
-0.383822 0.918604 0.0940558
0.405661 0.911481 0.0681267
0.852348 0.522975 0.000807274
-0.722515 0.613861 0.318036
-0.393417 -0.233602 0.889187
-0.545105 -0.736389 0.400738
0.172555 -0.103291 0.979569
0.315513 -0.588097 0.74471
-0.167299 0.93677 0.307366
0.173885 -0.795135 0.580968
0.577285 0.798857 0.169028
0.54209 -0.327052 0.774064
0.635612 -0.758355 0.144552
0.387374 -0.123741 0.913581
-0.63389 -0.690877 0.347666
0.961127 -0.170369 0.217278
0.489688 0.84021 0.232923
-0.495222 -0.860087 0.122498
0.596672 0.526107 0.605966
-0.484835 0.729369 0.482655
-0.716414 0.697411 0.0191808
-0.599785 0.585999 0.544852
0.558694 -0.824133 0.0930898
-0.984566 0.0857987 0.152543
-0.54272 0.0217203 0.839633
0.848274 0.0395467 0.528079
-0.174323 0.0852686 0.98099
0.469293 -0.839854 0.272779
-0.0603039 -0.34607 0.936269
0.725495 0.64478 0.240657
0.0172758 0.463487 0.885935
-0.106881 -0.971777 0.210301
-0.474798 0.219683 0.852236
0.846633 0.464791 0.259196
-0.532003 0.563135 0.632338
-0.903754 -0.420388 0.0806365
0.0792346 -0.471931 0.878068
-0.821105 0.457571 0.341198
0.505933 0.0769761 0.859131
-0.16413 0.699601 0.695428
-0.200988 -0.942849 0.265779
0.546996 -0.0258978 0.836734
-0.522264 -0.0890969 0.848117
-0.583335 -0.808884 0.0736587
-0.385451 0.283918 0.877962
-0.084776 0.987478 0.133039
0.77248 0.505837 0.383931
-0.636921 0.292469 0.713298
-0.303788 -0.926573 0.221754
0.125889 0.959922 0.250403
0.653852 0.726776 0.210413
-0.233929 -0.571353 0.786659
-0.472856 -0.642544 0.602946
-0.113356 -0.988635 0.0987452
0.780478 0.333181 0.529003
0.909966 -0.358595 0.208258
0.54645 0.679583 0.489447
0.467865 -0.868548 0.163484
0.779091 0.0559644 0.624408
0.573299 0.445321 0.687763
0.637073 -0.770132 0.0321682
-0.0955567 0.91502 0.391929
0.020154 -0.271117 0.962335
-0.469317 -0.490871 0.734021
-0.438674 0.625551 0.645175
-0.548173 0.74004 0.389675
0.922479 -0.0655806 0.380437
0.839488 0.328637 0.432732
-0.976491 -0.108232 0.186419
0.0349971 0.686208 0.726563
-0.104068 0.351685 0.930316
-0.118312 -0.133283 0.983991
0.416091 -0.588527 0.693185
0.957973 0.235696 0.16351
-0.307655 -0.748314 0.587686
0.10359 -0.564907 0.818627
-0.321824 -0.158217 0.933486
1.249e-16 0.866025 0.5
-0.0987512 0.994888 0.0211431
0.945374 0.0299696 0.324608
0.889839 -0.258823 0.375763
0.445052 -0.741398 0.502252
0.928552 -0.358362 0.0967885
-0.655273 -0.419436 0.628244
0.687122 0.0564106 0.724348
0.100368 -0.190188 0.976604
-0.358748 -0.339355 0.869562
0.728258 0.146254 0.669514
0.69676 0.560642 0.447443
-0.883747 0.0830879 0.460529
-0.0105685 -0.988095 0.153481
0.287609 -0.868626 0.403446
-0.0878094 -0.603185 0.792753
-0.406358 -0.911648 0.0614122
-0.621761 -0.342778 0.704214
0.484048 0.802946 0.347814
0.659088 0.432369 0.615353
-0.268343 0.928277 0.257477
-0.472466 0.327439 0.818266
-0.20596 0.302809 0.930531
0.711226 -0.697825 0.0848349
0.780868 -0.333642 0.528136
-0.798605 -0.590448 0.116625
-0.366955 -0.524303 0.768407
-0.95178 0.278172 0.129366
-0.787038 -0.573334 0.227729
0.959275 -0.0699481 0.273676
0.136739 0.177627 0.974552
0.793144 0.583694 0.173852
-0.29588 0.234511 0.925991
0.237896 -0.0114666 0.971223
0.729979 -0.620624 0.286281
0.299704 0.0808656 0.950599
0.0661789 0.759852 0.646719
0.87897 -0.355354 0.318018
-0.567998 -0.612263 0.550011
0.224276 0.954808 0.195043
0.507936 -0.590266 0.627365
-0.340128 0.680746 0.648766
0.521772 -0.664923 0.534446
0.293501 -0.501474 0.813868
-0.911095 0.372868 0.175714
-0.776365 -0.413078 0.476051
0.687357 -0.61234 0.390615
-0.00929496 -0.164679 0.986303
-0.760367 0.61923 0.19595
0.172668 0.772512 0.611073
-0.645802 -0.233811 0.726824
0.807499 -0.0471711 0.58798
-0.296992 0.353666 0.88697
-0.254656 0.89519 0.365767
-0.810255 -0.450458 0.374933
-0.962441 0.187663 0.196189
-0.584145 -0.790257 0.185118
-0.996867 0.0671664 0.0417619
0.281801 -0.113934 0.952684
0.44204 0.366064 0.8189
-0.522921 -0.552389 0.649168
0.221015 0.926545 0.304412
-0.60481 -0.655467 0.452291
-0.00507279 -0.542463 0.840065
-0.748887 -0.07724 0.658181
0.270902 -0.80729 0.524304
0.583436 -0.128281 0.801964
-0.735781 -0.365448 0.570153
0.4549 0.697958 0.553101
0.238296 -0.310302 0.920287
0.581376 -0.505026 0.637927
0.732618 0.680459 0.0156838
-0.96467 0.263067 0.0143731
-0.704302 -0.28985 0.648032
0.257429 -0.734876 0.627446
0.607374 -0.645313 0.463322
-0.845628 -0.347447 0.405207
-0.255132 -0.694917 0.672308
0.710134 0.612183 0.347766
0.56873 0.7738 0.278891
-0.901814 -0.274271 0.333928
0.527142 -0.224681 0.819536
0.599993 0.0685331 0.797064
0.78249 0.554842 0.282594
-0.914836 -0.0588904 0.399508
-0.708541 0.215436 0.67198
0.364501 -0.809082 0.461004
-0.535182 0.814256 0.224872
-0.653865 -0.717637 0.239704
0.542728 -0.773501 0.327327
-0.441422 0.854658 0.273324
-0.958008 0.100862 0.268415
-0.375282 0.498749 0.781289
-0.0952731 -0.8993 0.426828
-0.827753 0.540356 0.151131
-0.188913 0.508767 0.839922
-0.704359 0.697549 0.131544
0.492501 -0.506544 0.707712
0.277121 0.774963 0.56801
0.838267 -0.53937 0.0799315
-0.139518 0.775947 0.615175
-0.701593 0.107412 0.704436
-0.946515 -0.192028 0.259295
-0.875243 -0.378932 0.3006
-0.615299 -0.519159 0.593196
-0.458011 0.806376 0.374143
0.199866 0.550836 0.810329
0.446155 -0.325242 0.833765
-0.00153273 -0.928651 0.370952
-0.989114 -0.126262 0.0755746
-0.993319 -0.019948 0.11366
-0.951418 -0.0852166 0.295876
-0.220217 -0.974489 0.0432986
-0.633815 0.184892 0.751061
-0.101085 -0.942269 0.319235
-0.886567 0.189319 0.422087
-0.5582 0.260425 0.787776
0.371749 -0.414975 0.83042
-0.673849 -0.124349 0.72833
0.375871 -0.918717 0.121165
-0.691193 -0.0045409 0.722656
0.762041 0.232251 0.604444
0.121544 0.925763 0.358038
-0.807008 -0.307929 0.503902
0.507425 0.536189 0.674553
0.429089 -0.221674 0.875638
-0.463342 0.871751 0.159265
-0.17424 -0.309619 0.93476
0.90278 0.426615 0.0546667
0.699537 -0.459431 0.547331
0.595978 0.261138 0.759353
0.186723 -0.97186 0.143609
-0.316489 -0.61448 0.722668
-0.0408497 0.264135 0.96362
-0.683234 0.5147 0.517954
-0.320126 0.771836 0.549352
0.295558 0.2762 0.914527
0.495751 0.860091 0.12031
-0.858858 0.460337 0.224617
0.1579 0.0671272 0.985171
-0.289219 0.456732 0.841278
-0.275123 -0.857754 0.434241
0.832298 0.236659 0.50127
-0.795649 0.541996 0.270522
-0.972022 -0.231688 0.0386414
-0.0954123 0.455006 0.885362
-0.202282 -0.788554 0.580745
-0.348798 -0.796396 0.494058
0.577513 0.814383 0.0570919
0.345478 -0.0217078 0.938176
0.45795 0.178619 0.870848
-0.588433 -0.161677 0.792217
0.0718921 0.270943 0.959907
0.919494 0.323971 0.222652
0.148835 0.701453 0.697002
0.649042 -0.414515 0.637904
0.996184 -0.0707334 0.0511335
-0.87126 -0.133538 0.472307
0.39191 0.823652 0.409884
0.733235 0.667823 0.127982
0.835483 0.415103 0.36008
0.209609 0.884926 0.415897
0.273339 0.469999 0.839277
0.0953787 -0.84885 0.519958
-0.387586 0.171666 0.905709
-0.112766 -0.510524 0.852437
-0.707737 0.320244 0.629724
0.891548 -0.451764 0.0324232
0.332802 0.637434 0.694925
0.70164 -0.227224 0.67533
-0.475393 -0.810796 0.341483
-0.763534 0.0340217 0.644871
0.217456 0.97248 0.0836342
-0.624861 0.0685254 0.777723
-0.623795 0.760666 0.179631
-0.468714 0.098078 0.877889
-0.493637 -0.837798 0.233275
-0.0532375 0.735219 0.675736
0.61933 -0.223426 0.75267
-0.215435 0.813416 0.540317
0.797342 0.600319 0.0621518
-0.06295 -0.688298 0.722692
-0.70031 -0.469656 0.537577
0.82345 -0.533975 0.191834
0.192373 -0.912421 0.361222
-0.737615 -0.512702 0.439387
0.930686 -0.165937 0.326018
-0.0166715 -0.999013 0.0411669
0.344642 -0.31868 0.882987
-0.281052 0.948552 0.145802
0.396161 -0.505103 0.766765
-0.766754 -0.547127 0.335769
0.321553 -0.215205 0.922112
-0.360763 0.592666 0.720137
0.776037 -0.23602 0.584859
-0.999216 -0.0395026 0.00251276
-0.0786574 0.966597 0.243932
0.105934 0.881206 0.460711
0.886414 0.230764 0.401271
-0.619327 0.495218 0.609256
0.0919696 -0.974402 0.205142
0.380177 -0.860496 0.339135
0.113815 0.99312 0.0275338
0.683216 -0.124835 0.719466
0.492038 0.870538 0.00784723
0.213864 -0.205566 0.954989
-0.965082 -0.21465 0.150142
0.735342 -0.0340795 0.676838
-0.940394 -0.319596 0.116266
-0.737152 -0.672235 0.0686095
-0.194231 -0.907336 0.372849
0.682358 0.247907 0.687699
0.267143 -0.408666 0.872712
0.926111 -0.264607 0.268891
-0.915729 -0.166685 0.365591
0.533723 -0.725832 0.433944
0.353189 -0.743362 0.568041
0.379841 0.459082 0.803097
0.828978 -0.147021 0.539612
-0.423849 -0.125053 0.897059
0.773361 -0.619028 0.136807
-0.555184 0.823869 0.114064
0.166556 0.456807 0.873834
0.338571 0.37315 0.863787
-0.836137 0.1703 0.521415
0.129444 -0.295197 0.946627
0.881607 -0.449171 0.144963
-0.548829 0.467371 0.693074
0.488561 -0.126372 0.86333
0.637534 -0.0344718 0.76965
-0.974683 -0.00152671 0.223588
-0.295291 0.954807 0.0338688
-0.836301 0.276555 0.473411
-0.0899719 -0.241238 0.966286
-0.245536 0.738831 0.627568
-0.815314 -0.202083 0.54261
-0.298244 -0.895528 0.330273
-0.656996 -0.566162 0.497812
-0.0883206 0.163353 0.982606
-0.64054 0.67508 0.366027
0.0754838 -0.0478097 0.996
-0.22111 -0.478504 0.849791
-0.879879 0.373488 0.293801
-0.147406 -0.733917 0.663052
0.45561 -0.797681 0.395125
-0.0140934 -0.86682 0.498422
0.128556 -0.650437 0.748602
0.563712 -0.418894 0.711868
0.231741 0.368377 0.90033
-0.553544 0.145293 0.820048
-0.661197 -0.750026 0.0167021
-0.751528 0.531906 0.390232
-0.0372296 -0.0557772 0.997749
-0.828137 0.374283 0.417254
0.119758 0.622781 0.773176
-0.106932 0.842497 0.527981
0.502045 0.270338 0.821504
-0.0220877 0.805173 0.592628
-0.773203 0.354116 0.526078
-0.511853 -0.697499 0.501499
0.0948296 -0.944635 0.314122
0.711787 0.332457 0.618734
0.0218686 0.95545 0.294342
-0.0296514 -0.44643 0.894327
0.0243706 0.171501 0.984883
0.254313 0.709477 0.657242
0.657644 0.746762 0.0992508
-0.556432 -0.269872 0.785845
0.410886 0.542111 0.733
0.406647 0.895674 0.18002
0.37627 -0.926472 0.0084236
-0.0852726 0.552507 0.829135
-0.816972 -0.0922709 0.569247
0.190487 -0.948245 0.254059
0.932173 0.228095 0.281115
-0.38543 0.398113 0.832436
0.714855 -0.324531 0.619405
0.555267 0.170936 0.813916
-0.254147 -0.376422 0.890907
0.187063 -0.491552 0.85052
-0.98061 0.176474 0.0852132
0.815291 0.142414 0.561265
0.193043 -0.863933 0.465139
0.159365 -0.396086 0.904278
-0.259735 0.644288 0.719326
-0.182989 0.873826 0.450491
-0.402226 -0.898926 0.173626
-0.423436 -0.585062 0.691667
-0.148713 -0.0245378 0.988576
0.00854013 0.360916 0.932559
-0.309875 -0.944355 0.11032
-0.930219 0.0472682 0.363947
0.539304 0.358877 0.761813
0.641802 0.69743 0.318877
0.194087 0.833066 0.518007
0.40087 0.276115 0.873535
-0.585945 0.664106 0.464362
-0.86805 -0.0230748 0.49594
-0.172973 -0.652827 0.737494
-0.176967 -0.853522 0.490084
-0.289339 -0.265568 0.91965
-0.927457 0.198157 0.317108
0.629609 0.347595 0.694817
0.287237 -0.910205 0.298366
-0.362134 0.862509 0.353466
0.560335 0.73086 0.389704
0.759002 -0.136965 0.636519
0.405431 0.0779639 0.910795
0.0507771 -0.373705 0.926157
0.873887 -0.060568 0.482341
0.838575 -0.246066 0.48605
0.887859 -0.160396 0.431253
-0.496809 -0.867805 0.00976498
-0.839274 0.542328 0.0387287
0.310222 0.950501 0.0176208
-0.208426 -0.965623 0.15534
-0.413564 0.711212 0.568456
0.228832 0.633601 0.739043
-0.470545 0.434829 0.767796
0.631052 -0.324935 0.704408
