-0.63918 0.591345 0.491691
0.790749 -0.40611 0.45803
0.120089 0.421225 0.898971
0.988104 -0.0450888 0.147031
0.633939 -0.374384 0.676726
-0.934967 0.112078 0.336563
0.561431 -0.812837 0.155212
0.935918 -0.2394 0.258352
-0.120208 0.981912 0.146285
-0.978424 -0.198826 0.0561736
0.0168431 -0.999837 0.00649783
0.813899 0.429717 0.391039
-0.879948 0.291322 0.375264
0.0693165 0.215176 0.974112
0.606346 0.398254 0.688286
0.195854 -0.0588325 0.978867
-0.675863 -0.617715 0.402041
-0.730721 0.660511 0.172548
-0.56942 0.745263 0.346906
0.297759 0.713712 0.633999
-0.186021 -0.204867 0.96095
-0.166647 -0.844566 0.508858
0.87016 -0.426675 0.246517
-0.0387323 0.636395 0.770391
0.318059 -0.599776 0.734239
-0.752444 0.42898 0.499805
0.289331 0.951166 0.107571
-0.0910608 -0.663874 0.74228
0.071508 0.979574 0.187939
0.0496922 0.580303 0.812883
-0.687978 -0.666943 0.286137
-0.979996 0.158413 0.120469
-0.819589 -0.570895 0.0484997
-0.352791 -0.751503 0.557478
0.994606 0.0568329 0.0867706
-0.223766 0.650528 0.72577
-0.357303 0.516361 0.778271
0.958703 -0.243034 0.147725
0.275236 -0.857167 0.435327
-0.145999 -0.729366 0.668364
0.845579 -0.123792 0.519299
-0.347329 -0.924559 0.156697
-0.060766 -0.516223 0.854296
0.495351 0.868656 0.00800054
0.323943 -0.23386 0.916717
-0.657687 0.753132 0.0154762
0.180962 -0.352405 0.918185
-0.992204 -0.0905877 0.0855921
0.949709 0.0572197 0.307863
0.069125 -0.349931 0.934221
0.689355 -0.572048 0.444467
0.679265 -0.271 0.682025
0.369724 -0.128923 0.920154
-0.763905 -0.633187 0.124591
0.16733 -0.868276 0.46701
-0.752884 -0.564065 0.339111
0.0946293 0.992446 0.0780726
-0.680894 0.621588 0.387313
0.264266 0.939683 0.217164
0.398123 0.804443 0.440874
0.52987 0.568639 0.629196
-0.542339 -0.778258 0.316517
0.318443 -0.888832 0.329502
-0.0189822 0.798095 0.602233
-0.0768634 -0.232846 0.969471
0.56406 0.207073 0.799348
0.508708 -0.00307028 0.860933
0.656732 -0.0774588 0.750136
0.0473383 0.954041 0.295914
0.0440903 0.106705 0.993313
0.59555 -0.738209 0.316808
0.719373 -0.674017 0.167939
-0.195912 0.407189 0.892085
-0.248905 0.92708 0.280302
0.740743 0.225794 0.632706
-0.310109 0.946083 0.0935938
-0.687176 -0.709074 0.158125
-0.288955 0.824658 0.486255
-0.250264 -0.556505 0.792257
-0.557037 -0.446579 0.700198
0.939027 -0.139051 0.314471
-0.962881 0.0261693 0.268656
0.102861 0.318321 0.942386
-0.97184 -0.1658 0.167441
-0.937955 -0.239601 0.250664
-0.0141421 0.725169 0.688426
0.0778185 -0.753522 0.652801
-0.792772 0.101557 0.600997
0.528861 0.480331 0.699705
0.0127189 -0.813001 0.582124
-0.446153 -0.876164 0.182438
0.9205 -0.33675 0.198189
-0.558233 -0.162219 0.813671
0.892052 -0.331264 0.30742
-0.701067 0.394173 0.59425
0.920798 0.256334 0.29398
0.556107 -0.716864 0.420536
0.290718 -0.339569 0.894525
0.489065 -0.790943 0.36773
-0.292972 -0.174997 0.93997
0.90802 0.349389 0.231144
-0.119107 0.691147 0.712832
-0.210418 -0.779393 0.590145
-0.95322 -0.12987 0.272955
0.731761 -0.589972 0.341261
0.233896 -0.810191 0.537479
-0.227083 0.052374 0.972466
-0.749849 -0.661414 0.0160716
0.0104797 0.999941 0.0030157
0.47107 0.190278 0.861329
0.0146909 0.386107 0.922337
0.188634 -0.752787 0.630658
-0.107451 0.34866 0.93107
-0.587552 0.555469 0.588419
-0.428625 -0.768298 0.475393
-0.33035 0.921962 0.202126
0.45552 0.860017 0.229938
0.376079 0.911231 0.167994
0.464286 -0.640487 0.611731
0.771417 0.0559012 0.63387
-0.979783 -0.0553604 0.192249
-0.0960559 -0.995339 0.00860242
0.94916 0.254987 0.184597
-0.0186557 0.284378 0.958531
-0.672991 -0.738135 0.0473394
-0.519374 -0.848569 0.100902
-0.721515 0.52583 0.450466
0.0312367 -0.682219 0.73048
0.243498 0.541733 0.804509
0.883433 -0.0307341 0.467548
-0.985339 0.170411 0.00822691
0.755235 0.413487 0.508575
0.835373 -0.516658 0.187663
0.650162 0.220862 0.726987
-0.147545 0.132282 0.980169
-0.820906 0.357404 0.445393
-0.366893 -0.248561 0.896441
-0.268369 0.880704 0.390307
-0.587249 -0.809169 0.0195915
-0.594234 0.67732 0.433733
0.836611 -0.417982 0.35408
0.85407 -0.514541 0.0762329
0.247613 -0.934855 0.254429
-0.312549 -0.948484 0.0518699
0.848567 0.0596662 0.525712
0.314925 -0.948295 0.0394738
-0.056956 0.546064 0.835805
-0.143023 0.956565 0.254025
-0.420228 0.0889149 0.903052
-0.774266 0.324936 0.543073
0.636525 -0.54642 0.544298
-0.759148 0.550794 0.346873
0.0258154 -0.951056 0.307939
-0.788213 -0.0140926 0.615242
0.389626 -0.913534 0.116819
-0.578356 -0.0455338 0.814513
0.998466 -0.0432927 0.0345134
-0.0360087 0.974305 0.222337
-0.875256 -0.477243 0.0785221
0.282275 -0.947901 0.147662
0.102259 -0.91601 0.387902
-0.259524 -0.705192 0.659812
0.704471 -0.161219 0.691179
0.965192 -0.044717 0.257692
0.68689 0.0287858 0.726191
0.754529 0.602878 0.259278
0.224994 0.448192 0.86516
-0.732285 -0.51914 0.44074
-0.0438102 0.17701 0.983234
-0.936549 0.350355 0.0113151
-0.386992 0.416717 0.822548
-0.197467 -0.924835 0.325096
0.0700973 -0.242012 0.967738
0.294378 0.258136 0.920167
-0.404313 -0.868383 0.287127
0.601702 0.0124398 0.798624
0.395937 0.916515 0.0568698
-0.556165 0.411034 0.72231
0.819755 0.243512 0.518366
-0.529606 -0.279511 0.800869
0.657568 0.753112 0.0206794
0.396767 -0.322591 0.859366
0.985039 -0.144657 0.0936674
-0.497575 0.866457 0.0408831
-0.619112 -0.232961 0.749953
0.13881 0.518145 0.843954
0.261531 0.155006 0.952667
0.646712 -0.660669 0.381157
-0.352211 -0.834144 0.424442
0.493105 0.292805 0.819215
-0.400355 0.916282 0.0119581
0.444799 -0.7636 0.468048
-0.0858744 -0.942532 0.322892
-0.362559 0.678966 0.638402
-0.185546 0.865307 0.465635
-0.499174 -0.692561 0.520754
-0.951954 -0.304974 0.027839
-0.0995179 -0.80112 0.590173
-0.692637 -0.473517 0.544091
-0.311229 -0.61934 0.720801
0.549744 -0.566571 0.613823
-0.406604 0.311512 0.858856
-0.124231 0.767134 0.629343
0.929127 0.349705 0.120125
0.56773 -0.0936078 0.817876
0.780026 -0.139442 0.610012
-0.818973 -0.508755 0.265429
-0.523842 -0.74031 0.421344
0.619973 0.746029 0.243052
0.937965 -0.335757 0.0865424
0.232268 -0.439516 0.867685
0.0810587 -0.0735362 0.993993
-0.222322 0.302913 0.926724
-0.837834 0.252551 0.483995
-0.60791 -0.783665 0.127728
-0.0158145 -0.993299 0.114487
-0.371369 0.833342 0.409422
-0.618436 0.456463 0.63967
-0.0738914 0.448702 0.890621
0.422759 -0.579124 0.697059
0.687694 -0.671334 0.276383
0.660873 -0.743685 0.100894
-0.763744 -0.601928 0.23319
-0.913651 -0.344374 0.215983
-0.910341 0.322581 0.259269
0.0838013 0.822722 0.562233
-0.646713 -0.400594 0.649067
-0.419584 0.200517 0.885292
-0.144113 0.59931 0.787438
-0.608909 -0.501389 0.614686
-0.276198 -0.816945 0.506277
0.791055 0.610641 0.0367345
0.606082 0.578123 0.546295
0.970062 -0.240273 0.0353228
-0.848801 0.507879 0.146952
-0.493071 0.607362 0.62289
0.0888082 0.753501 0.65142
0.893832 -0.427274 0.136018
0.05669 -0.869896 0.489967
-0.366686 -0.675384 0.639842
0.718386 -0.480104 0.50341
0.367517 0.172212 0.913933
0.126833 0.0297559 0.991478
-0.913962 -0.197652 0.354412
0.203182 0.978337 0.0396667
-0.22956 0.729103 0.644757
0.855009 0.435476 0.281639
0.791262 -0.59881 0.123818
0.179437 0.972269 0.149985
-0.824484 -0.543381 0.157998
-0.217571 -0.09684 0.971229
-0.270586 -0.932487 0.239271
0.152675 0.138996 0.978453
-0.410068 -0.0232985 0.911757
0.489866 -0.867455 0.0869025
-0.998343 0.0179345 0.0546715
-0.394105 -0.135141 0.909075
0.273237 -0.524944 0.806086
-0.952177 -0.272938 0.137348
-0.0832821 0.898555 0.430886
0.380844 -0.831558 0.404312
-0.892375 0.185044 0.411614
0.527506 -0.198907 0.825938
-0.927629 0.219488 0.302208
-0.719949 0.283931 0.63329
0.87273 0.344346 0.346076
0.213593 0.878065 0.428228
0.633008 -0.745004 0.210405
-0.985477 0.0531703 0.161272
-0.323932 0.254883 0.9111
0.908502 0.0649012 0.41281
0.209709 -0.608902 0.765024
0.169321 0.691266 0.702483
0.76773 -0.596392 0.234323
-0.769589 -0.420254 0.480749
0.236648 0.0462228 0.970495
0.662487 -0.450639 0.598361
0.239121 0.915137 0.32457
0.791217 0.518275 0.324602
-0.0973715 0.994585 0.0363366
0.777805 0.610597 0.148963
-0.502341 0.0215772 0.8644
-0.292707 -0.457397 0.839708
-0.102735 0.837174 0.537201
0.340372 -0.7944 0.503065
-0.0599766 0.942308 0.329331
-0.528159 0.513954 0.675944
0.359707 0.633919 0.684659
-0.826155 0.488798 0.280259
-0.701989 -0.185323 0.687653
0.457109 -0.867758 0.195059
0.191057 0.828083 0.527045
-0.0343522 -0.74644 0.664566
0.895305 0.441921 0.0559921
-0.584414 0.191865 0.788447
-0.896747 0.074823 0.436172
0.842237 0.528759 0.105123
-0.128492 -0.984862 0.116347
0.881895 0.440422 0.168192
0.196483 0.761232 0.617997
-0.794934 0.457092 0.398933
-0.962994 0.139547 0.230587
0.322632 0.865755 0.382592
-0.397053 0.770014 0.499426
-0.231059 -0.876796 0.421712
-0.00881663 -0.912737 0.408453
0.426682 0.839189 0.337202
-0.7239 -0.0744736 0.685874
-0.590841 -0.343014 0.730239
-0.305748 -0.890114 0.337957
0.555177 0.696184 0.45509
0.978008 0.155898 0.138553
0.508345 0.391791 0.766867
-0.882623 0.420501 0.210133
0.854639 -0.224233 0.468307
-0.0126999 0.993465 0.113431
-0.962852 0.259805 0.0736023
0.798404 -0.309647 0.5164
0.717189 0.589094 0.372302
0.586865 -0.808422 0.0451921
0.409921 -0.0236351 0.911815
-0.586878 0.785286 0.197232
0.920241 0.162023 0.356238
0.263155 -0.146038 0.953636
0.930231 -0.0383347 0.364966
-0.847374 0.143305 0.511294
0.143072 -0.684889 0.714463
0.444426 -0.405762 0.79865
0.428449 0.47162 0.770718
0.528556 0.797912 0.289767
0.349436 0.89519 0.276639
-4.71845e-16 0.866025 0.5
0.757433 -0.249957 0.603172
0.0053462 -0.43658 0.89965
-0.729152 0.0552648 0.682117
-0.66231 0.738316 0.127413
0.64388 0.753504 0.132855
0.70432 0.682187 0.196351
0.590175 0.726491 0.352
0.415132 0.375508 0.828649
-0.584329 0.807225 0.0833527
0.683161 0.496145 0.535846
0.397036 0.274421 0.875817
-0.728523 0.170384 0.663493
0.258028 0.628589 0.733688
0.346824 0.550273 0.759547
-0.565625 -0.595807 0.57016
0.401873 -0.721572 0.563766
0.295456 0.823677 0.484006
-0.202381 -0.645234 0.736692
-0.661677 -0.00507436 0.749772
0.851852 -0.322561 0.412677
-0.278744 0.464327 0.840656
-0.422677 -0.903152 0.0752403
-0.935796 -0.0483123 0.349215
-0.459321 -0.488266 0.742038
-0.312797 0.75705 0.573614
-0.0283944 -0.0457851 0.998548
0.711205 0.133136 0.690263
0.903589 -0.42776 0.0234329
0.592222 -0.292454 0.750829
-0.261169 -0.282124 0.923145
0.136174 -0.949201 0.283681
0.876722 0.251321 0.410117
-0.304581 -0.0273126 0.952095
0.305515 -0.0412955 0.951291
-0.428221 0.873573 0.231293
-0.59154 -0.658482 0.465276
0.869589 0.155015 0.468812
0.574085 0.815841 0.0695006
0.149252 -0.161729 0.975483
-0.473611 0.79309 0.383017
-0.348805 0.884089 0.311002
0.0612296 -0.97709 0.203829
-0.489259 -0.0906306 0.867417
-0.433215 -0.321969 0.84182
0.156118 0.608371 0.778146
-0.107637 -0.125411 0.986249
-0.537928 -0.816359 0.210217
0.16344 -0.529443 0.832453
-0.891071 -0.0368751 0.452364
0.459293 0.732324 0.502745
0.124113 -0.816764 0.563465
0.964608 0.253481 0.0726595
-0.162825 -0.961483 0.221445
-0.450242 -0.811215 0.37311
-0.206055 -0.97814 0.0279733
0.297196 -0.741698 0.601297
-0.106593 -0.421113 0.900723
-0.719693 0.634461 0.281958
0.186891 0.243341 0.951765
-0.430603 0.562592 0.705741
0.582711 0.308 0.752053
-0.0135092 -0.60306 0.797581
-0.82261 -0.205753 0.530074
-0.227718 0.958418 0.171985
0.44294 0.5592 0.700785
0.422743 -0.854487 0.301894
0.329889 0.459472 0.824656
0.898078 -0.131995 0.419563
0.208259 0.347747 0.914167
-0.205797 0.976589 0.0626228
0.340526 -0.424449 0.838979
-0.776591 -0.144564 0.613195
0.541858 -0.393298 0.74277
-0.237512 -0.961916 0.135296
-0.54837 0.645258 0.531914
0.107262 0.877995 0.466498
-0.795014 0.597581 0.104158
0.131143 0.921894 0.364573
-0.874918 -0.446587 0.187292
-0.660536 0.123416 0.740581
0.766372 -0.50113 0.401924
-0.788089 0.21312 0.577491
0.155535 0.953326 0.2588
-0.587977 0.0667508 0.806119
0.471632 -0.110774 0.87481
-0.862777 -0.259712 0.433781
0.722317 0.686336 0.084862
0.603461 -0.634962 0.482347
0.362056 -0.665055 0.65316
0.804912 -0.593277 0.0117741
-0.612524 -0.702489 0.362387
0.630134 0.117313 0.767573
-0.898093 0.43276 0.0784071
0.526104 -0.808899 0.262484
0.937156 0.348832 0.00740591
-0.755377 -0.264034 0.599744
0.416143 -0.909272 0.00704862
0.1715 -0.96894 0.178167
-0.509041 0.134579 0.850156
0.553661 0.81292 0.18061
-0.728054 -0.371164 0.576346
0.477774 0.8703 0.119621
-0.505346 0.849367 0.152321
-0.515567 -0.544394 0.661684
0.978533 0.055003 0.198615
-0.656145 0.239866 0.715498
-0.919625 -0.377619 0.108141
0.496664 0.772485 0.395716
-0.951168 0.243987 0.189076
-0.858084 0.392846 0.330703
-0.18467 -0.487635 0.853293
-0.836549 -0.366409 0.407346
0.0314913 0.486449 0.873141
0.901248 -0.232435 0.365685
-0.0429236 -0.336707 0.940631
0.737902 -0.672541 0.0564703
-0.221298 -0.388907 0.894304
0.6106 0.489865 0.622254
-0.499695 0.25556 0.827644
0.540663 0.102413 0.834982
-0.644045 -0.116521 0.756061
-0.676632 -0.294694 0.674777
0.676371 0.670352 0.305207
0.806842 -0.510769 0.296852
0.204807 -0.976265 0.0704274
0.687923 0.404898 0.602345
-0.306557 0.3622 0.880246
0.497779 -0.306932 0.811177
0.358529 0.755482 0.548365
-0.410333 0.903494 0.123796
0.0240555 0.91611 0.400205
-0.0599577 0.062701 0.99623
0.814201 -0.0335234 0.579615
-0.316917 0.113607 0.941625
-0.329029 0.609673 0.721137
0.82241 0.338512 0.457221
-0.499748 0.726998 0.470878
-0.928426 0.34371 0.141023
-0.643989 0.716991 0.266837
-0.674083 0.494604 0.548615
-0.847096 0.0319376 0.530479
-0.152817 -0.310468 0.93822
0.314477 0.361012 0.877938
0.802579 0.148862 0.577674
-0.237961 0.193823 0.951739
0.755601 0.319746 0.57169
0.11862 -0.442134 0.889071
0.481635 -0.487787 0.728074
-0.397729 -0.425398 0.812926
0.379981 -0.507534 0.77332
0.676758 0.312576 0.666555
-0.167052 0.918746 0.357771
-0.73117 0.679573 0.0597494
-0.469025 -0.635375 0.613445
0.509653 -0.686284 0.518911
-0.46262 0.465736 0.754369
-0.139717 -0.0171178 0.990044
0.0987377 -0.60982 0.786365
-0.0505315 -0.974121 0.220306
0.0663698 0.666885 0.742199
-0.140021 -0.578694 0.803435
0.211126 -0.909415 0.358315
0.967907 -0.144846 0.205369
0.215328 -0.24802 0.944521
0.421891 0.678425 0.601454
-0.62058 -0.745985 0.241632
0.343079 0.0643379 0.937101
-0.880056 -0.149334 0.450779
-0.497602 -0.387519 0.776029
-0.250355 0.560836 0.789168
-0.642647 0.351211 0.680923
0.987851 0.153211 0.0260063
0.823557 0.524297 0.216487
0.0958171 -0.990651 0.0971019
-0.651327 -0.569613 0.501313
-0.789433 0.574451 0.216337
-0.57501 0.3054 0.759009
0.42835 -0.215614 0.877512
0.575964 -0.471007 0.668145
-0.207319 0.801511 0.560892
-0.133014 0.24271 0.960937
0.00204312 -0.15411 0.988052
0.640942 0.622886 0.448561
-0.356712 -0.523299 0.773896
-0.120236 -0.898909 0.421316
0.252903 -0.679886 0.688328
-0.330506 -0.356526 0.873874
0.743757 -0.0486428 0.666678
0.520114 0.651199 0.552649
-0.447437 0.693116 0.565146
-0.51195 0.813083 0.277132
-0.161748 0.505313 0.847641
0.743563 0.502993 0.440581
-0.415761 -0.582858 0.698155
-0.850039 0.525533 0.0353376
0.725411 -0.357309 0.588311
-0.0549105 -0.861118 0.505431
-0.800398 -0.315465 0.50975
-0.465778 -0.207572 0.860212
-0.48493 0.362945 0.795685
-0.803112 -0.467478 0.369427
-0.892916 -0.306019 0.330232
-0.863812 -0.409064 0.2941
0.956123 0.153718 0.2494
0.354973 -0.907591 0.224218
0.619991 -0.183571 0.762833
0.0516627 -0.526229 0.848772
0.444556 0.0847166 0.891736
-0.837309 -0.0830607 0.540383
