0.657372 0.625092 0.420859
-0.421071 -0.741429 0.522477
0.470001 -0.101775 0.876779
-0.0925891 -0.975235 0.200857
-0.36648 -0.576422 0.730363
0.18707 0.94163 0.27989
-0.832347 -0.502735 0.233358
-0.276077 -0.905985 0.320894
0.994534 0.067178 0.0799308
-0.138037 0.990281 0.017009
-0.996694 0.044372 0.0680567
0.406058 -0.818625 0.406166
0.36494 0.877745 0.310457
0.272431 -0.0349731 0.961539
0.405627 -0.595375 0.693538
-0.0075633 -0.14422 0.989517
-0.550807 0.7309 0.402985
0.711235 0.696673 0.0937639
0.79747 0.539157 0.270834
0.734271 -0.309553 0.604172
-0.132157 0.244516 0.960597
-0.799406 0.242213 0.549803
-0.459617 -0.829602 0.317036
0.68535 0.037236 0.727261
-0.569142 -0.244995 0.784892
0.502662 0.748287 0.432894
0.937797 -0.341125 0.0645772
-0.608876 0.167176 0.77545
0.983793 -0.121795 0.131596
0.627069 -0.0454465 0.777637
-0.606536 0.740354 0.28981
0.222066 0.973225 0.059328
-0.518386 0.8542 0.0402364
-0.692845 0.424486 0.582904
0.0047413 -0.990842 0.134941
0.707269 0.218686 0.672271
0.584651 0.362528 0.72578
-0.288061 -0.933844 0.212032
-0.842149 -0.201129 0.500331
-0.675663 0.222349 0.702881
-0.13906 -0.810304 0.569271
-0.891106 0.410141 0.194201
-0.456384 0.133418 0.879723
-0.193295 -0.264283 0.944877
-0.303055 -0.11445 0.946075
-0.0275299 0.998858 0.0390428
0.0218023 -0.935385 0.352958
-0.293114 -0.00232453 0.956075
-0.581407 -0.630901 0.513741
-0.265757 -0.627646 0.731733
-0.0911701 -0.316144 0.94432
-0.578814 0.806165 0.122771
-0.84497 -0.091338 0.526956
-0.496918 0.801371 0.332981
0.988284 -0.150956 0.0225078
0.683261 0.659779 0.312804
0.934785 -0.310124 0.173208
0.80657 -0.424498 0.411395
0.576031 -0.532364 0.620304
0.473975 -0.880524 0.00499757
-0.72391 0.603405 0.33445
-0.882933 -0.247409 0.399022
0.8346 -0.000448028 0.550856
-0.16579 0.137805 0.976485
0.224669 -0.536197 0.813644
0.0224219 -0.465238 0.884902
-0.0672933 -0.613657 0.7867
0.966627 -0.0909096 0.239514
-0.774678 -0.628583 0.0689753
0.167042 -0.00229108 0.985947
-0.74967 -0.533458 0.391685
-0.702346 -0.66803 0.245858
0.473818 0.213789 0.854278
0.955871 0.205319 0.21013
0.222507 -0.721563 0.65562
0.966442 0.256129 0.0196743
-0.656713 0.735912 0.164808
0.86926 0.261466 0.419551
-0.489531 0.321785 0.810441
-0.368169 0.616474 0.695996
-0.172704 -0.912471 0.370903
-0.706957 -0.706862 0.0236171
0.0987639 0.971394 0.215961
0.371238 -0.0762315 0.925403
-0.0984252 0.987103 0.126258
-0.168608 0.961846 0.215462
0.767155 0.00334366 0.641453
-0.71364 -7.39087e-05 0.700513
0.185225 0.813327 0.551535
0.4926 -0.522566 0.695895
-0.773643 0.0650215 0.630277
-0.835547 0.506968 0.211765
-0.37601 -0.887606 0.266029
-0.077564 0.605863 0.791779
-0.361944 -0.854283 0.373093
0.471035 0.703764 0.531829
0.220963 -0.919353 0.325522
-0.71952 -0.490405 0.491726
-0.298109 -0.225801 0.92744
-0.792819 -0.421617 0.440088
-0.0975602 0.348307 0.93229
0.310409 -0.915323 0.256572
0.740872 0.111244 0.662369
-0.726769 0.285825 0.624588
-0.0569816 0.971468 0.230224
-0.608286 -0.677091 0.414168
-0.786453 -0.15782 0.597146
0.127236 0.270356 0.954316
-0.614661 0.788607 0.017047
-0.886345 -0.459694 0.0554485
0.217252 -0.439462 0.871593
0.442585 0.00657388 0.896702
-0.720714 -0.111671 0.684179
0.412882 0.131048 0.901307
0.62481 0.580494 0.522148
-0.710431 0.497132 0.498145
0.950493 0.283039 0.128267
0.845189 -0.49533 0.200758
0.896853 -0.42225 0.131758
-0.625946 -0.39424 0.672879
0.051547 -0.741748 0.668695
0.0136444 0.989503 0.143866
-0.985562 0.156757 0.0639902
0.211017 -0.952851 0.218052
0.345463 0.0477653 0.937216
-0.693542 0.718167 0.0568828
-0.559848 -0.827856 0.0349918
-0.809022 0.574334 0.124994
0.594225 0.709166 0.379447
-0.634963 0.0457934 0.771184
0.576922 -0.236723 0.781744
-0.0518282 -0.856216 0.514012
0.400761 -0.753452 0.521248
-0.551008 -0.792298 0.262018
0.228828 -0.626385 0.745171
0.202747 0.186569 0.961294
0.431836 0.81826 0.37943
-0.169358 0.424371 0.889509
0.917797 0.23288 0.321583
-0.77103 0.635663 0.0380106
0.736742 0.57224 0.360213
-0.442168 -0.79147 0.421975
-0.557077 -0.816471 0.151793
-0.929479 -0.177633 0.323289
-0.923629 0.37184 0.0929775
0.0439551 -0.824138 0.564682
-0.960448 -0.254345 0.113352
0.600573 0.0640734 0.796999
0.977461 0.0966897 0.187673
0.170368 0.457326 0.872827
0.403019 0.778473 0.481201
-0.546465 -0.574951 0.608939
0.61467 0.740143 0.272708
-0.929409 0.0470731 0.366037
0.0706476 0.81651 0.572993
-0.9252 -0.327185 0.192236
0.0399039 0.618864 0.784484
-0.0985654 -0.991131 0.089132
0.98694 -0.0126159 0.160594
-0.419955 0.905454 0.061572
-0.951279 -0.216572 0.219465
-0.893812 -0.0273946 0.447605
-0.38879 -0.920315 0.0431541
-0.64557 0.333645 0.686965
-0.157255 -0.659013 0.735508
-0.0838469 -0.94705 0.309944
0.0352919 -0.651351 0.757955
0.573611 -0.776361 0.261217
0.488659 -0.209642 0.846914
-0.446875 0.783028 0.432631
0.241518 0.0805756 0.967045
0.48991 0.400338 0.774415
-0.889304 0.268914 0.369896
-0.183515 -0.0082367 0.982982
0.298805 -0.264583 0.916903
-0.823541 0.469857 0.317828
0.0285377 -0.561914 0.826703
0.893892 -0.447757 0.0217055
0.487627 0.564484 0.666016
0.228315 -0.806957 0.544695
-0.196891 0.58384 0.787632
0.713686 -0.700405 0.00920367
-0.289555 -0.334267 0.896897
-0.195011 -0.968707 0.153549
-0.14859 0.667774 0.729383
0.561977 -0.129005 0.817031
0.200024 -0.223983 0.953846
-0.671271 -0.586064 0.45379
-0.783689 0.422486 0.455342
0.315445 -0.469711 0.82454
-0.200134 -0.978905 0.0411189
-0.756631 -0.374286 0.536115
-0.913517 0.15863 0.374597
0.738047 0.351091 0.576213
0.902476 0.154898 0.401925
-0.628012 0.565057 0.535081
-0.754815 0.176585 0.631722
-0.397125 0.745734 0.53495
-0.553167 0.382925 0.739848
-0.557104 -0.483836 0.674936
0.38854 0.428053 0.81597
0.811556 0.10768 0.574267
0.302433 -0.941768 0.146992
-0.0739301 -0.520658 0.850559
-0.14509 -0.7396 0.657223
-0.442692 0.860321 0.252729
-0.680493 0.587736 0.437601
0.722965 -0.651712 0.229331
-0.38314 -0.910491 0.155593
-0.396022 -0.162747 0.903703
-0.0146231 -0.0281451 0.999497
0.373658 0.248144 0.893758
0.330807 0.84339 0.42339
-0.737539 0.659953 0.143174
-0.981416 0.0817684 0.173598
0.877774 0.339377 0.338137
0.531218 0.619795 0.577634
0.508041 0.0895405 0.856666
-0.556977 -0.352436 0.75204
-0.690937 -0.631352 0.352138
-0.77265 -0.608718 0.180205
-0.540762 0.809367 0.229132
-0.0059935 -0.999722 0.0227952
-0.276605 0.94231 0.188522
0.390448 0.90052 0.19135
0.850655 -0.106358 0.514854
-0.320435 0.700601 0.637558
0.280388 0.449031 0.848383
0.655572 0.14538 0.741006
-0.42523 0.667379 0.61138
-0.765727 0.349625 0.539837
0.565061 -0.824038 0.0408222
0.575801 -0.612942 0.541069
-0.293126 -0.950786 0.100416
0.564353 0.822444 0.0713548
0.673253 0.484813 0.558289
0.787083 -0.102813 0.608218
-0.468619 -0.858524 0.208163
-0.838736 0.0201782 0.544164
-0.61096 0.437699 0.659657
-0.487724 -0.662582 0.568428
0.208582 -0.332572 0.919723
0.0854844 -0.0801885 0.993107
-0.12159 0.940403 0.317582
0.780727 0.215752 0.586444
0.402454 -0.865264 0.298912
-0.634377 -0.746417 0.201064
0.967867 -0.230792 0.0998399
-0.483716 0.862714 0.147458
-0.0220538 0.269894 0.962638
-0.898175 0.338116 0.280996
0.191999 -0.113232 0.974841
0.058538 0.454448 0.888848
-0.886984 -0.431376 0.164849
0.0789753 0.996876 0.00131256
-0.0539832 0.44521 0.893797
-0.487423 -0.201379 0.849627
-0.208219 0.97256 0.103792
0.927485 0.0492354 0.370605
-0.824707 -0.309479 0.473372
0.262088 0.898364 0.352494
-0.176004 -0.473757 0.862889
0.291469 0.926111 0.239508
0.364778 0.731191 0.576453
0.314743 -0.874261 0.3696
0.889766 -0.245622 0.384691
-0.958694 -0.284405 0.00442924
-0.76538 -0.575547 0.287991
0.120129 0.987072 0.106103
0.330676 0.351612 0.875798
0.0385191 -0.889683 0.454951
-0.570018 -0.134925 0.810478
0.723683 -0.176819 0.667096
-0.623571 -0.717746 0.309839
-0.343653 0.81614 0.464562
0.0942151 -0.191691 0.976923
-0.449093 -0.604042 0.658369
0.918623 -0.278354 0.280448
0.491365 -0.804622 0.333382
0.572931 -0.805385 0.152002
0.105557 0.541414 0.834103
-0.385318 0.360369 0.849509
0.874226 0.0775198 0.479291
-0.77906 -0.266603 0.56744
0.963261 0.0184142 0.267936
0.585596 0.528052 0.615012
0.654425 -0.364001 0.662746
0.552528 0.80749 0.206574
-0.100313 0.744479 0.660067
-0.878504 -0.393455 0.270967
0.847564 -0.215321 0.485049
-0.699359 0.111896 0.705957
0.392175 -0.91677 0.075701
0.275113 0.609192 0.743772
0.154092 0.910622 0.383437
0.484884 -0.866766 0.116633
-0.966388 0.193681 0.169061
0.398603 -0.897871 0.186932
0.786441 -0.212253 0.580052
0.526697 0.784047 0.328422
0.209303 0.962761 0.171125
0.8683 -0.355794 0.345639
0.821897 0.373201 0.430357
-0.833349 0.304165 0.461533
-0.88283 0.0841413 0.462095
0.832935 -0.460111 0.307436
0.0112774 0.759491 0.65042
-0.261123 0.64533 0.717889
-0.847643 0.375378 0.374958
0.690552 -0.573798 0.440333
0.107697 -0.977813 0.179677
0.409851 -0.493467 0.767146
0.483275 0.864544 0.137874
-0.242901 -0.815696 0.525013
0.997746 -0.0423001 0.0520907
0.319108 0.94769 0.00735048
-0.321689 -0.752102 0.575204
0.569233 -0.732815 0.372767
-0.836425 -0.533695 0.12475
0.0108765 -0.363031 0.931714
0.828818 0.546869 0.1183
0.131 -0.910039 0.393277
-0.099938 -0.207234 0.973173
-0.0686366 -0.907383 0.414663
0.224256 0.860872 0.456736
-0.894291 0.447481 0.00216887
-0.645099 -0.0663171 0.761216
-0.379036 -0.379663 0.843912
0.494241 -0.418485 0.761969
0.782909 -0.561465 0.267976
0.889329 -0.389445 0.239637
0.894671 -0.0284635 0.445818
-0.254327 -0.710681 0.655935
-0.377962 0.0648581 0.923546
0.140599 0.75665 0.638524
0.781928 0.621547 0.0476208
0.722013 -0.681344 0.120281
0.651517 -0.734182 0.191057
0.71216 -0.615533 0.337561
0.402943 -0.39655 0.824854
0.843274 0.537472 0.00358711
0.489011 -0.685305 0.539653
0.30628 -0.370071 0.877063
0.25407 0.748114 0.613005
0.658107 -0.259929 0.706635
0.576603 -0.342436 0.7418
-0.524633 0.627814 0.574987
-0.706184 -0.329407 0.626734
0.834407 -0.321222 0.447864
-0.584235 0.276753 0.76294
0.0808987 0.696332 0.713146
-0.344248 -0.809631 0.475386
0.532249 0.290399 0.795223
-0.870619 0.480008 0.107774
0.0281266 0.952831 0.302196
-0.412677 0.52362 0.745332
0.808843 0.293587 0.50949
0.0196331 0.0795081 0.996641
0.135563 -0.683684 0.717076
-0.476839 -0.87368 0.0964775
-0.277725 -0.536225 0.797077
-0.207199 0.322305 0.923682
-0.935476 -0.0642397 0.347503
0.225912 -0.869475 0.439291
0.0510196 0.35148 0.934804
0.00182245 -0.255953 0.966687
0.909791 0.384972 0.155171
-0.592262 0.65238 0.472892
0.134112 -0.853657 0.503272
0.784112 -0.618626 0.0497037
-0.107604 -0.0916617 0.989959
0.84189 0.442478 0.308925
0.920761 0.309022 0.238129
-0.964023 0.00830301 0.26569
-0.00679865 0.535347 0.844605
-0.242146 0.492311 0.836059
0.646677 -0.154942 0.746861
-0.0559072 0.16276 0.985081
-0.768897 0.596172 0.231034
-0.483888 -0.090363 0.870452
0.0435107 0.912546 0.406654
0.735128 -0.478094 0.480638
-0.78501 -0.0467101 0.617719
0.201494 -0.973587 0.107371
-0.934419 0.231583 0.27061
-0.758457 0.516337 0.397668
-0.960844 0.266315 0.0765149
-0.717803 -0.222003 0.659904
-0.356024 0.175569 0.917836
0.691615 0.692569 0.20498
0.292282 -0.154989 0.943689
0.630322 0.429276 0.646852
0.321133 -0.563227 0.761347
-0.996129 -0.0679634 0.0557566
-0.54924 0.0888395 0.830929
-0.123743 0.858338 0.49794
0.97897 0.177038 0.101364
0.576205 -0.441653 0.6877
-0.856494 -0.354822 0.37486
0.491263 -0.31687 0.811329
-0.156616 -0.86698 0.473092
0.392674 -0.184468 0.900988
-0.389088 -0.272985 0.879824
-0.0601421 0.812764 0.57948
-0.375802 -0.480267 0.792538
-0.983469 -0.177989 0.0332851
-0.936028 0.301892 0.180867
0.708406 0.533227 0.462418
0.898271 -0.137753 0.417294
0.647893 0.761286 0.0260592
0.934136 -0.169175 0.314277
-0.382503 0.908525 0.16815
0.208262 0.686928 0.696244
-0.517907 -0.714063 0.471048
0.294607 0.800728 0.521576
0.957306 -0.200534 0.208209
0.151793 0.621216 0.768798
-0.0818589 -0.421047 0.903338
-0.181319 0.896998 0.403136
0.647509 -0.757782 0.080613
-0.636717 -0.539602 0.550837
-0.641883 -0.288817 0.710332
-0.636791 -0.765795 0.0897558
-0.641449 0.670989 0.37191
0.129403 -0.598148 0.790869
0.487991 0.872834 0.00501881
-0.81955 -0.462554 0.338203
0.29392 -0.955185 0.0351061
-0.181251 0.798233 0.574432
-0.929477 -0.359203 0.0839433
-0.963902 -0.103373 0.245369
0.21762 0.540526 0.812695
0.789459 -0.592699 0.159568
-0.291052 0.776379 0.559039
0.847122 -0.523491 0.0913317
0.885095 0.459507 0.0738969
-0.470469 0.579216 0.665708
0.0109706 -0.969284 0.245699
0.32243 0.674248 0.664401
-0.316251 0.945061 0.0827323
0.766166 -0.522985 0.373464
0.31003 0.942603 0.124023
0.461987 0.847608 0.261016
-0.420815 0.255158 0.870522
-0.290818 0.876061 0.384632
0.538451 -0.0186674 0.84245
-0.2603 -0.86664 0.425651
-0.273063 0.10889 0.955814
-0.709046 -0.691997 0.135624
-0.317725 0.287655 0.903496
0.492447 -0.608392 0.622378
0.336179 0.522754 0.783398
0.124017 -0.504774 0.854297
-0.0307527 0.68584 0.727102
-0.211563 0.725231 0.655195
0.648273 -0.700319 0.298823
-0.536539 -0.758918 0.36901
-0.979987 -0.141357 0.140158
0.402063 -0.681275 0.611727
0.434628 0.326262 0.839435
-0.282853 -0.438262 0.853183
0.766923 -0.376833 0.519448
0.93172 0.360105 0.0471355
0.936824 -0.0603326 0.344558
0.129392 0.104261 0.986097
-0.0434723 -0.78159 0.622275
0.191463 0.354695 0.915168
0.672346 0.325891 0.66464
0.318915 -0.81835 0.478117
0.783148 0.476818 0.399153
0.40501 0.911531 0.0712577
0.768506 0.611339 0.188848
0.566629 0.668537 0.481652
0.114507 0.868304 0.482635
-0.240732 0.216737 0.946083
0.397451 -0.292929 0.869612
0.138785 -0.781198 0.608661
0.267469 0.271588 0.9245
0.311367 -0.745052 0.589871
-0.390708 -0.0482473 0.919249
-0.467401 -0.415189 0.780483
-0.349081 0.461826 0.815389
-0.478326 -0.310447 0.821479
-0.838707 0.544208 0.0201987
0.314817 -0.661412 0.680753
0.947778 0.127978 0.292128
-0.566873 0.536013 0.625576
-0.680105 -0.441182 0.585505
0.53877 0.469448 0.699533
0.0540781 0.188336 0.980615
-0.563168 -0.0231995 0.826016
-0.953564 0.120343 0.276102
-0.834564 -0.550756 0.0130527
0.707865 -0.0707699 0.702793
-0.517289 0.213768 0.828683
-0.89541 -0.137767 0.423393
-0.187095 -0.9462 0.26401
-0.199363 -0.153787 0.967783
0.689877 -0.43274 0.58035
-0.692012 0.675814 0.253763
0.103993 -0.30052 0.948089
-0.0692687 0.908331 0.412476
-0.307928 0.557302 0.7711
0.623482 0.253726 0.739522
0.430381 0.652338 0.623881
0.0972821 -0.99292 0.0681684
0.488611 -0.842472 0.226936
-0.986329 -0.0305288 0.161933
-0.497975 0.708324 0.500299
0.631672 0.762568 0.139574
0.38581 0.59148 0.708027
-0.183641 -0.371385 0.910137
-0.459946 -0.513158 0.72465
0.84624 0.185105 0.499613
0.310703 0.164429 0.936177
-0.0907161 0.0552464 0.994343
0.612159 -0.655159 0.44275
-0.451473 0.424999 0.784569
-0.861802 0.195005 0.468263
-0.648119 -0.177386 0.740591
-0.280462 0.39357 0.875468
-0.0489236 -0.706219 0.706301
0.653973 -0.531374 0.538481
0.752378 0.431298 0.497905
0.857277 0.474351 0.200166
0.566776 0.171601 0.805803
0.486279 -0.75056 0.447429
-0.512228 0.483822 0.709605
-0.360381 -0.672942 0.645968
-0.822564 0.131656 0.553222
-0.235626 0.841884 0.485501
-0.125121 0.518705 0.845748
0.440278 0.499949 0.745792
-0.395858 0.847038 0.354715
-0.23231 0.924844 0.301157
-0.338956 0.900348 0.272916
0.113849 -0.950487 0.289159
-0.910437 -0.28779 0.297122
-0.170083 -0.569954 0.803881
-0.473195 0.0216712 0.880691
0.115549 -0.405129 0.906928
5.55112e-17 0.866025 0.5
