0.527578 0.634388 0.56499
-0.380324 -0.842924 0.38057
0.383156 -0.16038 0.909654
0.00655806 -0.997062 0.0763183
-0.368701 -0.700633 0.610879
0.0397447 0.913293 0.405359
-0.784663 -0.6156 0.0730872
-0.19572 -0.963903 0.180513
0.964707 0.16407 0.205965
-0.25911 0.959268 0.112545
0.457676 -0.814521 0.356494
0.219834 0.86574 0.449631
0.171027 -0.126696 0.977086
0.399443 -0.630843 0.665193
-0.0948838 -0.26835 0.958637
-0.675694 0.609828 0.414182
0.606705 0.752242 0.256987
0.692263 0.583866 0.424113
0.698287 -0.302033 0.648977
-0.262296 0.105078 0.959249
-0.876843 0.0824071 0.473661
-0.385768 -0.908025 0.163318
0.594539 0.0189971 0.803842
-0.615003 -0.402755 0.677909
0.358569 0.737539 0.572246
0.960275 -0.242727 0.137678
-0.703609 0.000523972 0.710587
0.0140895 0.999526 0.0273652
0.971729 -0.0299649 0.234188
0.541789 -0.0752339 0.837141
-0.719828 0.627435 0.296939
0.0938321 0.976181 0.19562
-0.620265 0.780865 0.0743074
-0.797491 0.269501 0.539793
0.11151 -0.993536 0.0212343
0.599819 0.207249 0.772829
0.45555 0.328988 0.827189
-0.192581 -0.978884 0.0685461
-0.85956 -0.353097 0.369432
-0.768556 0.0568658 0.63725
-0.0985807 -0.886148 0.452795
-0.950114 0.283067 0.130983
-0.560073 -0.0294148 0.827921
0.895118 -0.445381 0.0199836
-0.258744 -0.401237 0.87867
0.711071 0.695915 0.1004
-0.385504 -0.26557 0.883663
-0.15345 0.97693 0.148528
0.0984185 -0.964618 0.244595
-0.390466 -0.155203 0.907441
-0.55113 -0.750243 0.365228
-0.263189 -0.740379 0.618523
-0.151566 -0.441216 0.884509
-0.682784 0.71649 0.142995
-0.878595 -0.248523 0.407808
-0.623701 0.694029 0.359612
0.967208 -0.252719 0.0253264
0.991309 -0.0444133 0.123831
0.560357 0.685085 0.465467
0.941979 -0.226245 0.247971
0.804154 -0.383103 0.454498
0.206796 0.978035 0.0261542
0.567668 -0.540942 0.620592
-0.823647 0.47401 0.311322
-0.88339 -0.390324 0.259364
0.765156 0.020385 0.643523
-0.284124 -0.00580089 0.95877
0.200885 -0.60735 0.768616
-0.0149342 -0.568364 0.822642
-0.074891 -0.712005 0.69817
0.939557 -0.0150439 0.342063
0.0604406 -0.109003 0.992202
-0.71613 -0.65697 0.235686
-0.637493 -0.76605 0.0822828
0.350725 0.154027 0.923725
0.895839 0.279589 0.345401
0.238196 -0.770338 0.591474
0.920279 0.354956 0.1646
-0.755528 0.633441 0.167123
0.781272 0.299023 0.547905
-0.60846 0.16149 0.77698
-0.512584 0.47972 0.712129
-0.0982278 -0.965411 0.24152
-0.0442478 0.941152 0.335074
0.277411 -0.152074 0.948639
-0.231232 0.946597 0.224691
-0.30687 0.902778 0.301369
0.392332 0.918398 0.0511976
0.688519 0.00532777 0.725199
-0.778584 -0.166263 0.605115
0.0247727 0.752182 0.658489
0.476114 -0.549912 0.68623
-0.838298 -0.0996975 0.53602
-0.908993 0.382345 0.165967
-0.290756 -0.949681 0.116479
-0.234686 0.488671 0.840312
-0.292317 -0.928857 0.227541
0.3223 0.677675 0.660969
0.295903 -0.923716 0.243289
-0.702263 -0.623918 0.34286
-0.365029 -0.372463 0.853244
-0.777523 -0.557511 0.290928
-0.237842 0.214756 0.947265
0.390996 -0.901301 0.186492
-0.552101 0.833776 0.00133613
0.647168 0.106214 0.754912
-0.818438 0.123821 0.561095
-0.199461 0.922512 0.330433
-0.561436 -0.786092 0.258553
-0.820173 -0.316612 0.476522
-0.00882022 0.159509 0.987157
-0.704787 0.708678 0.0324255
0.997451 0.0451764 0.0552248
0.175586 -0.520115 0.835853
0.340738 -0.0590486 0.938302
-0.770185 -0.274996 0.575493
0.295718 0.059874 0.953397
0.490146 0.574051 0.655913
-0.814729 0.349956 0.462328
0.88972 0.366004 0.272835
0.873287 -0.422072 0.243362
0.922659 -0.335668 0.18981
-0.640916 -0.541888 0.543676
0.0705718 -0.810455 0.581535
-0.122804 0.958899 0.255797
0.301594 -0.944213 0.1323
0.23556 -0.0341083 0.971261
-0.778243 0.625617 0.0542424
-0.881843 0.462636 0.0912208
0.459381 0.715674 0.526098
-0.714057 -0.121449 0.689472
0.515257 -0.269795 0.813463
-0.00101965 -0.914949 0.403569
0.110966 0.9902 0.0848011
0.432262 -0.765413 0.476752
-0.474673 -0.874196 0.102307
0.223287 -0.68715 0.691352
0.075199 0.0842093 0.993607
0.285798 0.805615 0.518945
-0.313452 0.287379 0.905075
0.843065 0.288514 0.453873
0.487127 0.873281 0.00937405
-0.842616 0.538247 0.0169572
-0.460069 0.886997 0.0396598
0.618802 0.598573 0.508719
-0.384353 -0.881824 0.273238
-0.929813 -0.316986 0.186995
-0.966777 0.254593 0.0228972
0.0841975 -0.87934 0.468692
0.500195 0.027423 0.865478
0.932812 0.177669 0.313522
0.0195317 0.358863 0.933186
0.251421 0.750367 0.61134
-0.533598 -0.703341 0.469664
0.487101 0.761956 0.426798
-0.961759 -0.100835 0.254659
-0.0909596 0.740165 0.666244
-0.89339 -0.44738 0.041291
-0.119584 0.515165 0.848708
0.958406 0.0743535 0.275553
-0.531666 0.839383 0.112993
-0.935542 -0.344596 0.0775614
-0.926186 -0.180727 0.330934
0.968047 0.250277 0.0157081
-0.75078 0.171884 0.637797
-0.152684 -0.760007 0.631725
0.000156893 -0.98214 0.188154
0.0340012 -0.734394 0.677871
0.633239 -0.736302 0.238469
0.417928 -0.260928 0.870203
-0.582655 0.668753 0.461824
0.125808 -0.0168191 0.991912
0.293124 0.951437 0.0940579
0.352273 0.349824 0.868059
-0.94972 0.121762 0.288455
-0.284447 -0.152543 0.946478
0.7839 0.618509 0.054294
0.229868 -0.344572 0.910182
-0.903868 0.333623 0.267804
0.00910109 -0.655651 0.755009
0.93454 -0.347201 0.0780216
0.341457 0.525152 0.779501
0.266145 -0.839857 0.473083
-0.349304 0.454529 0.819384
0.788933 -0.614286 0.0153713
-0.340082 -0.474612 0.811842
-0.0902876 -0.995751 0.0180941
0.832329 0.540974 0.12073
-0.30572 0.549907 0.777263
0.483591 -0.169677 0.858691
0.123504 -0.319943 0.939353
-0.638926 -0.708195 0.300389
-0.873349 0.273825 0.402841
0.281177 -0.533322 0.797814
0.889196 0.449006 0.0878831
-0.757796 -0.519077 0.395353
-0.960627 0.00980001 0.277668
0.6242 0.353306 0.696814
0.828952 0.199785 0.522421
-0.745626 0.421197 0.516367
-0.361985 0.929008 0.0768816
-0.833513 0.0121638 0.552366
-0.539865 0.624423 0.564483
-0.671237 0.223806 0.706648
-0.562245 -0.623016 0.543813
0.24444 0.360884 0.900007
0.726708 0.121532 0.676111
0.397993 -0.914362 0.0744599
-0.0995917 -0.629117 0.770904
-0.122514 -0.828228 0.546835
-0.568879 0.768203 0.293669
-0.789838 0.450209 0.416495
0.768765 -0.593149 0.239111
-0.283269 -0.959032 0.00410734
-0.466839 -0.317915 0.825222
-0.117103 -0.155931 0.980802
0.243495 0.172028 0.954524
0.178363 0.813858 0.553012
-0.823702 0.552512 0.127454
-0.996892 -0.0478978 0.0625532
0.78879 0.387078 0.477473
0.387093 0.595614 0.703849
0.399436 0.0349317 0.916095
-0.586374 -0.503209 0.634781
-0.642003 -0.742108 0.192634
-0.707152 -0.706885 0.0158141
-0.656919 0.710306 0.25283
-0.408193 0.875205 0.259605
0.254865 0.90605 0.337811
0.797771 -0.0777383 0.597928
-0.469562 0.575251 0.669775
0.13171 0.365722 0.921358
0.550471 0.120653 0.82609
-0.566132 0.534434 0.627594
-0.855686 0.193232 0.480066
0.654031 -0.756326 0.0146676
0.585706 -0.610381 0.533277
0.448762 0.863144 0.231505
0.545812 0.480392 0.686522
0.724693 -0.0929689 0.682772
-0.379556 -0.92373 0.0515789
-0.887906 -0.140072 0.438181
-0.726451 0.281696 0.62683
-0.460616 -0.778237 0.426826
0.148849 -0.42176 0.894406
-0.0112751 -0.195569 0.980625
-0.268693 0.873804 0.405302
0.985568 -0.150559 0.077377
0.681779 0.2232 0.696678
0.47121 -0.847314 0.244991
-0.556081 -0.830287 0.0373787
0.972713 -0.135141 0.188588
-0.598477 0.779443 0.185186
-0.156966 0.141794 0.977372
-0.957497 0.200291 0.207563
0.0998132 -0.214274 0.97166
-0.092171 0.341857 0.935221
-0.84003 -0.542493 0.00705123
-0.0441023 0.991315 0.123891
-0.202603 0.319907 0.925533
-0.546569 -0.359079 0.756522
-0.335413 0.923185 0.18769
0.869876 0.102285 0.482549
-0.826236 -0.454621 0.332645
0.111355 0.869582 0.48107
-0.207363 -0.595515 0.77612
0.148951 0.914439 0.376317
0.209354 0.687531 0.695321
0.378252 -0.874659 0.303146
0.867214 -0.194319 0.458454
-0.715477 -0.687042 0.126755
-0.0134188 0.972844 0.231073
0.190335 0.271655 0.943385
0.0984978 -0.930659 0.35238
-0.632043 -0.297562 0.715526
0.664928 -0.180277 0.724825
-0.560471 -0.814622 0.14921
-0.488234 0.708562 0.509477
0.0126929 -0.302511 0.953061
-0.439202 -0.727715 0.526814
0.91076 -0.210258 0.355398
0.547873 -0.782236 0.296551
0.984075 0.1499 0.0955341
0.647712 -0.751161 0.127381
-0.0505947 0.439642 0.896747
-0.514488 0.205897 0.832411
0.802323 0.110626 0.586549
-0.796421 -0.419306 0.43577
0.919849 0.0887828 0.382094
0.448003 0.506325 0.736837
0.619934 -0.371804 0.690973
0.424565 0.82999 0.361748
-0.2601 0.639558 0.723404
-0.847566 -0.517625 0.117031
0.811209 -0.181736 0.555799
-0.778761 -0.0550016 0.624905
0.491063 -0.870943 0.01777
0.118026 0.536317 0.835723
2.08167e-17 0.866025 0.5
0.572088 -0.81676 0.0749536
-0.995265 0.0646527 0.0725821
0.483286 -0.865699 0.130388
0.740431 -0.197378 0.642498
0.389005 0.788639 0.476156
0.0706481 0.950318 0.303158
0.863649 -0.300332 0.404859
0.719724 0.402682 0.565548
-0.908543 0.150987 0.389555
-0.930526 -0.0713965 0.359199
0.845562 -0.402188 0.351097
-0.150794 0.667694 0.729003
-0.412803 0.517018 0.749858
-0.922164 0.230616 0.310532
0.704851 -0.54657 0.452157
0.206764 -0.97518 0.0792051
0.383335 -0.539228 0.749859
0.356544 0.887428 0.292143
-0.195693 -0.897131 0.396056
0.984219 0.0600008 0.166472
0.198234 0.96812 0.153121
-0.286546 -0.849337 0.443303
0.611751 -0.707971 0.352899
-0.0437948 -0.474772 0.879019
0.738449 0.614193 0.278319
0.198795 -0.93288 0.300358
-0.176599 -0.338437 0.924269
-0.000801837 -0.95464 0.297761
0.0675392 0.815305 0.575079
-0.709292 -0.231827 0.665703
-0.417206 -0.522376 0.743682
0.457992 -0.45548 0.763402
0.81278 -0.502554 0.294667
0.89977 -0.317803 0.299025
0.839011 0.0125865 0.543969
-0.233709 -0.811409 0.535719
-0.478956 -0.0940518 0.872786
-0.0215689 0.680437 0.732489
0.690551 0.691686 0.21145
0.783027 -0.608657 0.128085
0.712408 -0.677372 0.183421
0.742188 -0.572358 0.348659
0.358541 -0.451728 0.81694
0.766042 0.621025 0.165854
0.50906 -0.690971 0.513241
0.254372 -0.442725 0.859819
0.0941568 0.68757 0.719987
0.606182 -0.274349 0.74651
0.532109 -0.369002 0.762035
-0.655522 0.489243 0.575268
-0.723123 -0.480828 0.49588
0.815123 -0.282871 0.505528
-0.691364 0.112825 0.713643
-0.0810286 0.605033 0.792067
-0.291175 -0.895866 0.33562
0.405287 0.243386 0.881196
-0.929264 0.365127 0.0561333
-0.120838 0.904259 0.409529
-0.550388 0.377086 0.744902
0.708177 0.312743 0.632991
-0.0961597 -0.0457058 0.994316
0.141243 -0.750212 0.645935
-0.293116 -0.659814 0.691902
-0.341941 0.178307 0.92265
-0.952167 -0.2089 0.223022
0.282609 -0.88841 0.361747
-0.0918786 0.233695 0.967959
-0.0695357 -0.374607 0.924573
0.834235 0.458683 0.306044
-0.714422 0.519054 0.469237
0.183294 -0.890882 0.415612
0.84413 -0.531138 0.073056
-0.200078 -0.227443 0.953015
0.743874 0.488539 0.456049
0.845539 0.374481 0.380562
-0.980522 -0.13011 0.147133
-0.16184 0.420133 0.892914
-0.387912 0.353236 0.851322
0.577795 -0.177169 0.796721
-0.179656 0.0296439 0.983283
-0.856176 0.475093 0.203102
-0.558866 -0.251872 0.790082
-0.111821 0.852978 0.509828
0.732857 -0.452473 0.508123
-0.83452 -0.209507 0.509592
0.306484 -0.951673 0.0196448
-0.979134 0.0926317 0.180877
-0.853802 0.376404 0.359641
-0.751244 -0.380392 0.539384
-0.470238 0.0182128 0.882352
0.576038 0.731979 0.363851
0.207187 -0.240614 0.94825
0.500836 0.409755 0.762407
0.304934 -0.616906 0.725564
-0.641072 -0.0772681 0.763581
-0.279931 0.769812 0.573609
0.933639 0.267987 0.237698
0.549592 -0.460019 0.697374
-0.8416 -0.490302 0.226524
0.437388 -0.361863 0.823254
-0.0987641 -0.931754 0.349399
0.314391 -0.253375 0.914855
0.958406 0.254993 0.128206
-0.443982 -0.422832 0.789996
-0.220254 0.721454 0.6565
-0.396258 -0.614712 0.681989
-0.97979 0.173148 0.100151
0.58476 0.544086 0.601687
0.858955 -0.0911685 0.503869
-0.177418 0.983391 0.0382801
0.543486 0.817648 0.189933
0.909126 -0.105209 0.403014
-0.506399 0.832978 0.222954
0.0475978 0.611727 0.789636
-0.473767 -0.819939 0.321317
0.137433 0.755428 0.640656
0.947087 -0.120179 0.29763
-0.00779294 0.531616 0.84695
-0.1252 -0.538447 0.833307
-0.331409 0.813688 0.477577
0.723064 -0.687088 0.0713362
-0.620813 -0.670925 0.405526
-0.67351 -0.444415 0.590661
-0.754515 0.544854 0.365845
0.11687 -0.67589 0.727677
0.647199 0.761572 0.0337833
0.374289 0.912941 0.162623
-0.788079 -0.587871 0.182588
-0.337452 0.694619 0.63532
-0.96459 -0.237635 0.114436
0.0623705 0.453643 0.888999
0.834572 -0.518909 0.184993
-0.441497 0.663101 0.604464
0.890256 -0.435769 0.132477
0.998172 -0.0592401 0.01201
0.809379 0.539787 0.231377
-0.605762 0.435715 0.665736
0.103262 -0.985632 0.133664
0.16519 0.61565 0.770511
-0.436421 0.887012 0.150818
0.780353 -0.479792 0.401059
0.177511 0.947342 0.266521
0.324534 0.852822 0.409112
-0.538882 0.0956464 0.836933
-0.434938 0.783502 0.443794
0.444186 -0.0666584 0.893452
-0.196084 -0.936665 0.290189
-0.384251 -0.0433365 0.922211
-0.444627 0.134702 0.885529
0.494263 -0.625241 0.603968
0.184649 0.4527 0.872335
-0.28168 0.959507 0.00181368
0.0934036 -0.592442 0.80018
-0.191405 0.580801 0.791223
-0.367012 0.60912 0.703047
0.693624 -0.657985 0.293157
-0.475836 -0.853264 0.213354
-0.964647 -0.263507 0.00442929
0.415115 -0.705565 0.574332
0.299875 0.26255 0.917138
-0.316111 -0.570886 0.757735
0.74773 -0.354095 0.561709
0.870385 0.450229 0.199308
0.895255 -0.00143505 0.445551
0.010243 -0.00804992 0.999915
-0.0133932 -0.854174 0.519815
0.0484026 0.254597 0.965835
0.553059 0.310128 0.77327
0.364011 -0.832823 0.417015
0.67213 0.504594 0.541873
0.280639 0.933699 0.22237
0.663559 0.662276 0.347964
0.426267 0.659674 0.618972
-0.0444197 0.807439 0.588276
-0.3645 0.067741 0.928736
0.335698 -0.355823 0.872179
0.167856 -0.832278 0.528334
0.132577 0.179723 0.974743
0.335736 -0.775525 0.534642
-0.477247 -0.206412 0.854183
-0.493326 -0.558962 0.666476
-0.487513 0.314188 0.814627
-0.521266 -0.462066 0.717479
0.319264 -0.704193 0.634178
0.888605 0.192067 0.416524
0.631199 0.761822 0.145653
-0.69135 0.387735 0.609669
-0.679343 -0.582985 0.44567
0.399987 0.432754 0.80792
-0.0737752 0.0673663 0.994997
-0.640595 -0.188627 0.744351
-0.985007 -0.0198227 0.171371
0.632561 -0.0819526 0.770162
-0.624581 0.0496633 0.77938
-0.911696 -0.28666 0.29434
-0.0969559 -0.986691 0.130541
-0.280674 -0.295849 0.913069
0.672071 -0.425296 0.606172
0.563266 0.822512 0.0787752
-0.792456 0.559086 0.243794
0.03871 -0.405103 0.913451
-0.223215 0.835843 0.501539
-0.453875 0.418404 0.786725
0.505714 0.224185 0.833063
0.278697 0.610898 0.741034
0.561085 -0.806372 0.186944
-0.98677 -0.157678 0.0377174
-0.63113 0.580978 0.513945
0.515271 0.802774 0.300083
0.233223 0.535396 0.811762
-0.232433 -0.50139 0.833416
-0.468062 -0.647678 0.601191
0.934619 0.351747 0.052551
0.759394 0.211092 0.615436
0.187104 0.0772793 0.979296
-0.201842 -0.081315 0.976037
0.637185 -0.635607 0.43589
-0.580779 0.270666 0.767747
-0.923987 0.0394148 0.380388
-0.696502 -0.339055 0.632398
-0.417832 0.246728 0.874381
-0.0369096 -0.791093 0.610582
0.653147 -0.521142 0.549373
0.636847 0.443863 0.630405
0.766708 0.535411 0.354251
0.452761 0.128661 0.8823
0.524134 -0.743928 0.414553
-0.639966 0.331564 0.693188
0.471747 0.873346 0.121331
-0.341919 -0.78445 0.517426
-0.88654 -0.0295478 0.461707
-0.387005 0.74302 0.54603
-0.276688 0.390736 0.877935
0.294155 0.446277 0.845168
-0.531867 0.747273 0.398373
-0.374305 0.848525 0.374033
-0.473549 0.816373 0.330585
0.19787 -0.961436 0.191021
-0.894775 -0.420219 0.150978
0.846408 0.532459 0.00892567
-0.183492 -0.682248 0.707721
-0.5631 -0.141543 0.814177
0.0672751 -0.501779 0.862376
-0.15898 0.790564 0.591384
