-0.395233 0.917529 0.0439511
-0.22816 0.202283 0.952378
0.628052 0.159451 0.76166
-0.81159 0.4262 0.399593
-0.526134 -0.277699 0.803783
-0.0626456 0.813576 0.578074
-0.715718 -0.49235 0.495317
-0.215325 0.976542 0.00045614
0.851988 0.523334 0.015416
-0.956255 -0.280124 0.0843059
-0.470084 -0.109404 0.875815
-0.920064 -0.163066 0.356218
0.647894 -0.0647803 0.758971
0.87731 0.346256 0.332316
0.766284 -0.276886 0.579778
-0.238655 -0.8814 0.407648
-0.50264 0.329608 0.799194
-0.273407 0.404989 0.872487
0.583572 0.555339 0.592488
0.466302 -0.519722 0.715857
0.238827 -0.964554 0.112237
-0.709502 -0.690276 0.141861
0.410929 0.344096 0.844237
0.742226 -0.66083 0.111371
-0.301483 0.0182179 0.953297
0.234433 0.920502 0.312597
0.432163 -0.844945 0.315125
-0.809293 -0.223183 0.543355
0.112936 0.857328 0.50223
0.509785 0.307571 0.803442
-0.998797 0.0475518 0.0119675
-0.317314 -0.896325 0.3097
-0.895821 0.250322 0.367209
-0.698735 -0.186819 0.690556
-0.692013 0.464508 0.552586
-0.573891 -0.780207 0.24885
0.118292 -0.950254 0.288138
-0.886014 -0.281889 0.368127
0.237986 0.313936 0.919134
0.174791 0.136554 0.97509
-0.95821 -0.13147 0.254066
0.347274 -0.8997 0.264463
0.516553 -0.733985 0.440952
0.33807 0.936503 0.0931215
0.838137 -0.379281 0.392011
-0.549239 0.48116 0.683243
0.73482 -0.530589 0.422509
-0.714753 -0.406665 0.568992
0.657462 -0.566747 0.49653
0.97121 -0.237962 0.011178
0.869554 -0.271107 0.412768
-0.479247 -0.841951 0.247872
-0.0290733 0.992598 0.117912
-0.341206 -0.83775 0.426325
0.178982 0.958532 0.221768
0.0617144 0.907722 0.415008
-0.327578 0.247294 0.911887
0.283884 0.870862 0.40126
0.535932 0.723835 0.434558
-0.800956 -0.0371976 0.597566
0.770435 0.495019 0.401729
-0.178017 -0.962246 0.205896
0.311648 0.545517 0.778002
0.558435 -0.514635 0.650615
0.925243 0.127726 0.357226
0.933319 -0.0976938 0.345503
0.984242 -0.0885895 0.153033
0.162937 0.795659 0.583419
-0.910647 0.0296834 0.412117
0.646826 -0.176492 0.741934
-0.791022 0.294601 0.536184
-0.859382 0.476685 0.185026
0.378231 0.0532514 0.924179
-0.0761257 0.686203 0.723415
0.958018 0.246201 0.146926
-0.241356 0.738884 0.629125
-0.393881 -0.897406 0.198799
0.0272522 0.521598 0.852756
0.332605 -0.809903 0.483148
0.0293198 -0.776102 0.629925
-0.939689 0.306748 0.151294
-0.584958 -0.344578 0.734228
-0.768186 0.39934 0.500417
0.647969 0.0482218 0.760139
-0.491406 0.870901 0.0072423
-0.741293 -0.629845 0.231907
-0.64327 -0.492477 0.586234
-0.560474 -0.57332 0.597639
-0.610631 0.65636 0.443081
-0.746037 0.143981 0.650153
0.373595 0.45584 0.80786
0.513567 -0.84956 0.120405
-0.987871 0.121418 0.0967925
-0.249838 -0.320653 0.913654
-0.4958 0.811826 0.308416
0.818989 0.394128 0.417038
0.422405 -0.902856 0.0801567
-0.180579 -0.983443 0.0152169
0.0816995 -0.550867 0.830584
-0.200442 -0.0251539 0.979383
-0.457625 0.784629 0.418253
0.80487 -0.47895 0.350416
0.36801 -0.518826 0.771614
-0.661756 -0.709424 0.242482
0.309043 0.386183 0.869112
0.251365 -0.942027 0.222265
-0.934831 -0.355085 0.00249669
-0.565199 -0.48467 0.667566
0.273927 0.961744 0.00357008
0.425724 -0.301732 0.853063
-0.534183 -0.832024 0.149616
-0.0511277 0.910785 0.409704
-0.853235 -0.507618 0.11964
0.892389 0.0664908 0.446342
0.562581 0.0889681 0.821941
0.586127 -0.809033 0.0438324
0.475079 0.0155366 0.879806
-0.125435 0.157356 0.979543
0.00904071 -0.96472 0.263124
0.0668599 0.971527 0.227298
-0.18803 0.679524 0.709148
0.445841 0.852555 0.27272
0.342166 0.892976 0.292433
0.993054 0.100774 0.0607333
-0.640761 -0.401698 0.654265
-0.970261 0.230606 0.0735852
-0.838816 0.323436 0.437924
0.565358 -0.023977 0.824497
-0.450078 -0.887542 0.0984806
-0.468641 0.875363 0.118812
-0.290167 -0.956946 0.00751571
-0.314038 0.129795 0.940496
0.52129 -0.821271 0.231887
0.658039 0.333477 0.675113
-0.864853 0.105613 0.490791
-0.773578 -0.145129 0.616859
-0.589472 0.76107 0.270732
0.880482 0.45694 0.126319
0.946443 0.187147 0.263102
0.487652 -0.207335 0.848061
-0.384391 -0.0517805 0.921717
0.287749 -0.595422 0.750116
-0.019915 0.606433 0.794885
-0.73671 0.254123 0.626642
-0.396169 -0.918175 0.001925
-0.688172 -0.645287 0.331698
-0.234491 0.3107 0.921129
-0.772593 0.528527 0.351794
0.443009 0.237638 0.864448
-0.0117461 0.752554 0.658425
-0.553849 0.742685 0.376391
0.229635 -0.306826 0.923648
-0.28517 -0.0953917 0.953718
-0.409462 0.171015 0.896156
-0.230331 -0.42846 0.87371
-0.841571 -0.116045 0.527534
-0.798017 0.551026 0.244006
0.059395 -0.451174 0.890457
0.0508622 0.810139 0.584027
-0.604317 -0.720598 0.33991
-0.241193 0.846441 0.474724
0.251949 -0.909554 0.330506
0.989851 -0.133252 0.0493767
0.986336 0.0239593 0.162995
-0.861657 -0.00611434 0.507455
0.712996 0.700765 0.0237709
0.687128 0.225394 0.69069
-0.264564 -0.820052 0.507464
0.567707 -0.136254 0.811876
-0.744621 0.0322018 0.66671
0.185329 0.0242746 0.982377
-0.737972 0.49833 0.455043
-0.949372 0.0556776 0.309182
0.672503 -0.47808 0.56496
-0.514715 0.579221 0.632117
0.787133 0.0577943 0.614069
-0.0831961 -0.993959 0.0715795
0.96605 -0.0375297 0.255615
-0.775447 0.627414 0.0709459
0.28808 0.935853 0.20295
-0.00869192 -0.00304335 0.999958
0.94729 0.319169 0.0277999
0.103219 -0.645092 0.757101
0.864609 -0.421348 0.273709
-0.925423 0.27479 0.260927
-0.415499 0.625141 0.660726
-0.00114659 -0.615131 0.788424
0.602435 0.269043 0.751457
-0.173346 0.899331 0.401442
0.788084 -0.0552057 0.613087
0.0409004 -0.986757 0.156963
0.877053 0.178453 0.446018
-0.360769 0.708121 0.606969
0.0735852 0.323079 0.943507
0.0925445 0.595712 0.797849
-0.568384 0.619659 0.541259
-0.022334 -0.93031 0.366093
-0.706242 -0.572616 0.416334
0.339181 -0.928281 0.152479
-0.808496 0.0747079 0.58374
-0.172038 -0.796464 0.579697
0.244387 -0.864775 0.438678
-0.941238 0.335133 0.0419198
-0.896867 -0.0845738 0.434139
-0.786229 -0.60377 0.131549
0.199099 -0.0877127 0.976046
0.248372 0.477775 0.84264
0.958046 -0.149696 0.244415
-0.974652 0.0903952 0.204652
-0.442034 -0.786187 0.431875
-0.963378 -0.207135 0.170287
-0.100593 -0.952444 0.28763
0.589213 0.794871 0.144941
0.748685 -0.57966 0.321659
0.687102 -0.329281 0.647661
0.385603 -0.0594638 0.920746
-0.367121 -0.1633 0.915727
-0.346455 -0.932461 0.1024
-0.0854165 0.526778 0.8457
-0.111521 0.0432817 0.992819
0.469919 0.128242 0.873344
0.799429 -0.599713 0.0354545
-0.93039 -0.314139 0.188923
-0.413361 -0.844853 0.339641
-0.556725 -0.65116 0.515799
-0.567977 -0.0566975 0.821089
-0.763219 -0.561703 0.319353
0.365358 0.61048 0.702729
-0.0752774 -0.746644 0.66095
0.212243 -0.200109 0.956509
0.341655 0.273656 0.899102
-0.0610584 -0.816879 0.573568
0.150112 -0.971798 0.181864
-0.725886 0.621035 0.295646
0.777618 0.550585 0.303588
-0.607171 0.524812 0.596587
-0.60132 0.162664 0.782275
-0.0334616 0.223085 0.974225
-0.355076 0.81864 0.451386
0.429073 0.523355 0.736203
-0.642929 0.7654 0.0283923
0.154127 -0.909071 0.387086
0.845533 0.00361714 0.533911
0.714906 -0.220885 0.663415
-0.870152 -0.196229 0.452029
-0.479683 -0.557912 0.677228
0.123285 0.938774 0.32172
0.178179 0.406963 0.895898
-0.887344 -0.460547 0.0227286
0.173886 0.894242 0.412425
-0.511158 -0.788298 0.342497
-0.581318 -0.81221 0.0488359
0.441498 -0.43407 0.785279
0.720256 -0.110071 0.68492
0.249848 -0.408221 0.878027
-0.745448 -0.300996 0.594735
0.267466 -0.50424 0.821099
0.747471 -0.62712 0.219107
-0.640135 -0.575191 0.509296
0.148593 0.666836 0.73024
-0.45062 -0.22021 0.86513
0.93815 -0.25984 0.228818
-0.548391 -0.167979 0.819177
-0.184091 -0.142287 0.972556
0.379667 0.738645 0.557006
-0.671143 -0.29587 0.679726
0.299579 -0.129278 0.945272
-0.872323 0.35608 0.335052
0.677486 -0.710731 0.189406
0.527477 0.476386 0.703438
-0.274768 -0.753026 0.597875
0.786448 -0.166702 0.594736
0.33271 0.80996 0.482979
0.787485 0.616122 0.0161647
-0.114129 0.863728 0.490866
0.145645 -0.381646 0.912762
0.323017 -0.746376 0.581879
0.20343 0.574502 0.79282
0.100804 0.742942 0.661721
-0.644052 0.685676 0.339184
-0.0220453 0.112307 0.993429
0.668324 0.486928 0.562357
-0.499425 0.113684 0.858866
-0.107502 -0.578895 0.808285
0.426731 0.657901 0.620538
0.433004 -0.880398 0.193409
0.0239037 -0.229792 0.972946
-0.431982 -0.32876 0.839826
0.491728 0.572546 0.656044
-0.399191 0.0600468 0.9149
-0.615705 -0.230614 0.753475
0.437001 0.773566 0.45894
-0.0454823 0.435503 0.899038
0.136273 -0.988131 0.0709015
0.49147 0.793956 0.357897
-0.132477 -0.484287 0.864821
0.0153457 -0.70089 0.713104
0.0266596 -0.998609 0.0454844
0.67387 0.668804 0.314007
0.85026 0.288101 0.440517
-0.582974 0.0548226 0.810639
-0.187565 0.976073 0.110001
8.32667e-17 0.866025 0.5
-0.749912 -0.660286 0.040676
-0.720776 -0.075992 0.68899
0.755156 0.644336 0.120709
0.889258 -0.160901 0.428173
-0.382736 0.479288 0.789808
0.808373 -0.328507 0.488484
-0.350863 -0.273317 0.895652
0.598671 -0.785297 0.1578
-0.839934 -0.384779 0.382695
-0.899291 0.427709 0.0913273
0.869023 -0.46499 0.169063
0.78548 0.335388 0.520131
0.54387 0.800915 0.250481
-0.266479 0.944708 0.191092
-0.931502 -0.239495 0.273764
0.390076 0.838991 0.379388
0.258587 0.64248 0.721354
0.591491 -0.654752 0.470572
-0.146851 -0.366915 0.91859
-0.482184 0.433988 0.761021
0.538727 0.840695 0.054818
0.629783 0.775824 0.0383467
0.635065 0.73667 0.232402
-0.517384 0.709712 0.478145
0.817076 0.227321 0.529822
-0.453054 0.532865 0.7147
0.836222 0.502399 0.219836
0.838544 0.116397 0.532255
-0.992163 0.0119127 0.12438
-0.165009 -0.256758 0.952285
-0.821808 -0.568969 0.0300903
0.619922 0.437223 0.651562
-0.805065 0.185806 0.563336
0.710063 0.385422 0.589288
-0.0492794 -0.876736 0.47844
0.481582 0.697852 0.530171
-0.22295 0.926359 0.303566
0.340744 -0.860016 0.379825
-0.0483901 -0.420889 0.905821
0.278102 0.0949949 0.955843
-0.696082 0.595176 0.401542
-0.509083 -0.427324 0.747147
0.134133 -0.796544 0.589513
-0.718611 0.360918 0.594422
0.0672354 0.427753 0.901391
0.602901 -0.338438 0.722475
0.976521 0.136481 0.16667
0.947529 -0.303605 0.100066
0.388877 -0.601695 0.697666
0.357479 -0.391655 0.84783
0.833531 -0.219874 0.506834
-0.243206 0.597584 0.764032
-0.131009 -0.911227 0.390514
0.441014 0.894542 0.0728115
0.734135 -0.383469 0.560355
-0.179127 0.466952 0.86595
-0.132258 0.608111 0.782758
0.164591 -0.480511 0.861405
-0.369399 0.916428 0.153961
0.206492 -0.666378 0.716451
0.569403 0.375242 0.731418
0.538322 -0.431163 0.724091
-0.238486 -0.964843 0.110463
0.678566 -0.671978 0.296636
-0.410633 -0.433203 0.802319
-0.625649 -0.765655 0.14945
0.626593 0.658924 0.416174
0.497863 -0.867247 0.00394028
-0.908726 0.14102 0.39285
-0.972836 -0.0219273 0.230456
-0.983076 -0.17237 0.0620525
-0.0689255 -0.980713 0.182898
-0.619299 0.768267 0.161969
0.503933 -0.674817 0.539142
-0.424269 0.277686 0.861908
-0.0461419 0.972609 0.227821
0.72392 0.00276882 0.689879
0.0696128 0.177358 0.981681
0.90414 0.238708 0.35433
-0.83152 -0.465135 0.303682
0.523371 -0.782236 0.337919
-0.298496 -0.588394 0.75146
-0.12902 0.752343 0.646013
0.747842 0.439523 0.497545
0.742987 0.279015 0.608376
0.710763 0.114934 0.693978
-0.181188 0.807044 0.562006
0.814285 -0.524989 0.247642
-0.214562 -0.542899 0.811926
0.909407 -0.408109 0.0801549
-0.897134 0.378866 0.227182
-0.135589 0.267079 0.954088
0.320612 0.695421 0.643116
-0.781186 -0.401938 0.477696
-0.591536 0.27276 0.75874
0.273032 0.771941 0.574074
-0.538149 -0.724044 0.431457
-0.657308 0.561811 0.50231
-0.0610882 -0.301152 0.951617
-0.26766 -0.211092 0.940106
0.224216 0.8384 0.496802
0.0397928 -0.349641 0.936038
0.919647 -0.21075 0.331413
-0.329782 0.903127 0.274965
0.0521936 0.997853 0.0395606
-0.386518 -0.621751 0.681197
0.730001 -0.683445 0.00132605
-0.528039 0.825141 0.20079
-0.208792 -0.927844 0.309048
0.962453 0.0753025 0.260793
-0.638066 0.423528 0.643036
-0.67787 0.0993164 0.728442
-0.199094 -0.641152 0.741138
0.124632 -0.27689 0.952785
0.494505 0.853645 0.16357
-0.185816 -0.723479 0.664869
0.39382 0.900465 0.184576
0.0105528 0.946657 0.322071
-0.351071 0.575097 0.738927
-0.669366 -0.741374 0.0481088
0.0436385 -0.841329 0.538759
-0.94297 0.16654 0.288223
-0.0804196 -0.186785 0.979104
-0.62655 -0.652035 0.426948
0.58658 0.737596 0.334477
-0.638742 -0.12017 0.759979
-0.487016 0.00230185 0.87339
0.417569 -0.745143 0.519998
-0.812859 -0.539166 0.220364
-0.940812 -0.0541057 0.334583
-0.376012 -0.703137 0.603501
0.538885 0.199409 0.818437
-0.752351 0.633291 0.181413
-0.832059 -0.301779 0.465411
0.573281 -0.590422 0.568112
0.408526 -0.678344 0.610701
0.833874 0.449835 0.319847
0.110489 -0.157652 0.981294
-0.777357 -0.484759 0.400904
0.935609 0.0152849 0.352706
-0.0239041 -0.518634 0.854662
-0.0890633 -0.666888 0.739816
0.676548 0.725205 0.12791
-0.431095 0.870666 0.236848
0.886956 0.401738 0.227849
0.287334 -0.0176208 0.957668
0.912383 -0.362702 0.189749
-0.293542 0.95272 0.0784662
0.575038 0.636363 0.514173
-0.298075 0.661203 0.688449
0.212093 0.724059 0.65632
0.570209 -0.248737 0.782938
0.332714 -0.264326 0.905225
0.155524 0.246365 0.956617
0.905446 0.423935 0.0211605
-0.140712 0.373647 0.916836
-0.657054 -0.0088269 0.753792
-0.379713 0.379896 0.843502
-0.213984 0.0874151 0.972918
-0.158338 0.962935 0.21837
-0.331879 -0.379954 0.863419
-0.889291 -0.357973 0.284633
0.484488 -0.599076 0.637479
0.770195 0.169523 0.614867
-0.109758 0.941661 0.318162
0.976645 0.210868 0.0412127
0.395671 -0.170521 0.902423
0.925832 0.353663 0.133254
0.673559 -0.622535 0.398457
-0.699934 0.705756 0.109549
0.859075 -0.507902 0.0634536
0.222483 -0.741289 0.633239
0.163247 0.986338 0.0220831
0.809217 -0.569606 0.143938
0.923911 0.295951 0.242491
-0.876405 -0.436189 0.204091
0.0364804 0.680987 0.731386
-0.574446 0.379355 0.725329
0.0554345 -0.896007 0.440566
0.0808767 0.0656529 0.99456
0.509049 -0.343558 0.789201
0.604316 -0.75124 0.265406
-0.984154 -0.0984158 0.147495
0.473445 0.411677 0.778698
0.120431 0.984354 0.128624
0.426886 -0.799996 0.421635
-0.857116 0.215959 0.467668
0.77164 -0.432975 0.465944
0.662238 0.570164 0.486162
-0.659141 0.319121 0.680951
-0.28766 -0.934936 0.207716
0.847515 -0.10846 0.519572
0.230605 0.966732 0.11068
-0.396152 -0.531593 0.748648
0.119302 -0.726385 0.676855
0.262248 0.206115 0.942732
-0.0982532 -0.0715654 0.992585
-0.914099 -0.390942 0.107641
-0.962595 0.2005 0.182239
-0.160606 -0.858945 0.486229
-0.515865 0.221047 0.82766
-0.675902 0.699636 0.231659
0.00594608 -0.115301 0.993313
0.893997 -0.319854 0.313788
-0.56179 0.823235 0.0817063
-0.302561 0.782226 0.54459
0.13883 0.503676 0.852665
0.480241 -0.0970658 0.871749
0.62672 -0.424634 0.653382
-0.9973 -0.0621263 0.0391583
-0.415254 0.748738 0.516678
0.741158 0.629996 0.231927
-0.839114 0.536262 0.0911613
-0.839102 0.457355 0.294506
0.236134 -0.806581 0.541911
0.223788 -0.974638 0.000688773
0.667715 -0.740038 0.080629
0.308664 -0.676009 0.669133
0.998328 -0.0120333 0.0565453
0.710077 0.589181 0.385561
-0.0391094 0.331449 0.942662
-0.276225 0.504106 0.818277
0.371171 0.16555 0.913688
0.823535 0.554365 0.120289
0.146538 -0.856661 0.494629
-0.672917 0.21055 0.70912
-0.105345 0.993836 0.0345338
0.324827 -0.944857 0.0416181
-0.287129 -0.675497 0.679161
0.185564 -0.577586 0.794959
0.0955161 -0.0464029 0.994346
-0.367387 -0.773918 0.515828
-0.471711 -0.643032 0.603323
-0.465229 -0.717433 0.51851
-0.292024 0.878153 0.378904
-0.472182 0.669392 0.573549
0.969999 -0.199758 0.13856
0.601385 -0.707527 0.371135
0.897122 -0.0462022 0.43936
-0.396877 0.849252 0.348222
-0.31104 -0.484338 0.817723
