0.450625 -0.278843 0.848047
-0.11425 -0.856377 0.503552
0.87814 0.273925 0.392219
0.218209 0.248488 0.943737
0.778754 -0.57167 0.258333
0.107325 0.619132 0.777918
0.348844 0.856121 0.381266
0.331227 0.0940328 0.938854
0.465565 0.66773 0.580849
-0.304626 -0.759552 0.574704
-0.571869 -0.679732 0.459271
-0.49483 0.47172 0.729811
0.686816 -0.0697692 0.723475
0.625115 -0.314135 0.714528
0.19877 -0.954735 0.221295
-0.567662 -0.375308 0.732737
-0.88808 0.249948 0.385799
-0.111869 0.845052 0.522851
0.172852 -0.809048 0.561751
-0.940272 -0.294647 0.170505
0.347137 -0.13038 0.928707
-0.872346 -0.0368594 0.487497
0.38391 0.540715 0.748493
0.698662 -0.702422 0.135921
0.0794262 -0.853009 0.515817
0.622402 0.753822 0.210637
-0.476928 0.577427 0.662659
0.78205 0.439345 0.442011
0.372555 0.380925 0.846226
0.864022 0.103938 0.492608
0.465935 0.878426 0.106176
-0.244908 0.74344 0.622348
-0.777466 0.271271 0.567415
0.353147 0.695615 0.625625
0.26206 -0.686756 0.678005
0.167032 -0.570172 0.804366
-0.672741 0.730612 0.116724
0.496147 0.720195 0.484929
-0.874715 0.0757791 0.478676
-0.732337 0.612105 0.298344
-0.812617 -0.205195 0.54548
-0.72611 -0.614748 0.307975
0.815476 -0.0650822 0.575121
-0.781183 -0.470159 0.410735
0.187035 0.548208 0.81516
-0.752645 -0.41939 0.50758
-0.654978 -0.700843 0.282529
-0.349389 0.700374 0.622417
-0.98965 0.10372 0.099172
-0.397219 0.523326 0.753888
0.75428 -0.654652 0.0499243
-0.631165 0.775348 0.0216103
0.53776 -0.208186 0.81699
0.593105 -0.805123 0.00208749
0.33461 -0.941911 0.0289791
0.5359 0.421507 0.731534
0.0104175 -0.999561 0.0277519
-0.627689 0.540024 0.560696
0.380085 -0.80652 0.452837
-0.628089 -0.425505 0.651498
-0.379357 -0.921677 0.0812363
-0.5653 -0.811663 0.147107
0.633796 -0.741377 0.220596
0.622583 0.543686 0.562847
-0.395662 -0.696854 0.598202
0.783931 0.271971 0.558108
0.910885 0.366702 0.18926
-0.0262708 -0.668985 0.742811
0.709206 -0.552347 0.438109
0.831982 -0.41381 0.369551
-0.451365 0.679478 0.578428
0.539246 -0.600021 0.590922
-0.758765 -0.0393055 0.650178
-0.530829 0.126319 0.838012
0.817009 0.526605 0.234909
0.278782 0.935018 0.219138
0.187885 0.353824 0.916247
0.848039 0.215489 0.484143
-0.214592 -0.816164 0.536495
-0.0304463 0.806174 0.590894
0.0799164 0.528397 0.845228
-0.030808 0.49945 0.865795
0.951145 -0.013996 0.308426
0.656628 0.268828 0.704678
0.27753 -0.821675 0.497822
-0.955526 -0.0253026 0.29382
0.688735 0.676789 0.260001
0.0409464 0.0123301 0.999085
0.985676 -0.130617 0.106689
-0.095638 -0.993209 0.0662584
-0.951363 0.0876185 0.295351
-0.674416 0.624035 0.394644
-0.349224 -0.101756 0.931498
0.25799 -0.197722 0.945699
-0.337178 0.941214 0.0206473
0.95984 -0.188169 0.208086
-0.792825 -0.523617 0.311854
-0.500445 -0.319704 0.804577
-0.138401 0.779462 0.61097
0.269852 -0.75951 0.591883
-0.859378 0.187701 0.475645
0.263266 0.907241 0.32803
0.0539635 0.432914 0.899819
-0.995313 -0.00910926 0.0962718
-0.348032 -0.503225 0.790973
-0.325608 0.775284 0.541215
0.821666 -0.565845 0.0684506
0.113609 0.875198 0.470236
-0.394244 -0.898954 0.190931
-0.122209 -0.792718 0.597212
-0.978209 -0.073529 0.194168
-0.12006 -0.709442 0.694462
0.359436 -0.347136 0.8662
-0.123674 0.965654 0.228511
-0.729358 0.37336 0.573271
0.766822 -0.456076 0.45164
0.16185 0.455851 0.875217
0.761497 0.61748 0.197081
0.818584 0.331902 0.468786
-0.797281 0.603583 0.00544548
-0.213248 -0.739763 0.638182
-0.427238 0.75618 0.49564
-0.590683 0.699556 0.402138
0.441106 -0.171161 0.880982
-0.919194 -0.0871869 0.384033
-0.00755181 -0.93383 0.357637
0.669206 0.440637 0.598333
0.437253 0.44644 0.780706
0.993745 -0.0179521 0.11022
-0.309893 -0.596708 0.740206
0.334626 -0.0188758 0.942162
-0.518089 -0.210775 0.82895
0.624721 -0.583531 0.51886
0.73493 0.215645 0.642943
-0.498931 0.765384 0.406516
-0.0573033 0.734849 0.675805
-0.490088 0.862967 0.12289
0.535416 -0.316012 0.783241
-0.713067 0.67084 0.203741
0.928924 0.210499 0.304614
0.0727848 -0.788873 0.610231
0.713741 -0.611335 0.341824
0.97572 -0.0763174 0.205296
-0.226094 -0.373645 0.899595
0.247323 -0.0868914 0.965029
0.522263 -0.100306 0.846865
-0.93959 0.326576 0.102558
-0.0627546 0.0655683 0.995873
0.485357 0.51871 0.703824
0.943923 0.259635 0.203959
-0.247068 -0.156246 0.956318
0.710788 -0.661056 0.240385
-0.16477 0.703523 0.691308
-0.971799 0.215271 0.0962582
0.892047 -0.40947 0.191277
-0.816087 0.130542 0.562993
0.581212 0.487371 0.651661
-0.10793 -0.908769 0.4031
-0.0491878 0.942902 0.329417
-0.158549 0.923231 0.350011
-0.414503 0.424121 0.805176
-0.306002 -0.681115 0.665165
0.569613 0.317022 0.758312
0.072774 -0.525396 0.84774
-0.857992 0.425225 0.288157
0.901691 0.159687 0.401812
0.648918 0.599679 0.468284
-0.679636 -0.500848 0.535953
0.864928 -0.121641 0.486932
-0.312178 -0.875109 0.36977
-0.730316 0.531892 0.428638
-0.55132 -0.833468 0.0371069
0.963055 0.268905 0.014638
0.167111 -0.366529 0.915276
-0.44881 -0.044266 0.89253
-0.79447 -0.570236 0.208922
0.801299 0.49021 0.34295
0.848286 -0.232841 0.475601
-0.35895 0.0108182 0.933294
-0.0138136 -0.886921 0.461714
0.882487 -0.46138 0.0913522
-0.402777 -0.81937 0.407926
0.460789 0.859631 0.220699
-0.433282 0.874005 0.219958
-0.782931 0.399157 0.477171
-0.296294 -0.942426 0.155057
0.873523 -0.296743 0.385876
-0.905585 0.374555 0.19906
0.369238 -0.571729 0.732659
0.551082 -0.667358 0.500941
0.913457 -0.0656478 0.401606
-0.666751 0.342236 0.662055
0.0249613 0.68118 0.73169
-0.911147 0.138287 0.388186
0.627037 0.377022 0.681674
-0.437831 0.312895 0.842853
-0.758267 0.0736759 0.647768
0.822502 0.554722 0.125592
0.527284 0.581382 0.619651
3.33067e-16 0.866025 0.5
-0.0253768 -0.478191 0.877889
0.373742 -0.747574 0.549045
-0.637713 -0.767303 0.0675892
0.674087 0.641414 0.366326
-0.296478 0.574574 0.762867
0.425197 0.793222 0.435898
-0.651612 0.443906 0.6151
-0.844889 -0.418841 0.332769
-0.556193 -0.617172 0.556551
-0.120792 -0.617497 0.777243
0.375145 0.912284 0.164329
0.234861 0.0252292 0.971701
-0.522768 0.695894 0.492387
-0.870196 0.492603 0.0100338
0.607927 -0.511744 0.607077
0.262767 -0.306356 0.914931
-0.0284655 -0.758949 0.650528
-0.937511 -0.341321 0.0676231
0.323906 0.813547 0.482935
-0.375037 0.615835 0.692889
-0.10837 0.565848 0.817357
0.421253 0.16501 0.891806
-0.172779 0.976696 0.12733
0.0509273 0.756721 0.651751
0.388049 -0.85261 0.349962
-0.441282 0.181946 0.87873
-0.125659 -0.425342 0.896266
0.166255 -0.740402 0.651278
-0.519814 0.238449 0.820326
-0.830641 0.296897 0.471048
0.966027 0.149042 0.211135
0.869737 -0.00892274 0.493435
0.608803 0.0967296 0.787402
0.357195 -0.449785 0.8186
0.932524 -0.297761 0.204297
0.287088 -0.871774 0.396978
0.389204 0.920499 0.0346703
-0.968137 0.151841 0.199134
-0.749336 0.185674 0.635626
-0.402521 -0.863875 0.302814
-0.483599 -0.698672 0.527247
0.425829 0.609208 0.66898
-0.0525885 0.398715 0.915566
0.367121 -0.677421 0.637435
0.155007 0.914854 0.372848
0.677702 -0.734805 0.0279653
-0.272535 0.663241 0.697019
-0.298929 0.840123 0.452587
-0.473647 -0.424447 0.771689
-0.801385 0.523011 0.290244
-0.395039 -0.765951 0.507211
-0.32604 -0.322015 0.888822
0.293225 0.510113 0.808581
-0.422055 -0.266785 0.866427
-0.898798 -0.355879 0.255954
-0.000358427 0.595859 0.803089
0.563841 -0.721212 0.402413
0.229979 0.137825 0.963387
-0.716284 -0.691184 0.0959332
0.320998 0.205656 0.924482
0.15416 -0.149796 0.976625
0.457681 -0.872833 0.169383
0.697903 0.715612 0.0288253
0.267937 0.417538 0.868258
-0.122111 -0.524677 0.842498
0.847176 0.380485 0.370842
-0.929366 -0.248436 0.273055
0.186938 -0.913203 0.362097
-0.340366 0.364933 0.866588
-0.493527 -0.755841 0.430273
0.365954 0.889206 0.274573
0.529622 -0.843736 0.0872328
0.834333 -0.523579 0.172489
-0.238406 -0.266656 0.93384
-0.686403 -0.100357 0.720263
0.468702 -0.741748 0.479716
0.640985 -0.695909 0.323804
0.97687 0.0365565 0.210684
0.265579 -0.41091 0.872136
0.0899619 -0.975816 0.199222
0.29679 0.950462 0.0924002
0.523004 0.0125721 0.852238
-0.264821 0.0686403 0.961851
-0.282699 0.951787 0.119091
0.376451 -0.893396 0.245211
0.102451 0.991416 0.0812264
-0.921055 0.0257143 0.388582
-0.036706 -0.26932 0.962351
0.128602 0.186625 0.973978
-0.829762 0.549256 0.0990638
0.276484 -0.915203 0.293188
0.431088 -0.0602668 0.900295
0.299636 0.314086 0.900871
0.435885 -0.898298 0.055365
0.520802 -0.517675 0.678806
-0.85381 0.357437 0.37848
-0.94497 0.262386 0.195411
-0.165701 0.0200173 0.985973
-0.449172 0.0687283 0.890798
-0.802387 0.457981 0.382661
-0.194353 -0.973839 0.117746
0.516987 0.125288 0.846774
0.771091 -0.617492 0.155316
-0.0810837 0.899724 0.428861
0.473309 0.343731 0.811066
-0.267472 0.894364 0.358569
-0.576278 -0.77677 0.254031
0.734389 -0.234449 0.636951
-0.652495 -0.652825 0.384799
-0.470274 0.824544 0.314594
0.134567 0.0746604 0.988088
-0.622972 0.75185 0.215935
-0.947902 -0.137858 0.287187
0.246823 0.705175 0.664685
0.879797 0.45739 0.129427
-0.84897 -0.512791 0.127652
-0.105859 -0.976451 0.18798
0.397882 0.745547 0.534649
0.478846 -0.791897 0.378953
-0.788434 -0.314311 0.528754
-0.0551133 -0.0471714 0.997365
0.751632 -0.123307 0.647954
0.944957 -0.126634 0.301695
-0.208655 -0.951154 0.227526
0.805671 -0.177851 0.565034
-0.309009 -0.913789 0.263635
0.608673 0.724188 0.324144
0.0486415 -0.10029 0.993769
0.0317483 0.91463 0.403044
0.093331 -0.946681 0.308358
0.710049 0.326814 0.623717
0.550727 0.833385 0.0465732
-0.0106958 -0.968181 0.250022
-0.589942 0.294611 0.751779
0.361371 -0.922301 0.137008
0.916824 -0.399278 0.00340176
-0.820366 0.0179401 0.571557
-0.157579 -0.0926632 0.983149
0.0705469 -0.623197 0.778876
0.94549 0.0988553 0.310283
-0.653107 0.692212 0.307073
0.204224 0.978338 0.0338747
0.0799329 0.330672 0.940354
-0.614874 0.0695649 0.785551
0.80402 0.16052 0.572526
0.449276 -0.602951 0.659242
-0.502056 -0.574751 0.64622
-0.590694 -0.267168 0.761381
-0.960207 0.279282 0.00201426
-0.380612 -0.403182 0.832213
-0.577743 -0.733346 0.358353
0.742856 -0.392764 0.542127
-0.0109552 0.973687 0.227626
-0.228761 0.973231 0.0221286
-0.584164 0.408683 0.701235
-0.641089 -0.594354 0.485538
0.618333 -0.416264 0.666625
0.689592 -0.491868 0.531535
-0.922595 0.385693 0.00775761
-0.336543 -0.213141 0.917229
-0.532667 -0.0993059 0.840478
0.0866316 -0.906288 0.413688
-0.537876 -0.478754 0.69389
-0.610179 0.624428 0.487618
-0.881535 -0.308722 0.357191
0.0269039 0.235837 0.97142
-0.219491 0.813994 0.537809
0.227071 -0.973761 0.0151289
-0.979589 0.0394326 0.197105
0.706853 0.494114 0.506172
-0.849749 0.490412 0.19345
0.000630598 0.99946 0.032866
0.587928 0.686098 0.428498
0.446539 0.831951 0.329334
-0.709795 0.472413 0.52251
-0.758715 0.643057 0.104063
-0.988232 -0.121832 0.0924955
0.839464 0.543223 0.0144578
0.998981 0.0425953 0.0149446
-0.742042 -0.261505 0.617242
0.610116 -0.128848 0.781765
-0.306605 -0.826714 0.471739
0.261925 -0.510566 0.818974
-0.279245 -0.959183 0.0446061
0.165003 0.768111 0.618691
-0.87192 -0.147948 0.466762
0.767064 0.637491 0.0722375
-0.170314 0.244181 0.954656
0.779939 -0.514768 0.355963
-0.00478799 -0.990233 0.139343
-0.1114 -0.94827 0.297278
-0.209038 -0.873651 0.43936
0.840063 -0.4696 0.271607
-0.851841 -0.469599 0.232041
-0.585112 0.801821 0.121356
-0.173141 0.133214 0.975847
-0.53962 0.841578 0.0235927
-0.841905 -0.539325 0.0180301
-0.786545 0.585239 0.197086
0.862032 0.42903 0.269879
0.199246 0.968955 0.146383
0.448449 -0.384132 0.807054
0.471909 -0.837415 0.275751
-0.531505 0.818122 0.219496
0.21453 0.632093 0.744604
0.686799 0.0432197 0.725561
0.549173 -0.812285 0.196474
-0.191051 0.619116 0.761705
0.912907 0.0472948 0.405419
-0.0473988 -0.15935 0.986084
0.142839 -0.0380408 0.989015
0.617803 -0.778105 0.113453
-0.147375 -0.208407 0.966875
-0.649569 -0.739534 0.176489
0.955957 -0.293385 0.00850678
-0.157059 0.355993 0.921196
-0.969228 -0.232595 0.080606
0.997371 -0.0716446 0.0108481
-0.565409 0.508367 0.64952
-0.329651 0.918945 0.216496
-0.388959 0.913345 0.120464
-0.458621 -0.888625 0.00340965
-0.369052 0.875142 0.312931
0.814835 0.0481488 0.57769
0.594214 0.208296 0.776867
-0.227938 0.937762 0.262006
-0.400527 0.820947 0.406969
0.89532 0.445053 0.0181718
-0.271959 0.196432 0.942047
-0.136241 -0.31723 0.938511
-0.357733 0.25551 0.898188
0.783759 -0.287743 0.550387
-0.191344 0.874149 0.446376
-0.606058 0.181675 0.774395
0.729919 0.547471 0.40926
0.0593683 -0.211314 0.975614
-0.08295 0.654253 0.751713
0.401993 0.274837 0.873422
0.429558 0.0527247 0.901499
-0.750753 -0.151795 0.642906
0.0815282 0.821498 0.564353
0.560778 0.637974 0.527747
-0.240702 0.41731 0.876307
-0.0211171 -0.827698 0.560776
0.972426 0.206496 0.108383
0.321854 0.626786 0.709613
-0.7106 -0.368564 0.599339
-0.677427 -0.211887 0.704412
-0.0284572 -0.376057 0.926159
0.13379 0.699009 0.702486
-0.475585 -0.87226 0.113932
-0.258025 -0.0441157 0.965131
-0.35683 0.123568 0.925961
0.628982 0.771071 0.099147
0.982965 -0.183663 0.00694155
-0.0241153 -0.575185 0.817668
-0.789497 -0.605286 0.101602
0.255316 -0.958932 0.123541
0.813035 -0.353069 0.462944
0.56016 -0.77163 0.301342
-0.401692 -0.616368 0.677299
-0.255446 -0.468541 0.845705
0.262579 -0.602695 0.753532
0.530077 -0.419077 0.737151
0.500222 0.236201 0.833059
0.662399 -0.207586 0.719816
0.354366 -0.240598 0.903625
-0.714619 0.699318 0.0165354
0.0333705 0.124836 0.991616
0.280808 0.767263 0.576589
-0.654281 -0.320758 0.684859
-0.213296 -0.917631 0.335348
-0.218016 -0.56336 0.796928
-0.82254 -0.367525 0.433997
0.987672 0.156414 0.00629298
-0.894669 -0.444104 0.0483587
-0.615267 -0.0434317 0.787121
-0.90143 -0.404601 0.154022
-0.565304 0.763426 0.31243
0.197829 0.826208 0.527488
0.640683 -0.6409 0.422814
-0.441231 0.897134 0.0215919
0.756123 -0.0105693 0.654345
-0.672581 0.236402 0.701248
0.168619 -0.468739 0.867093
-0.440409 -0.523747 0.729197
-0.906407 -0.199527 0.37231
0.520045 0.764041 0.381831
-0.89388 0.435872 0.104857
0.179362 -0.866982 0.464942
-0.815997 -0.0949755 0.570201
-0.117699 0.992598 0.0299425
0.748662 0.388451 0.537226
-0.717872 -0.563741 0.40848
0.147188 -0.983824 0.102104
0.750316 0.102283 0.653119
-0.541711 0.611616 0.576606
-0.495184 -0.804395 0.32824
-0.0686318 0.293479 0.953499
-0.536052 0.0135943 0.844076
0.166026 -0.661052 0.731741
0.163637 -0.259623 0.951745
0.239945 0.869404 0.43193
0.0966092 0.976415 0.193082
0.750948 0.585699 0.305014
-0.509571 0.37001 0.776807
0.61286 -0.0161753 0.790026
0.177095 0.947318 0.266881
0.988869 0.0948648 0.114627
0.068187 -0.319751 0.945045
-0.72429 -0.658667 0.203866
0.547677 0.821365 0.159403
0.888256 -0.355729 0.290616
0.45989 -0.678437 0.572909
-0.213963 -0.654545 0.725114
-0.595876 -0.524694 0.607971
0.538761 0.796922 0.273225
0.922763 -0.240412 0.301182
0.931014 0.356435 0.0785338
0.901686 0.319385 0.291472
0.0700362 0.950436 0.30293
-0.690185 0.0125409 0.723524
-0.905674 0.308544 0.290784
-0.964868 -0.185457 0.186106
-0.607709 -0.156772 0.778532
0.441493 -0.487345 0.753378
0.696684 -0.340828 0.631243
0.0654469 -0.715292 0.695754
0.702404 0.697249 0.143082
-0.685534 0.125275 0.717181
0.676625 0.156423 0.719521
-0.0605566 0.990001 0.127404
-0.934191 0.199313 0.295906
-0.258119 0.305639 0.916493
-0.436921 -0.156445 0.885791
0.070913 -0.424474 0.902659
-0.316453 0.478572 0.81904
-0.1371 0.462448 0.875983
-0.21401 0.526114 0.823046
0.931162 -0.349506 0.103841
0.90221 -0.177762 0.392961
-0.852538 -0.258574 0.454223
-0.487791 -0.844079 0.222688
0.96429 -0.241566 0.108588
-0.0693305 0.177488 0.981678
