0.417789 0.885108 0.205027
0.877153 -0.0217757 0.479717
0.176992 0.976735 0.121092
0.331659 0.637136 0.695745
0.053692 -0.312733 0.948322
0.434473 0.13734 0.890152
0.657724 0.747283 0.0946973
-0.891383 -0.387524 0.235079
0.153922 -0.987205 0.0416425
-0.0824632 0.295623 0.951739
-0.547127 -0.764546 0.340766
0.758324 0.0750391 0.647545
-0.693073 -0.715805 0.0852824
0.254358 -0.320577 0.912432
-0.840782 0.165098 0.515586
0.0805233 0.144305 0.986252
-0.475265 0.571287 0.669144
0.576235 -0.815789 0.0494127
0.589237 0.757488 0.281088
-0.70494 -0.386395 0.594776
0.202348 -0.968949 0.142104
0.615289 -0.669294 0.416491
-0.145419 0.929307 0.339474
0.350617 -0.154336 0.923714
-0.508704 0.749253 0.424076
-0.831511 -0.555456 0.00763993
-0.344626 -0.930196 0.126365
-0.798431 0.0780318 0.597009
0.818087 -0.197374 0.540164
-0.278776 -0.898225 0.339818
-0.785323 -0.209437 0.582583
-0.651368 0.491713 0.577874
-0.748436 -0.641572 0.168014
0.898808 0.38647 0.206847
0.731875 0.669145 0.128859
-0.0584335 0.735745 0.674734
-0.311422 0.0756849 0.947253
-0.610093 -0.782437 0.124814
-0.525663 0.679718 0.51153
-0.464298 0.215142 0.859151
-0.524197 0.814485 0.248659
0.586971 -0.73851 0.331767
-0.331747 0.941554 0.0584824
0.691834 -0.212555 0.690062
-0.907706 -0.40085 0.124053
0.600183 0.160194 0.783657
-0.436036 0.898026 0.0584981
0.321387 0.870053 0.373788
0.223205 0.974606 0.0179863
0.228509 0.168561 0.958838
-0.780785 -0.101723 0.616464
0.948705 -0.27614 0.153964
0.526047 -0.244859 0.814443
-0.168354 0.710821 0.682928
0.381579 -0.7034 0.599687
-0.871078 0.0599178 0.487477
-0.226942 0.0054707 0.973893
0.519838 -0.353829 0.777543
0.39212 -0.854702 0.340186
0.169729 0.0750217 0.982631
0.614472 0.0481575 0.787468
0.250126 -0.818026 0.517948
-0.698162 0.207155 0.685315
0.0283429 0.679658 0.732981
0.519158 0.536661 0.665184
0.812934 -0.501055 0.296786
0.809954 0.138802 0.569831
0.862212 -0.246562 0.442491
-0.0246929 -0.920193 0.390686
0.321451 -0.581326 0.747482
0.288052 0.765456 0.575416
0.474762 0.687446 0.549563
0.353442 0.0710826 0.932752
-0.738261 -0.0144841 0.67436
-0.133459 -0.775248 0.617397
-0.660872 0.680237 0.317057
-0.869854 0.420388 0.258123
-0.410621 -0.776922 0.477266
0.574463 0.269702 0.772822
0.610309 0.514841 0.602048
0.262251 0.0125982 0.964917
-0.758381 -0.417814 0.50029
0.790134 -0.463609 0.400943
-0.937733 -0.302453 0.17082
-0.956631 -0.196563 0.21499
-0.153416 -0.392149 0.907018
0.894588 0.446867 0.00461752
-0.326944 0.785776 0.525036
0.454051 -0.856473 0.245543
-0.37202 -0.928074 0.0167482
-0.353719 0.712113 0.606447
0.165196 -0.041551 0.985385
0.695037 0.478288 0.536809
-0.557851 0.173124 0.811684
0.946196 0.106779 0.305468
0.66509 0.717761 0.206092
0.586915 0.791401 0.170924
-0.249053 -0.325639 0.912103
0.204597 0.824618 0.527395
-0.224043 0.973484 0.0461926
0.165921 0.768728 0.617679
0.215487 -0.619977 0.754449
-0.777169 -0.315515 0.54448
-0.547226 0.597556 0.586063
0.964256 0.239525 0.113308
-0.511059 -0.735998 0.443989
-0.970565 -0.216888 0.104702
0.407462 0.811837 0.418205
-0.0509118 -0.353099 0.9342
-0.140341 0.785441 0.602816
-0.717523 -0.175569 0.674044
0.133697 -0.962485 0.236108
0.373541 0.479157 0.794277
0.161613 -0.156741 0.974327
0.595273 -0.390925 0.702017
-0.649513 -0.585158 0.485513
-0.107303 -0.882479 0.457948
0.441859 -0.199461 0.874629
-0.177754 -0.829847 0.528922
0.413813 -0.516252 0.749828
-0.164619 -0.58642 0.793103
-0.220211 0.822889 0.523794
-0.446359 -0.483924 0.752715
-0.677755 0.391307 0.622517
0.684764 0.123719 0.718186
0.0377354 0.913661 0.404723
-0.188596 -0.703558 0.685155
0.858846 -0.400335 0.319555
0.979887 -0.0541451 0.192068
-0.946524 -0.317255 0.0586636
0.351368 -0.264406 0.898126
-0.180576 0.239588 0.953934
-0.673844 -0.0898866 0.733386
0.714675 0.540196 0.444329
-0.57809 0.0619594 0.813617
0.0592247 -0.945753 0.319444
-0.398971 0.805958 0.437326
0.985498 0.12856 0.110748
0.579919 0.717271 0.386286
-0.784322 0.620353 0.000101985
-0.592717 -0.049674 0.803877
-0.826211 -0.343437 0.446571
-0.338355 -0.147637 0.929365
0.507786 0.826306 0.243663
0.651477 0.634809 0.415446
6.05156e-05 0.595736 0.803181
-0.384568 0.153475 0.910249
0.163435 0.457236 0.874199
0.877379 0.268279 0.397785
0.228705 0.91812 0.323651
0.14567 -0.476371 0.867094
-0.219502 0.53313 0.817063
0.532427 0.373751 0.759495
0.0643866 -0.0919454 0.99368
-0.0637409 -0.832929 0.549697
0.914284 -0.38232 0.133848
0.192878 0.54813 0.813849
0.869019 -0.445017 0.216255
0.709358 0.304066 0.635889
0.783879 0.25669 0.56537
0.868757 -0.482915 0.109791
-0.839485 -0.239116 0.487944
0.0816707 0.529354 0.844461
-0.189825 0.626959 0.755572
0.795374 0.544009 0.267271
0.142237 -0.850496 0.506384
-0.0457534 -0.245489 0.968319
-0.617191 0.609098 0.498071
-0.151044 -0.920308 0.360858
0.111866 -0.662819 0.740377
-0.535755 -0.516575 0.66792
-0.556705 -0.417536 0.718152
-0.899432 0.140756 0.413774
0.71263 -0.585137 0.387006
-0.418355 0.428062 0.801088
-0.0179193 0.0896375 0.995813
0.622329 -0.0643366 0.780107
0.0716715 0.0207725 0.997212
0.264204 -0.963287 0.0476977
0.041169 -0.517551 0.854661
-0.572864 0.277567 0.771222
0.81772 -0.542707 0.191843
0.962088 0.170081 0.213212
-0.880377 0.469426 0.0676423
-0.113452 0.992978 0.0335205
0.79063 0.610334 0.048965
0.675538 -0.321224 0.663675
-0.928073 0.369835 0.0436091
0.0403757 -0.998609 0.0339198
0.509539 0.202423 0.836298
0.994373 0.0160632 0.104708
0.936603 -0.232832 0.261848
0.25856 -0.100274 0.960777
-0.386212 -0.870337 0.305539
0.549715 -0.662899 0.508309
-0.432508 -0.188154 0.88178
0.307621 0.821873 0.479473
-0.592699 0.406394 0.695379
0.850755 0.519557 0.0792207
0.0805534 0.820995 0.565225
-0.322559 0.487083 0.811607
-0.039007 -0.991767 0.121974
-0.754048 0.371789 0.541466
-0.864443 -0.36755 0.342996
-0.453513 0.659194 0.599825
-0.912126 0.23234 0.337706
-0.684006 0.608952 0.401639
0.345275 -0.371289 0.861934
0.325484 -0.841837 0.430546
0.117427 0.937294 0.328162
-0.681964 -0.488426 0.544394
0.538438 -0.02129 0.842396
0.129211 -0.572355 0.809762
-0.88645 -0.0490614 0.460217
-0.582344 -0.778449 0.23429
-0.730571 0.291527 0.617477
0.735584 0.634823 0.236465
-0.270592 0.950443 0.153097
0.892496 0.3318 0.305549
-0.347444 -0.843028 0.410592
-0.661748 0.021322 0.749423
-0.163559 0.365843 0.916192
0.78621 0.495684 0.369014
-0.0346485 0.945434 0.323965
0.393924 0.759614 0.517504
-0.637656 -0.707852 0.303875
0.450931 0.62293 0.639233
0.177873 -0.925835 0.333454
-0.831524 -0.021552 0.555071
-0.928287 -0.183255 0.323574
-0.35281 -0.463605 0.81277
-0.802446 -0.443345 0.399407
-0.917643 0.320696 0.234703
-0.877418 0.339883 0.338553
-0.565995 0.506572 0.650411
0.0989609 0.253204 0.962338
0.797638 0.582034 0.158148
0.99115 -0.0986639 0.0888104
0.852559 0.48778 0.187654
-0.222458 -0.872799 0.434436
0.8371 0.385551 0.38809
0.664375 0.679044 0.312258
0.313424 0.29127 0.90384
-0.275422 0.674711 0.684768
-0.697037 0.530728 0.48215
0.752464 -0.595331 0.281743
0.325875 0.906911 0.267054
0.625386 0.341279 0.701727
0.579717 0.443085 0.683816
-0.767557 -0.639135 0.0486116
-0.983384 -0.111453 0.1433
0.935657 0.279942 0.214892
0.917472 0.044524 0.395301
0.565757 0.666095 0.486042
0.700114 -0.101106 0.706837
-0.561683 -0.652299 0.508938
-0.841225 -0.130004 0.524823
0.94743 -0.31629 0.0483363
-0.155681 -0.492964 0.856008
-0.644621 -0.246147 0.723792
-0.439687 0.323375 0.837916
0.298584 0.560805 0.772234
-0.887507 -0.45983 0.0297962
0.848281 0.442387 0.291056
-0.212705 0.944599 0.249977
-0.915891 -0.287045 0.280621
-0.0633983 -0.553087 0.830708
0.0505325 0.755977 0.652645
0.770768 0.436536 0.464061
0.970054 -0.167379 0.176012
0.335239 0.182297 0.924328
0.996391 0.0845789 0.00722079
-0.15541 -0.983978 0.0873752
0.75137 -0.259957 0.60652
0.239739 0.376481 0.894867
0.372483 0.699009 0.610445
0.429087 -0.41683 0.801334
-0.0995081 -0.663216 0.741783
-0.255093 0.902866 0.346063
0.490909 0.744101 0.453125
-0.942194 0.126966 0.310082
0.23332 0.948365 0.214863
-0.449948 -0.809789 0.376549
0.817649 0.320377 0.478339
0.875127 -0.135888 0.464422
0.800167 -0.306239 0.515703
-0.711739 0.669905 0.211315
0.489177 -0.553306 0.674209
0.848396 0.206105 0.487591
-0.0298625 0.806093 0.591034
0.638744 -0.590158 0.49368
0.90749 -0.419344 0.0247659
-0.289915 -0.813956 0.503414
-0.964302 0.263937 0.0214263
0.286704 -0.895949 0.339229
0.216678 0.63304 0.743176
-0.344554 -0.363919 0.865359
-0.297802 -0.690497 0.659187
-0.428972 0.737286 0.521913
0.918323 0.384123 0.0955611
0.920004 -0.0680685 0.385953
0.952051 0.305139 0.0221123
0.912752 -0.179254 0.367084
0.812116 -0.577356 0.0844236
-0.26099 0.308608 0.914683
0.999602 -0.0282045 0.000862134
0.612274 -0.776158 0.150665
0.527132 0.0911238 0.844883
-0.490729 0.476804 0.729276
-0.295618 0.587283 0.753465
-0.904215 0.398869 0.152638
-0.514975 0.374622 0.771012
0.603944 -0.286297 0.743832
0.747471 0.369529 0.552028
0.484929 0.874214 0.0243611
0.0158852 -0.975504 0.219407
-0.624325 -0.454359 0.635433
0.404526 0.909528 0.0954893
0.869042 0.090746 0.486344
0.356239 -0.0418888 0.933455
0.00608809 -0.695826 0.718185
0.408551 0.558551 0.721877
-0.563849 -0.314364 0.763708
0.0865033 -0.747852 0.658205
-0.0327711 -0.0223389 0.999213
0.233099 -0.527492 0.816956
-0.515232 -0.11858 0.848808
-0.410307 0.0344585 0.911296
-0.294711 0.849556 0.437492
-0.793804 -0.561198 0.234376
-0.0500141 0.990568 0.127568
0.419872 -0.895878 0.145294
0.831827 -0.360679 0.42187
-0.669001 -0.717037 0.19569
0.952743 -0.122173 0.278127
0.33175 0.943234 0.0158747
0.743392 -0.665446 0.0674528
-0.482109 0.86224 0.155284
0.764186 -0.149636 0.627399
0.667855 0.408998 0.621844
-0.449048 -0.889001 0.0896249
0.154864 -0.374132 0.914354
-0.597046 -0.553656 0.580517
0.909636 -0.340076 0.238561
-0.206467 -0.941946 0.26478
0.206661 0.277506 0.938233
0.449511 -0.0876278 0.888967
-0.826835 0.351708 0.438914
0.355657 -0.777607 0.518494
1.11022e-16 0.866025 0.5
-0.600315 0.683724 0.414902
0.500863 0.855 0.134578
-0.486994 0.104723 0.867104
0.371316 -0.927263 0.0480415
-0.148827 -0.286359 0.946493
-0.243796 -0.766031 0.594777
-0.985655 -0.168734 0.00358645
-0.810115 0.515286 0.279632
0.72854 0.591896 0.344802
0.0248493 -0.611403 0.790929
0.111935 0.993426 0.0239678
-0.709406 0.704576 0.0177454
-0.112011 0.567967 0.815393
-0.441793 -0.57619 0.687622
-0.14375 -0.176791 0.973694
-0.252413 -0.429324 0.867161
-0.803123 0.270549 0.530845
0.674984 -0.706258 0.213533
-0.139777 0.472961 0.869925
0.0588291 -0.203619 0.977281
0.891202 -0.294991 0.344587
0.455529 -0.724749 0.516944
-0.821414 0.563149 0.0902282
-0.645256 0.133084 0.752286
-0.321005 0.912514 0.253523
-0.717751 -0.282179 0.636559
0.102754 -0.903997 0.415008
-0.248635 0.753636 0.608452
0.925774 0.218004 0.308896
-0.34052 0.370875 0.864001
-0.25755 -0.621938 0.739501
-0.542997 -0.838068 0.0528814
-0.040145 -0.134735 0.990068
-0.48636 -0.830479 0.271587
-0.649767 0.308858 0.694557
0.653003 -0.503953 0.565348
-0.283548 0.195558 0.938806
-0.110876 0.850048 0.514903
0.413856 0.247551 0.876037
-0.105035 0.160181 0.981483
0.491968 -0.801782 0.339283
0.763489 -0.411596 0.497668
0.717368 -0.511719 0.472786
-0.577853 0.802748 0.147246
-0.767266 -0.542174 0.342564
0.0231854 0.33456 0.942089
-0.463433 0.816183 0.345072
-0.992299 0.0803427 0.0942792
0.135311 0.699562 0.701643
-0.161471 0.976863 0.140236
-0.327712 -0.0360982 0.944088
-0.988006 0.154164 0.00882211
-0.239339 -0.106509 0.965076
0.0629786 0.990059 0.125765
0.131546 0.360622 0.923389
-0.362368 0.263102 0.894129
0.351174 -0.903225 0.2467
-0.351387 -0.744372 0.567835
0.473694 -0.879418 0.0472983
0.296709 -0.669374 0.681103
-0.424253 -0.0773195 0.902237
-0.856646 -0.48205 0.183805
0.825845 -0.0859443 0.55731
-0.890212 -0.158546 0.427066
0.525052 -0.736616 0.426283
0.415626 0.853769 0.313582
0.699044 -0.403779 0.59017
-0.984332 -0.00337115 0.17629
0.222544 0.875822 0.428264
-0.0733755 0.90335 0.422581
0.633581 0.579641 0.512437
-0.77439 0.188228 0.604062
-0.43421 -0.296743 0.850532
-0.342415 -0.257582 0.903551
0.438724 -0.310549 0.843256
-0.0224279 -0.769912 0.637755
-0.52008 -0.228654 0.822943
-0.136879 -0.0649619 0.988455
-0.477757 -0.382317 0.790937
-0.600882 -0.160449 0.783069
0.248369 0.706166 0.663056
0.332418 -0.473596 0.815601
0.97639 0.0581005 0.208053
-0.974228 0.187448 0.125468
0.270567 0.470335 0.839987
0.673383 -0.666741 0.319394
-0.0310753 0.504831 0.862659
-0.94909 0.212167 0.232836
0.955333 -0.0105139 0.295343
0.617154 -0.17644 0.766805
0.277891 -0.748258 0.602401
-0.640991 -0.351261 0.682456
-0.824136 0.437185 0.360097
-0.0680513 -0.954008 0.291956
-0.883129 -0.265155 0.387008
0.902397 0.157169 0.40122
0.980467 0.196422 0.0101079
-0.628013 0.743608 0.229448
-0.730534 -0.516786 0.446376
0.550955 -0.798388 0.242951
-0.630029 -0.77645 0.0137394
-0.958594 0.0181917 0.284195
-0.816149 -0.565423 0.119155
0.575256 0.815838 0.0590606
-0.534729 0.84348 0.0510579
0.662514 0.234311 0.711459
0.25536 -0.211883 0.943343
0.546134 0.605048 0.579357
-0.670702 0.73102 0.125573
0.0899363 -0.986784 0.13479
0.0509324 -0.417904 0.907062
0.695763 0.0112474 0.718184
0.346085 0.387515 0.854434
-0.834725 -0.465938 0.29349
-0.946285 0.296918 0.128002
0.501731 0.790721 0.350751
-0.239723 -0.957905 0.157961
0.0503839 0.435362 0.898844
0.191737 -0.710981 0.676567
-0.000878743 0.999656 0.0262075
0.0186707 -0.874569 0.484541
0.246436 -0.42535 0.870831
-0.00664902 0.215552 0.97647
0.398602 -0.620882 0.674998
0.244015 -0.938895 0.242759
0.579985 -0.490349 0.650519
0.507783 -0.456498 0.730593
0.975678 -0.20856 0.0674979
-0.208929 0.116994 0.970907
-0.720441 -0.635648 0.277339
-0.625969 0.779123 0.0336165
0.753139 -0.634004 0.17556
0.21827 -0.877403 0.427226
0.569562 -0.579955 0.582453
-0.123095 -0.973026 0.19511
0.519659 -0.842219 0.143601
-0.379573 0.911823 0.156535
0.00939306 0.974534 0.224043
-0.786156 0.58641 0.195145
-0.102661 0.966278 0.236154
0.15708 -0.267171 0.95076
-0.503983 -0.00712172 0.863684
0.823115 0.0265927 0.567251
-0.690036 -0.613563 0.383916
-0.245116 -0.217528 0.944775
-0.768577 0.446632 0.45805
0.118606 0.873286 0.472551
-0.361581 0.865071 0.347723
-0.518509 -0.839274 0.163606
-0.244172 0.429693 0.869336
0.474539 0.469639 0.744481
-0.0707979 -0.997397 0.0136756
-0.573294 0.750805 0.328064
-0.25895 -0.526471 0.809798
-0.0805364 0.655352 0.751018
0.72047 0.693258 0.0177871
0.766507 -0.0374903 0.641141
-0.725593 0.0976054 0.681166
-0.997322 -0.0292204 0.0670475
-0.850565 0.495554 0.175972
0.741061 0.188302 0.644493
0.42783 -0.79394 0.431996
-0.60475 -0.683278 0.409156
-0.403533 -0.664726 0.62873
0.057782 -0.817077 0.573625
-0.0582991 0.40672 0.911691
-0.864271 0.245081 0.439285
0.314966 -0.937896 0.145419
-0.464828 -0.700925 0.540961
0.122117 0.967942 0.21949
-0.313683 -0.920094 0.234584
-0.419346 -0.885834 0.198614
0.446347 0.343654 0.826242
0.664398 -0.745334 0.0552518
-0.505847 -0.616275 0.603592
-0.740581 0.602583 0.297378
-0.396908 0.538164 0.743534
-0.122518 0.0470927 0.991348
-0.18645 0.881705 0.433396
-0.751846 0.650524 0.107456
-0.0536715 -0.45629 0.888211
-0.262212 -0.963847 0.0473726
-0.759629 0.527824 0.379955
-0.350392 -0.55868 0.751732
0.301392 0.94531 0.124709
-0.378632 0.629056 0.678916
-0.973338 0.10575 0.203542
-0.920412 0.0323738 0.389608
0.536305 -0.133914 0.833333
-0.963394 -0.0901658 0.25247
-0.930025 -0.0761314 0.359523
0.110295 0.617036 0.779167
-0.425313 0.869039 0.252746
0.4489 0.0252986 0.893224
0.171602 -0.785768 0.594241
0.477668 -0.643957 0.597623
