0.883125 0.142987 0.446817
0.470575 0.843461 0.259099
0.471355 0.221519 0.853671
-0.925458 0.208834 0.316096
0.0771333 0.344059 0.935774
-0.820676 -0.398587 0.409413
-0.183848 0.713347 0.676267
0.627095 0.233857 0.743009
0.110928 0.69008 0.715181
0.677355 -0.720347 0.1493
-0.967525 0.224037 0.117059
0.427784 -0.889892 0.158409
-0.148627 -0.234776 0.96062
0.790629 0.465552 0.397702
0.917772 0.283658 0.277906
-0.927331 -0.249081 0.279314
0.380639 -0.750482 0.54027
-0.387821 -0.648776 0.65474
-0.324236 0.307154 0.894722
0.938421 -0.345493 0.00120447
-0.171933 -0.963067 0.207222
0.778554 0.127821 0.614423
-0.99799 0.0592635 0.0224503
-0.132234 -0.799645 0.585732
0.249164 0.53671 0.806139
-0.0765842 0.904809 0.418874
-0.247777 -0.156335 0.95612
0.341063 0.846688 0.408407
0.404669 0.431678 0.806162
0.63299 0.730377 0.256657
-0.295188 0.851013 0.434329
-0.26644 0.131186 0.954882
-0.245653 -0.562858 0.789205
0.0620569 0.606348 0.792774
0.966216 -0.216795 0.13938
0.912646 -0.246554 0.326018
-0.532182 -0.80555 0.260522
-0.752302 -0.183501 0.632747
0.0373236 0.75347 0.656422
-0.213286 -0.740322 0.637521
-0.601016 -0.315224 0.734448
0.0417143 -0.845711 0.532008
0.223685 -0.969109 0.103889
0.767767 0.590753 0.248082
0.15795 -0.947998 0.276318
0.184496 0.369072 0.910905
0.192537 -0.90656 0.375603
-0.954647 -0.267625 0.130486
0.301767 -0.953137 0.0216235
-0.289258 0.0205264 0.957031
-0.501304 -0.78359 0.366989
-0.12134 -0.127712 0.984361
-0.814892 -0.115127 0.568064
0.861662 0.257019 0.437583
0.393897 0.601825 0.694732
-0.963634 -0.178264 0.199077
-0.648482 0.761218 0.00418985
-0.354383 -0.292507 0.888173
-0.623489 -0.754608 0.204517
0.338699 -0.819898 0.461573
0.260773 0.756917 0.599228
0.603935 -0.765354 0.222476
-0.438558 0.871772 0.21836
-0.864657 0.502284 0.00890903
0.518434 0.746836 0.416488
0.311206 0.94102 0.132783
0.848578 -0.455369 0.269357
-0.986118 -0.16572 0.0104209
-0.350293 -0.0717241 0.93389
0.996341 0.0707356 0.0479634
-0.593938 0.701193 0.394419
0.0165946 -0.722093 0.691597
0.124085 -0.461079 0.878641
0.184134 0.943559 0.275302
-0.361775 0.713218 0.600365
-0.987502 -0.112677 0.110198
0.370913 0.255372 0.892865
0.546149 0.777673 0.311361
0.737985 -0.67144 0.0674278
-0.220082 0.347704 0.911409
0.161723 0.265669 0.950403
0.137926 0.155296 0.978192
-0.817924 0.288628 0.497689
0.651144 0.758586 0.0236415
0.539938 0.623778 0.565126
-0.289514 -0.843726 0.452004
0.0350437 0.914119 0.403928
0.572112 -0.0592544 0.818032
-0.361731 -0.779815 0.51092
-0.975494 -0.0627764 0.210878
-0.526408 -0.269945 0.806241
0.417768 -0.440625 0.794557
0.788933 0.015291 0.614289
-0.780848 0.220296 0.58459
0.132339 -0.976516 0.170009
-0.559639 -0.828215 0.029415
0.41706 -0.671532 0.612459
-0.835409 0.538091 0.112027
-0.244277 0.240899 0.939306
0.970177 -0.240658 0.0289915
-0.281886 -0.667126 0.689553
-0.289894 0.674397 0.67908
0.24306 0.187226 0.951771
-0.877395 0.248658 0.410302
-0.430657 -0.848571 0.307346
0.60667 -0.640901 0.470317
-0.372898 0.0887814 0.923615
-0.358546 0.933359 0.0169271
-0.974818 0.0528528 0.216646
-0.26263 0.517542 0.814356
-0.466471 0.82554 0.317629
0.801972 -0.587538 0.107887
-0.500919 0.764289 0.406131
-0.726866 0.493891 0.477219
-0.324481 -0.878612 0.350361
0.802149 -0.550816 0.23056
0.893781 0.0281185 0.447621
-0.575313 0.391471 0.718168
-0.286573 -0.468368 0.835767
-0.301665 -0.951394 0.0620282
-0.629301 0.621617 0.466447
0.267195 0.292402 0.918209
-0.985017 0.171457 0.0185692
0.0750983 0.949584 0.304386
0.445568 0.81698 0.366077
-0.791575 -0.344846 0.50447
0.744827 -0.639526 0.190366
-0.435843 -0.0020592 0.90002
-0.531171 -0.160018 0.832017
0.825255 0.189473 0.532028
-0.406307 0.906378 0.115729
-0.179853 -0.855525 0.485521
0.372212 0.737147 0.563979
0.356244 0.527606 0.771182
0.659206 -0.653999 0.371123
0.705744 0.175805 0.686307
0.349555 -0.630326 0.693181
0.579313 0.667052 0.468442
-0.527277 -0.0482605 0.848322
-0.138265 0.278423 0.950454
-0.746853 0.0399367 0.663789
0.913323 0.200597 0.354405
-0.685758 -0.67931 0.261294
-0.68363 -0.258082 0.682674
0.488695 0.860776 0.142273
-0.82507 -0.5465 0.143519
0.902845 -0.423384 0.074949
0.641473 -0.480101 0.598344
0.720775 0.0638688 0.69022
0.798998 0.298909 0.521781
-0.900001 0.381906 0.210109
-0.622993 -0.622432 0.47377
-0.950495 -0.0153518 0.310361
0.483767 -0.11727 0.867305
-0.562719 0.767092 0.308085
0.288774 0.614393 0.734255
-0.771673 -0.629777 0.0888882
0.406967 0.909796 0.0815402
0.518298 -0.386741 0.762757
-0.161713 0.17001 0.972083
-0.760445 -0.616383 0.204436
-0.568353 -0.708498 0.418336
-0.600819 0.792859 0.101939
-0.900674 0.138086 0.411969
-0.173545 -0.670271 0.721539
0.327636 0.683135 0.652673
-0.364117 0.872914 0.324716
-0.78799 0.580387 0.205479
-0.466882 0.431565 0.771863
-0.496164 0.327307 0.804171
-0.0351051 -0.200556 0.979053
0.675209 -0.688494 0.264705
0.495045 0.571339 0.6546
0.860705 -0.305868 0.40698
-0.544343 -0.519746 0.658449
-0.904783 -0.197505 0.377306
0.563567 0.800953 0.202157
0.183488 0.818504 0.544411
0.298633 -0.891924 0.339543
-0.945826 -0.127642 0.298531
0.780334 0.610694 0.134653
-0.853615 0.422358 0.304886
-0.473605 -0.369625 0.799422
0.839381 -0.148366 0.522902
0.308576 -0.489326 0.815684
0.104837 -0.992581 0.0615824
0.261174 0.900037 0.348887
0.839758 0.538233 0.0714957
0.339083 -0.388565 0.856761
-0.140543 0.989578 0.0313484
-0.992957 -0.00010474 0.118476
0.575261 -0.817959 0.0041272
-0.221014 0.825135 0.519908
-0.671771 0.0837261 0.736012
-0.384026 -0.489785 0.78271
-0.474566 -0.875964 0.0864545
-0.584047 -0.577875 0.570044
0.973168 -0.070759 0.218945
-0.191773 0.97183 0.137
0.719168 0.689952 0.0822339
-0.185225 -0.441506 0.877932
-0.0306709 0.312963 0.94927
-0.323566 -0.728244 0.604123
0.440471 0.659329 0.60932
0.0485165 -0.283549 0.95773
-0.0596784 -0.660826 0.748162
-0.959407 0.281514 0.0169682
0.106848 0.974206 0.198761
0.220557 0.691586 0.687795
-0.29585 0.414437 0.860648
0.797813 -0.365815 0.479243
0.110968 0.872207 0.476383
-0.849988 0.483244 0.209751
-0.100736 -0.0167036 0.994773
-0.0737289 0.738108 0.670642
-0.271728 -0.369571 0.888584
0.0486891 -0.966033 0.253789
0.448429 -0.85295 0.267184
0.787028 -0.510407 0.346515
-0.32987 0.787267 0.520957
0.643778 0.112904 0.756837
-0.444654 -0.114123 0.888402
-0.751114 -0.465941 0.467683
0.980528 0.174023 0.0910042
0.846313 -0.0358972 0.531475
0.855612 -0.496215 0.147305
-0.197199 -0.975475 0.0977759
-0.110818 0.659417 0.743565
-0.461408 0.887136 0.00959692
-0.206149 -0.0533819 0.977063
0.0283564 0.130777 0.991006
0.59788 0.352087 0.720121
-0.663594 0.366393 0.652226
-0.112944 0.38326 0.916709
0.15405 -0.360285 0.920035
0.723516 -0.42334 0.545259
0.939691 -0.323174 0.111979
0.0449987 -0.389924 0.919747
-0.342946 -0.584007 0.735747
-0.901809 -0.354401 0.247266
0.495465 0.868272 0.024843
0.711358 0.674539 0.197399
0.677237 0.483088 0.554957
0.934283 -0.0240522 0.355721
-0.401097 0.816455 0.415357
-0.923781 -0.382134 0.0245246
-0.466671 -0.749773 0.469105
-0.136595 -0.592044 0.794245
0.522011 -0.832902 0.18379
0.179683 0.616553 0.766535
0.222111 0.0780153 0.971895
0.989055 -0.119683 0.0862914
-0.323204 0.58327 0.745208
-0.18484 0.0575261 0.981084
-0.779474 0.39433 0.486748
-0.452571 0.154807 0.878188
0.481519 -0.701967 0.524769
-0.580323 -0.420065 0.69769
0.5992 -0.792775 0.111661
0.55181 -0.535074 0.639688
0.258504 0.438279 0.860864
0.455174 -0.583658 0.672428
-0.0628423 -0.969729 0.235958
0.0536402 0.238817 0.969582
-0.796028 0.458449 0.395175
-0.550313 -0.821355 0.150103
0.561799 0.170047 0.809609
0.539731 0.286606 0.791547
0.723197 -0.0491057 0.688893
-0.961087 -0.275664 0.0179484
-0.115873 0.965808 0.231922
-0.880103 -0.467143 0.084828
0.341085 0.361444 0.867767
0.761209 -0.468262 0.448656
-0.710872 0.576932 0.402258
0.37243 0.876822 0.304105
-0.139807 -0.939421 0.312956
0.0752524 -0.176341 0.981448
0.500784 -0.862166 0.0767203
-0.25724 0.756131 0.601742
0.583423 -0.436458 0.684925
0.132179 -0.701235 0.700569
-0.458831 -0.865887 0.199285
0.893267 -0.0853365 0.441353
-0.434226 0.749301 0.499996
0.727277 0.359544 0.584633
0.36303 -0.281534 0.888227
-0.70721 -0.706084 0.0360426
-0.705832 0.261748 0.658247
-0.563547 0.609543 0.557559
-0.253334 -0.796976 0.548317
0.700618 -0.27173 0.659771
0.485291 0.110215 0.867379
-0.718957 -0.410595 0.560814
0.757366 0.238629 0.607827
0.443824 0.329239 0.83344
0.981735 0.0906426 0.167274
-0.446543 -0.561664 0.696515
-0.530883 -0.670685 0.518021
0.457769 -0.226978 0.85961
0.232251 -0.428841 0.873015
-0.485739 -0.465056 0.740122
0.646258 0.415516 0.640076
-0.300618 0.94605 0.120904
-0.398128 0.371703 0.838648
0.459373 0.499678 0.734369
-0.998465 -0.0534609 0.0144602
-0.731343 0.613753 0.297396
-0.52586 0.21969 0.82171
-0.710693 0.673382 0.203647
0.875136 0.425751 0.229942
0.32838 -0.935552 0.130036
-0.912976 -0.0868368 0.398665
-0.890961 0.439689 0.113412
-0.604044 0.0167063 0.796776
0.570633 0.0537353 0.819445
-0.686273 -0.140352 0.713674
-0.21459 -0.897053 0.386326
0.0251778 0.518464 0.854729
0.201999 0.969619 0.137966
-0.00581447 -0.999285 0.0373632
-0.000113168 0.679742 0.733452
0.116855 -0.882304 0.455944
0.563377 -0.171495 0.808205
0.815863 0.498717 0.292658
0.832304 0.523055 0.183533
1.38778e-16 0.866025 0.5
0.647852 -0.112688 0.753385
-0.937424 0.275318 0.213158
-0.366893 0.476837 0.798759
0.482306 0.707767 0.516184
-0.256835 0.90388 0.342106
-0.917224 -0.374055 0.137053
-0.06537 -0.411687 0.908978
-0.380167 -0.915051 0.134743
-0.095939 -0.73512 0.671114
0.535157 -0.280336 0.796881
0.886066 -0.353294 0.300116
0.574317 0.814199 0.0850872
-0.610357 -0.206735 0.764673
-0.846111 0.179275 0.501953
-0.531219 0.692557 0.488028
0.346611 0.150076 0.925925
0.0909967 -0.55669 0.825721
0.61057 0.702437 0.365769
0.992239 -0.0130779 0.123656
0.497168 -0.793821 0.350245
-0.797539 0.522274 0.301929
0.313397 -0.714643 0.625354
-0.658062 -0.654996 0.371395
0.54717 -0.618669 0.563785
0.403978 -0.913456 0.048995
0.931476 0.357426 0.0678168
-0.525583 0.490323 0.695231
-0.862784 0.0675072 0.501045
-0.747869 0.328172 0.577058
-0.166751 -0.340585 0.925309
0.351582 -0.904729 0.240531
0.955519 0.227992 0.187092
0.965212 0.260692 0.0201184
-0.707095 -0.566972 0.422564
-0.94382 0.0973278 0.315802
0.490124 -0.48832 0.722027
0.27467 -0.583902 0.763947
0.442367 -0.77712 0.447656
-0.442875 -0.225229 0.867833
-0.0289475 -0.940118 0.339617
0.400979 0.0516514 0.91463
-0.348245 0.19881 0.916079
-0.506802 0.855263 0.108057
-0.398668 -0.819466 0.411752
0.303524 0.806623 0.507181
-0.636745 -0.468374 0.612521
-0.646208 0.533386 0.545815
0.0736191 0.817745 0.570853
-0.912397 0.0257413 0.408497
-0.148718 0.787452 0.598165
-0.371288 -0.393749 0.840896
-0.743535 -0.301243 0.597
-0.354287 -0.902728 0.244056
0.060554 0.993394 0.0974717
-0.852555 -0.26759 0.448939
0.154204 -0.823975 0.545239
0.824801 0.363743 0.43289
0.663336 -0.74771 0.0302576
0.927962 -0.136528 0.346766
-0.0828172 0.488276 0.868751
-0.847302 -0.434392 0.305586
-0.0697409 -0.856802 0.510908
-0.00546283 0.977502 0.210856
0.2888 -0.107452 0.95134
-0.632366 -0.769118 0.0925752
0.0225596 -0.988988 0.146266
-0.753879 -0.0723375 0.653019
0.373114 -0.171473 0.911802
-0.812712 -0.00308575 0.582657
-0.867789 -0.45637 0.196645
-0.666635 -0.364907 0.649954
0.290853 0.925436 0.242845
-0.464353 0.672071 0.576799
0.929119 0.0887914 0.358963
-0.802463 0.596572 0.0124711
-0.683275 -0.0285122 0.729604
0.102686 0.444186 0.89003
0.716618 0.52594 0.458088
-0.0790463 0.0956501 0.992272
0.645894 0.749697 0.144139
0.635488 -0.224077 0.73888
0.650211 0.000116378 0.759753
0.608068 -0.332243 0.721018
0.202186 -0.0330086 0.978791
-0.277893 -0.945029 0.172324
-0.252818 -0.266208 0.93017
-0.65252 0.195019 0.732246
-0.731873 0.151947 0.664285
-0.653452 0.695622 0.298514
-0.588738 0.128835 0.797991
0.693558 0.650701 0.309137
-0.868419 -0.045126 0.493774
0.589912 0.531768 0.60764
-0.58938 0.285781 0.755619
-0.515477 0.0639592 0.854513
0.155486 0.987164 0.0364796
-0.921488 0.388006 0.0176636
0.263387 -0.216977 0.939972
-0.831994 -0.553932 0.0307531
-0.737722 -0.595957 0.317177
0.670056 -0.378446 0.638595
0.157207 -0.252762 0.954671
0.886401 0.447212 0.119563
-0.730219 0.683191 0.0054907
-0.425651 0.263834 0.865571
0.0145015 -0.488043 0.872699
0.225065 0.864292 0.449829
-0.334453 0.91534 0.224263
0.716826 -0.161436 0.678306
-0.0547307 0.206085 0.977002
0.50501 0.396708 0.766543
0.682113 0.297841 0.667842
0.0913071 -0.774995 0.625337
-0.189953 0.452415 0.871343
0.147894 0.759227 0.633799
0.0949894 -0.0657037 0.993308
0.854655 -0.517938 0.0361159
0.139509 0.534781 0.833395
0.230895 -0.853264 0.467576
-0.986196 0.112665 0.121345
0.20192 -0.751954 0.62753
-0.251002 0.967743 0.0217151
-0.896243 0.317797 0.309442
0.755407 -0.318447 0.572671
-0.00525298 0.416649 0.909052
0.443236 -0.336655 0.830786
0.261004 -0.325569 0.90878
-0.147322 0.930755 0.33465
-0.807938 -0.529413 0.258762
-0.763236 0.636582 0.11061
0.829203 -0.410751 0.379085
0.895271 0.445468 0.00691718
-0.537049 0.816995 0.209996
0.59176 -0.735162 0.330693
-0.936041 0.332553 0.115049
-0.879217 -0.320359 0.35263
0.659924 -0.550199 0.511645
0.952889 -0.17884 0.244987
0.953421 0.145456 0.264256
0.556512 0.462341 0.690315
0.868231 0.371528 0.328851
0.841384 0.0772682 0.534886
-0.808298 -0.225334 0.543948
0.489339 -0.00450058 0.872082
-0.0487653 0.589082 0.8066
0.2748 -0.789 0.549512
-0.558456 0.829526 0.00379777
-0.226354 0.943793 0.24087
0.714115 -0.564808 0.413559
0.0823193 -0.929928 0.358409
-0.118497 -0.992781 0.0185467
0.166861 -0.617793 0.768433
-0.0888724 -0.98785 0.127491
-0.961785 0.165093 0.218434
-0.611445 -0.0954944 0.785503
-0.156418 0.556094 0.816268
-0.80229 0.109363 0.586831
0.746654 0.562317 0.355397
-0.0957139 -0.507094 0.85656
-0.398148 -0.917212 0.014138
0.881113 -0.197101 0.429874
0.540148 -0.723123 0.430504
-0.105381 -0.903899 0.414562
-0.0378669 0.807354 0.588851
-0.671884 -0.525728 0.521711
-0.0804634 0.988626 0.127058
-0.0194214 -0.791895 0.610348
-0.701619 0.430843 0.567543
-0.602032 -0.734312 0.313598
0.411844 0.781861 0.468058
0.250158 -0.944921 0.211057
0.668023 0.618113 0.414344
-0.350706 -0.183651 0.918301
0.305482 0.00431515 0.952188
0.199905 -0.526534 0.826317
0.931897 -0.288867 0.219372
0.78699 -0.0975858 0.6092
-0.217967 0.624139 0.750294
-0.493735 0.585385 0.643079
-0.628433 0.750866 0.203156
-0.782168 -0.504241 0.365998
0.151554 0.912873 0.37907
-0.0618787 -0.306402 0.949889
0.755824 0.425657 0.497541
-0.393323 0.62982 0.669794
0.77618 -0.209152 0.594811
-0.187084 0.883562 0.429321
0.99929 -0.0360206 0.0110139
0.736517 -0.603127 0.306236
0.396167 -0.84175 0.366754
-0.111405 0.851566 0.512274
0.265882 0.963483 0.031728
0.395455 0.897681 0.194382
-0.427967 0.538167 0.7261
0.0570315 -0.644168 0.762755
-0.488749 -0.622558 0.611184
-0.865849 -0.156564 0.475177
-0.0280123 0.999229 0.0275229
-0.247957 -0.926668 0.282497
0.241178 -0.671399 0.700755
-0.843625 0.356167 0.401799
0.964265 0.0329777 0.26288
0.924122 0.337661 0.17884
0.898221 -0.398636 0.185168
-0.0373789 0.948273 0.315249
-0.0192339 -0.579159 0.814987
0.632901 0.578748 0.514283
-0.617078 0.46756 0.632931
-0.427264 -0.705565 0.565353
0.183228 -0.144234 0.972432
0.385292 -0.538865 0.749116
0.823433 -0.258795 0.504959
-0.0152204 -0.0905745 0.995773
0.115853 0.0453566 0.99223
0.00590031 0.0203703 0.999775
-0.702481 -0.695945 0.148931
0.783367 0.621252 0.019547
0.00638377 -0.898647 0.438625
-0.686769 0.7195 0.10329
0.398105 -0.0613184 0.915288
