0.647846 -0.355285 0.673846
-0.544256 0.833805 0.0924941
-0.871097 0.369548 0.323457
-0.352306 0.836745 0.419211
0.394267 -0.917404 0.0540668
-0.748252 0.220655 0.625644
-0.218167 0.671743 0.707929
-0.656741 0.651388 0.37998
-0.0322352 -0.292033 0.955865
0.416973 -0.62907 0.656052
-0.589823 -0.806131 0.0475564
-0.291493 -0.935758 0.198467
0.629 -0.682683 0.371891
0.73271 0.519425 0.439698
-0.987442 0.139422 0.0742915
-0.719266 -0.132273 0.682027
-0.356655 -0.779696 0.514656
0.1258 0.606274 0.785242
-0.174953 0.0357193 0.983929
-0.969271 -0.216066 0.117594
0.545423 -0.052585 0.83651
0.902382 -0.430352 0.0224445
-0.505203 0.0955306 0.857697
0.711597 0.23809 0.661017
0.614892 0.761952 0.203315
-0.265513 -0.561178 0.783953
0.318342 -0.859587 0.399711
0.347594 -0.349775 0.869963
-0.804908 0.591326 0.0495759
0.464143 0.580033 0.669428
0.0718196 0.29404 0.953091
-0.836081 -0.350172 0.422312
0.972364 -0.102688 0.209675
0.908488 0.218183 0.356435
-0.273319 0.367234 0.889065
-0.384248 -0.240343 0.891397
-0.21342 0.969971 0.116657
0.692515 -0.721095 0.0210812
0.418749 0.281802 0.863271
7.45931e-17 0.866025 0.5
0.981281 0.192478 0.00626746
0.0913867 -0.591095 0.801409
0.138223 0.972629 0.186779
0.215592 -0.0336583 0.975903
0.350936 0.828294 0.436775
-0.834765 -0.5456 0.0740829
-0.916528 -0.00145071 0.399968
-0.588495 -0.465494 0.661052
-0.532808 0.50182 0.681389
0.834927 -0.077923 0.544816
-0.00417813 -0.832469 0.554056
0.852259 0.51314 0.101696
0.840245 -0.392942 0.373609
-0.659072 -0.656918 0.366174
0.0635787 -0.981802 0.178948
