0.670847 -0.171753 0.721433
0.959019 -0.283051 0.0128036
-0.773265 -0.431998 0.464153
-0.157693 0.981709 0.106676
0.602727 -0.797947 0.000366479
-0.62814 0.744461 0.226316
0.156951 0.656651 0.737683
-0.0201278 -0.974874 0.221846
-0.537738 0.628533 0.561947
0.982445 0.0248489 0.184889
-0.509454 -0.638631 0.576721
0.290855 -0.95519 0.0549143
0.388988 -0.642495 0.660219
-2.77556e-16 0.866025 0.5
0.63694 0.227275 0.736651
0.757399 0.652952 0.000873448
0.919366 0.369204 0.135846
-0.718033 0.257155 0.646762
0.809104 -0.563237 0.167675
0.56679 -0.746629 0.348274
-0.328473 -0.943154 0.0506596
0.0962171 -0.545175 0.832783
-0.79288 -0.106248 0.600044
0.245311 -0.868919 0.429886
-0.255914 -0.53943 0.802199
0.179534 0.960934 0.210649
0.646847 0.685048 0.335108
-0.570039 -0.336314 0.749632
-0.217523 0.676135 0.703936
-0.334867 0.859148 0.386947
0.532747 0.551509 0.641886
-0.43589 0.39617 0.808115
0.103498 0.127184 0.986465
-0.0438308 -0.786628 0.61587
-0.308284 -0.865445 0.394924
0.793856 0.391182 0.465586
-0.996531 0.0727552 0.0404093
-0.915245 0.139935 0.377817
0.856285 0.0466747 0.514391
0.423876 0.00147741 0.905719
0.347698 0.805463 0.479933
0.0574128 -0.223048 0.973115
-0.55258 0.00666842 0.833433
0.683192 -0.480562 0.549826
0.485999 0.871996 0.0585507
0.388185 -0.346518 0.853954
-0.248791 0.136862 0.958839
-0.611763 -0.748266 0.2566
-0.944178 -0.194288 0.266045
-0.293537 -0.212767 0.931969
-0.846382 -0.516757 0.128841
-0.796125 0.472764 0.377729
-0.908549 0.415059 0.0475839
0.326103 0.374851 0.867838
0.893351 -0.269102 0.359873
-0.058874 0.429391 0.901198
