-0.79054 0.121781 0.60018
0.793645 0.604438 0.0691513
0.492176 -0.849471 0.190162
-0.481887 0.20872 0.851012
-0.329535 -0.30799 0.892496
0.264693 0.421284 0.867443
0.0234966 -0.246399 0.968884
-0.649213 0.667986 0.363754
0.741473 -0.670829 0.014372
-0.0808307 -0.994312 0.0693569
-0.0708995 0.336355 0.939063
-0.953906 0.040902 0.297304
0.579711 0.715873 0.38918
-0.637886 0.438953 0.632789
-0.237218 0.939182 0.248325
0.0564605 0.996593 0.0601204
-0.704662 -0.706992 0.0601207
0.268924 -0.542222 0.796037
0.997609 -0.0584341 0.0368888
-0.819718 -0.225217 0.52663
0.41969 -0.744138 0.51973
-0.748912 -0.547929 0.372699
0.912061 -0.386508 0.136954
-0.955619 0.292849 0.0321166
-0.501583 -0.797657 0.334899
-0.330504 0.521603 0.786573
0 0.866025 0.5
0.705517 -0.610009 0.360743
0.165314 0.0770919 0.983223
-0.214009 0.0153149 0.976712
0.305883 0.729005 0.612363
0.369762 -0.220587 0.902562
0.752212 0.196503 0.628939
-0.532446 0.842722 0.0795051
-0.606602 -0.115709 0.78654
-0.418433 -0.908197 0.00958155
-0.793567 0.60667 0.0469464
0.293169 0.905629 0.306411
-0.169671 -0.901282 0.398625
0.0819867 -0.782834 0.616805
-0.854297 0.374064 0.360906
0.533871 0.843774 0.055013
-0.588465 -0.449636 0.671965
0.808045 0.446041 0.384853
0.00289481 0.637952 0.770071
0.92763 0.0279554 0.372454
0.58699 -0.466841 0.66144
-0.355568 0.767315 0.533667
0.952542 0.285856 0.104647
0.666876 -0.130153 0.733715
0.17095 -0.935131 0.310331
-0.932675 -0.300103 0.200138
0.831135 -0.297986 0.469488
-0.0828725 -0.553115 0.828972
-0.338917 -0.696826 0.632115
0.55453 0.485824 0.675627
0.48885 0.148047 0.859714
