-0.331739 0.863114 0.380767
0.247205 0.69045 0.67983
0.391167 0.404187 0.826814
-0.161194 0.108263 0.980967
-0.636114 -0.218004 0.740158
-0.438498 0.639477 0.631497
-0.96146 0.0021521 0.274937
-0.335307 -0.192584 0.922215
0.401645 0.915378 0.0276471
-0.556978 0.822861 0.112582
0.814019 0.461929 0.35213
-0.108206 0.647359 0.754465
0.189162 0.062548 0.979952
-0.0779672 -0.552239 0.830032
-0.650499 -0.566913 0.50543
0.593674 -0.776731 0.210334
0.641251 0.736716 0.214583
0.271327 -0.559745 0.782986
0.841457 0.540323 0.000985757
0.890228 0.128377 0.437051
0.889877 -0.446038 0.0957527
0.746566 -0.107026 0.656647
-0.682221 0.626378 0.377128
0.439733 -0.729471 0.523934
-0.470735 -0.816778 0.333591
0.745933 -0.527049 0.40719
0.356596 -0.23809 0.903411
0.211462 -0.935292 0.283748
-0.968568 -0.247384 0.0260252
0.906856 -0.215682 0.362068
-0.240982 0.968863 0.0568529
0.0896675 0.979824 0.178619
0.00452563 -0.999987 0.00224139
-0.805525 0.0523694 0.590244
0.992836 -0.114652 0.0336355
-0.341694 -0.939355 0.0292899
-0.521332 0.0974651 0.84777
-0.656482 0.36397 0.660725
0.352614 0.855976 0.378111
0.51749 0.0760572 0.852302
0.581972 -0.415907 0.698806
-0.41894 -0.494888 0.761299
8.39606e-16 0.866025 0.5
-0.646471 -0.762229 0.0328968
-0.844228 -0.27334 0.461048
-0.248928 -0.75913 0.601462
0.100946 -0.800835 0.590316
0.564029 0.624848 0.539849
-0.830711 -0.516951 0.206594
-0.962659 0.267335 0.0426608
0.967409 0.228979 0.108116
0.0525708 0.382419 0.922492
-0.329326 0.392919 0.858579
0.0105087 -0.241208 0.970416
-0.866972 0.32614 0.376819
-0.13939 -0.937792 0.317988
0.686188 0.315096 0.655637
-0.809582 0.584783 0.0510528
