0.555936 -0.81674 0.1545
-0.805108 0.490694 0.333197
-0.0363088 0.328347 0.943859
0.0636662 0.981799 0.178935
-0.999102 -0.00527002 0.0420345
-0.752725 0.657495 0.0332412
0.230832 0.107802 0.967003
0.39613 0.911895 0.107372
-0.345855 -0.870184 0.350947
3.33067e-16 0.866025 0.5
-0.697039 -0.348606 0.626587
0.282991 0.432611 0.856016
-0.548551 -0.649591 0.526425
0.55769 0.512423 0.652997
-0.574194 0.749917 0.32852
0.202636 -0.970041 0.134012
-0.590656 0.537018 0.602277
-0.232001 -0.727139 0.6461
-0.549484 -0.107795 0.828521
0.775321 0.251758 0.579219
0.618727 -0.64444 0.449304
0.438958 -0.157597 0.884578
0.716605 -0.0706424 0.693893
0.827742 -0.355979 0.433731
-0.00584185 -0.913897 0.405903
-0.740814 -0.670875 0.0334805
0.686135 0.721624 0.0920783
0.106712 -0.216424 0.97045
-0.466825 -0.883973 0.025807
-0.239677 -0.209137 0.948059
0.911404 -0.0197866 0.411038
0.89353 0.445164 0.0585878
0.114017 -0.729421 0.674496
0.963049 -0.230222 0.139764
-0.320141 0.128467 0.938619
0.332649 -0.840062 0.428532
-0.925647 -0.181428 0.332056
-0.410445 -0.463769 0.785146
-0.272317 0.917212 0.290803
-0.796302 -0.00993153 0.604817
-0.0412344 0.631916 0.773939
-0.927332 0.165739 0.335539
0.803006 -0.573002 0.163862
0.291392 -0.474912 0.830391
-0.312806 0.744802 0.589426
0.600907 -0.397985 0.693194
-0.936131 0.349279 0.0407748
-0.482927 0.875476 0.0179638
0.272739 0.710727 0.648444
-0.797108 -0.503945 0.332655
-0.0700765 -0.500286 0.86302
0.988463 0.113781 0.0999728
0.509231 0.762269 0.399536
-0.336222 0.455836 0.824117
-0.928028 -0.370338 0.0401676
0.764169 0.528467 0.369821
-0.141969 -0.98534 0.0946074
0.534166 0.195275 0.822517
-0.602581 0.230113 0.764162
