0.985215 -0.167766 0.0347256
0.398233 0.916743 0.0315019
0.119126 -0.704455 0.69968
-0.0324853 -0.182003 0.982761
0.872532 0.488309 0.0155848
-0.721801 -0.473316 0.504951
0.709221 -0.70485 0.0138548
-0.292484 0.898255 0.32801
-0.230604 0.688714 0.687383
0.737577 -0.410904 0.535852
-0.717393 0.108026 0.688242
0.800325 0.487752 0.34868
-0.101926 -0.493699 0.863639
0.913746 -0.172284 0.367949
0.104746 0.975271 0.194615
-0.65019 -0.223973 0.726009
-0.515364 0.700565 0.493568
-0.229692 -0.906089 0.355309
-0.444111 0.091735 0.891263
-0.309371 0.403849 0.860927
0.857523 -0.469356 0.210616
0.424132 0.435936 0.79377
0.342094 -0.815405 0.466996
0.298274 -0.107265 0.948434
0.470221 -0.573872 0.670494
-0.358944 -0.238094 0.90248
0.703149 0.325445 0.632192
0.764172 -0.0392735 0.643815
-0.984162 -0.0605107 0.166627
-0.895392 0.180915 0.40687
0.23333 -0.432723 0.870809
-0.959413 0.269217 0.0839612
0.0196766 0.492204 0.870257
0.636605 -0.68328 0.357577
0.531682 0.115697 0.839004
-0.771544 0.498248 0.395561
-0.867553 -0.152181 0.47349
0.210926 0.222165 0.95192
0.340135 0.848277 0.405875
-0.120248 0.147334 0.98175
-0.502623 -0.730756 0.461916
-0.461397 -0.880762 0.106638
-0.463876 -0.509371 0.724818
0.0978458 -0.956299 0.275534
-0.81402 0.576997 0.0666829
-0.895284 -0.384255 0.22542
-0.596927 0.426736 0.679393
-0.576533 0.799728 0.167465
0.89967 0.166383 0.403621
0.982577 0.170893 0.0730571
6.93889e-18 0.866025 0.5
-0.216627 -0.730792 0.647314
-0.185239 0.982568 0.0156701
0.225956 0.69149 0.686138
-0.144425 -0.988885 0.0353118
0.554445 -0.265502 0.788733
-0.713377 -0.671423 0.20071
0.450648 -0.879937 0.150424
0.617498 0.751205 0.23321
0.558125 0.626017 0.544609
