0.538441 -0.669869 0.51123
0.483882 -0.442283 0.755145
0.556751 0.734092 0.388764
0.225738 -0.657484 0.718858
-0.932817 -0.359588 0.0234366
-0.620952 0.770426 0.144436
0.295764 0.739856 0.604266
-0.797699 0.476046 0.370211
-0.0262858 0.982612 0.183799
-0.222451 -0.198934 0.954432
-0.648592 -0.456822 0.608803
0.0369945 0.0130739 0.99923
-0.531261 -0.218993 0.818415
0.115029 -0.979999 0.162387
-0.554042 0.689938 0.465857
0.00331109 -0.457305 0.889304
-0.854712 -0.381931 0.351563
-0.106217 -0.714933 0.691078
0.936931 0.349496 0.00347076
0.827506 0.0179967 0.561168
0.293879 0.431106 0.853102
-0.0363359 0.337792 0.940519
-0.198027 -0.979576 0.0348633
-0.337488 0.444265 0.829898
0.916707 -0.396747 0.0473213
-0.783531 -0.146932 0.60373
0.248697 -0.858655 0.448175
-0.828345 0.180019 0.530508
-0.267626 0.717326 0.643288
-0.407933 -0.870229 0.276212
0.26064 -0.241958 0.934625
0.573253 -0.120994 0.810396
0.950377 0.14729 0.274023
0.54285 0.837143 0.0671214
0.0288331 0.627147 0.778367
-0.614432 0.106588 0.781736
0.925152 -0.200425 0.322371
-0.100413 -0.905622 0.412026
0.784633 -0.524043 0.331256
-0.626571 0.420268 0.656341
0.997385 -0.0696964 0.0191237
-0.759822 -0.64992 0.0165689
-0.666666 -0.662643 0.341263
-0.303155 0.885646 0.351749
-0.945419 -0.0577615 0.320697
0.794844 0.348259 0.49693
0.549871 0.522093 0.651966
-4.16334e-16 0.866025 0.5
-0.421869 -0.704614 0.570565
0.624265 0.208195 0.75296
-0.842517 0.537124 0.0407762
0.353975 0.107252 0.929085
-0.952883 0.247411 0.175506
0.797694 0.557031 0.231086
-0.316476 0.12545 0.940269
-0.352923 0.935414 0.0211245
0.498193 -0.838429 0.220999
0.277642 0.908629 0.311942
0.732426 -0.679901 0.0358763
-0.325376 -0.486978 0.810545
0.746525 -0.308988 0.589259
