0.854037 0.518444 0.0428485
-0.126044 -0.248586 0.960374
0.208031 -0.97735 0.0388557
0.657461 0.718491 0.22697
0.0607029 0.109862 0.992091
0.256096 0.712632 0.653124
-0.155629 -0.987269 0.0328551
-0.324875 0.786258 0.5256
0.405835 0.448695 0.796223
0.497535 -0.278533 0.82151
0.348422 -0.878424 0.327067
-0.841485 0.477865 0.252088
0.408875 0.911528 0.0440152
0.405337 -0.690377 0.599234
0.879165 0.138189 0.45604
0.655607 -0.467011 0.593363
0.683555 0.327176 0.652464
-0.247481 -0.75127 0.611839
-0.24515 0.382122 0.891002
0.841888 -0.437537 0.315888
-0.816 -0.47781 0.325332
-0.778684 0.0517286 0.62528
-0.933948 0.162257 0.318455
0.938625 -0.34484 0.00829903
0.570796 0.621259 0.53687
-0.179301 0.982228 0.0554875
0.965609 0.217914 0.141821
0.965166 -0.103808 0.240163
0.809823 0.455727 0.369458
0.772423 -0.632962 0.052173
-0.310868 -0.896367 0.31605
0.825064 -0.183514 0.534408
-0.535918 -0.105863 0.837607
0.386789 0.123889 0.913808
-0.389306 -0.407417 0.826106
-0.472925 0.536431 0.698988
-0.553369 0.227217 0.801346
0.247839 -0.502514 0.828284
-0.919176 -0.39346 0.0174333
0.120748 0.971244 0.205194
-0.619077 0.661086 0.42392
0.657809 0.00817225 0.753141
-0.0836803 -0.554059 0.828261
0.0205399 -0.948618 0.315755
0.0855193 -0.791593 0.605034
-0.90276 -0.162074 0.398443
-0.60599 -0.737923 0.297063
-0.268875 0.0549918 0.961604
-0.543206 -0.593879 0.593494
-0.445934 0.86678 0.223238
0.519786 -0.853373 0.0397197
-0.474054 -0.880186 0.0233551
-2.77556e-17 0.866025 0.5
0.0867071 0.430913 0.898218
0.628582 -0.695126 0.348833
-0.697332 0.7144 0.0579709
-0.993403 -0.0739023 0.0876836
-0.103485 0.660214 0.743914
0.383004 0.845378 0.372349
-0.735361 0.378387 0.562199
-0.711003 -0.306062 0.633088
0.204569 -0.191519 0.959934
