0.985079 0.171936 0.00759119
-0.178521 -0.156399 0.971426
-0.161112 -0.984198 0.0734601
0.88058 0.435381 0.187142
0.126819 0.10992 0.985817
0.517863 0.58927 0.620144
-0.503412 -0.860854 0.0742047
5.55112e-17 0.866025 0.5
0.565492 0.29332 0.770832
0.386773 -0.41608 0.822973
0.0143983 -0.934725 0.355081
-0.601542 0.759423 0.247839
0.713903 0.700243 0.00113812
0.144175 -0.772333 0.61864
0.882606 -0.178631 0.434854
0.4583 -0.656029 0.599656
0.775353 0.0745392 0.627113
-0.485276 -0.590304 0.645018
-0.0618102 0.471868 0.8795
0.633953 -0.704955 0.318028
-0.923628 -0.136933 0.357995
-0.686879 0.351207 0.636279
-0.800521 0.501501 0.328119
0.748361 -0.66327 0.00540264
0.773965 0.385869 0.502079
0.192514 0.981088 0.0201035
0.982506 -0.145458 0.116293
0.86793 -0.441701 0.227151
0.931059 0.139547 0.337128
0.490066 -0.869375 0.0634218
-0.606156 -0.711078 0.356291
0.71748 -0.455869 0.526694
-0.511814 0.122335 0.850342
0.433065 0.00157909 0.901361
-0.485518 -0.212128 0.8481
-0.223496 0.692824 0.685598
-0.407862 0.437546 0.801375
0.0729856 -0.53314 0.842873
-0.998353 -0.0300453 0.0488784
0.472379 0.86584 0.164862
-0.322543 0.853892 0.408454
0.638286 -0.209866 0.740639
-0.254373 -0.460082 0.850658
-0.316712 -0.880688 0.352254
-0.190204 -0.749592 0.633983
-0.887165 0.190731 0.42019
-0.823739 -0.456483 0.33627
-0.200874 0.178258 0.963262
-0.703784 -0.336449 0.625691
-0.0925959 0.976046 0.196877
0.174254 -0.982617 0.0640236
-0.761101 -0.645258 0.0660812
-0.932795 -0.358762 0.0344105
0.33067 0.820883 0.465626
0.26508 0.396341 0.879003
0.342598 -0.865783 0.364756
-0.387146 0.921056 0.0421201
-0.94892 0.296514 0.107846
0.16684 0.674492 0.719183
0.675761 0.658014 0.332212
-0.529514 0.63745 0.559707
-0.753944 -0.00618951 0.656909
0.149991 -0.224001 0.962978
