0.785728 0.504421 0.358037
-0.0232027 -0.824347 0.56561
-0.251733 -0.643241 0.723098
0.438138 -0.898326 0.0323202
0.996452 0.0819893 0.0190221
0.0308208 0.655786 0.754317
-0.340374 -0.821224 0.457971
0.0878961 -0.309554 0.946811
0.29892 -0.742153 0.59988
0.0509751 0.342833 0.938012
0.954757 -0.137777 0.263546
-0.0362996 0.980868 0.191259
-0.683563 -0.221002 0.695629
0.7058 -0.70551 0.0640474
0.73273 0.675868 0.0794247
0.34171 0.184632 0.921491
0.612469 0.0468207 0.789107
-0.788536 0.55356 0.267924
0.525464 -0.783867 0.330818
0.315549 0.495381 0.809337
0.0660498 0.0171933 0.997668
-0.273038 0.72866 0.628097
0.582072 -0.571268 0.578658
0.755235 0.274515 0.595198
0.0694139 -0.603296 0.794491
-0.514379 0.306894 0.800769
-0.903923 0.252635 0.345108
-0.739083 0.104324 0.665487
0.472868 0.879628 0.0514819
-0.685513 -0.674993 0.272867
-0.899512 -0.0672265 0.431692
0.373989 -0.145149 0.916004
-0.838062 -0.545506 0.00869033
0.810749 -0.363428 0.458919
-0.101795 -0.956844 0.27219
-0.490974 -0.0161291 0.871025
0.305211 0.746026 0.591854
-0.580613 0.800873 0.146597
0.886282 -0.439734 0.145391
-0.556705 0.691391 0.460498
0.120518 -0.992444 0.0230138
-0.235605 0.480631 0.84468
0.222269 -0.917651 0.329413
-0.209355 -0.164039 0.963982
-0.421367 -0.377287 0.824685
-5.55112e-17 0.866025 0.5
0.631418 -0.277582 0.724058
0.914279 0.398733 0.07145
-0.549237 -0.597205 0.584538
0.926885 0.186549 0.325706
0.572477 0.550697 0.607456
-0.790973 -0.415146 0.449461
-0.316952 0.885587 0.339526
0.36728 -0.458763 0.809099
-0.995942 0.0274019 0.085723
-0.314677 0.949092 0.014273
-0.228986 0.166745 0.959042
-0.453482 -0.878255 0.151733
-0.714527 0.417892 0.561086
-0.94087 -0.284095 0.184538
0.829626 -0.0461069 0.556412
0.266244 0.913239 0.308396
-0.936796 0.348621 0.0296183
0.55513 0.755647 0.347605
