0.717206 0.696722 0.0139298
0.159962 0.339216 0.927008
-0.593531 0.738783 0.319251
-0.469788 0.414062 0.779649
0.203717 0.619539 0.75807
0.394625 -0.266386 0.87938
-0.963062 0.245238 0.111221
0.220567 -0.775453 0.591627
0.0837816 -0.208325 0.974465
0.915041 -0.392691 0.0921633
-0.672172 -0.610104 0.419473
-0.568162 -0.112695 0.815164
0.485591 -0.874118 0.0108957
0.511066 0.565671 0.64717
0.886733 0.441501 0.137048
0.832096 -0.068553 0.550378
-0.108349 0.987574 0.113834
-0.41242 -0.673759 0.613154
-0.968563 -0.0579471 0.241927
0.742894 -0.668517 0.034534
0.592557 -0.0126356 0.805429
-0.160235 -0.980037 0.117694
0.65727 -0.314189 0.685041
-0.165753 0.389291 0.906079
0.323164 0.798636 0.507686
0.910788 0.200151 0.361117
-0.700914 0.713201 0.00804361
-0.504737 -0.829697 0.238419
-0.243714 -0.17105 0.954644
-0.692254 -0.355073 0.628258
2.77556e-17 0.866025 0.5
0.472586 0.293955 0.830815
0.299259 0.0409866 0.953291
0.495586 -0.596965 0.630894
0.174736 -0.984227 0.027651
-0.122064 0.667845 0.734223
-0.871854 0.237227 0.428479
-0.686125 0.175733 0.70594
0.962559 -0.106234 0.249388
-0.949652 -0.31172 0.0315047
-0.867917 -0.353775 0.348658
-0.797266 -0.592693 0.114376
-0.299467 0.882809 0.361894
-0.0495886 0.0930871 0.994422
-0.822885 0.514255 0.241666
0.671171 -0.650048 0.356326
-0.421335 0.683907 0.595607
-0.433202 0.899269 0.0604317
-0.103623 -0.463304 0.88012
0.212625 -0.534917 0.817713
0.753228 0.493824 0.434495
-0.836068 -0.0699804 0.544145
0.19232 0.950224 0.245129
0.733742 0.234315 0.637745
0.0797684 -0.936911 0.340345
-0.234247 -0.875748 0.42213
-0.0935491 -0.726417 0.680857
0.44931 0.892187 0.0460725
0.584195 0.749445 0.311527
0.40957 -0.849987 0.331323
-0.42152 -0.4085 0.809598
-0.686308 0.486126 0.540983
-0.371496 0.131346 0.919097
0.988892 0.144251 0.0358482
0.833901 -0.368032 0.411293
