-0.44314 0.895959 0.0297458
0.0611014 -0.998011 0.0154871
-0.297864 -0.145465 0.94346
-0.847348 -0.406216 0.342038
0.994693 0.0641111 0.0804719
-0.351661 -0.654959 0.668852
0.417696 -0.815852 0.399894
-0.929096 -0.0896061 0.358821
-0.197841 -0.448807 0.871453
0.644325 -0.744556 0.174588
0.120825 -0.935744 0.331339
-0.481668 -0.873145 0.0749241
-0.260268 0.915251 0.307533
0.852596 -0.460389 0.247229
-0.694691 -0.677709 0.241072
0.913411 0.379253 0.147807
-0.0253524 0.658599 0.752067
-0.964347 -0.253091 0.0773308
0.197027 0.980181 0.0206411
-0.595332 0.301199 0.744889
0.711064 0.246912 0.658348
-0.43626 -0.80952 0.392881
-1.66533e-16 0.866025 0.5
-0.751963 -0.239463 0.614174
0.236142 0.483679 0.842788
-0.500823 -0.356107 0.7889
-0.635182 -0.539177 0.55302
0.370124 -0.924155 0.0945841
0.652097 -0.597289 0.466921
-0.293709 0.752395 0.589607
0.524607 0.515367 0.677631
0.557811 -0.0698168 0.827026
0.266469 -0.00964974 0.963795
-0.99538 0.0814064 0.0509123
0.169521 -0.773048 0.611277
0.279508 0.726626 0.627607
0.452615 0.238574 0.859198
-0.579299 -0.0392332 0.81417
0.965007 -0.261934 0.0123116
0.494388 0.864184 0.0936323
-0.794674 0.0848988 0.601071
-0.724193 0.688181 0.0441677
-0.130184 0.991347 0.0168541
0.287568 0.893152 0.345808
0.0432347 -0.249148 0.9675
-0.0646712 0.381552 0.922082
-0.779258 0.534141 0.327798
0.935408 -0.151911 0.319273
0.351266 -0.318171 0.880557
0.420099 -0.580681 0.697371
-0.0510854 0.0630338 0.996703
-0.348329 0.177229 0.920466
-0.914707 0.236047 0.328012
0.648389 -0.346791 0.677737
0.738172 0.655609 0.158996
-0.572849 0.581689 0.577479
-0.197034 -0.956889 0.213405
-0.554516 0.771692 0.311454
0.553484 0.717995 0.422064
0.770549 0.472101 0.428223
0.114535 -0.539551 0.834126
0.899605 0.172397 0.401236
-0.134831 -0.846323 0.515324
-0.34137 0.501742 0.794809
-0.91591 0.398965 0.0440002
0.795763 -0.0643403 0.602181
