0.464947 0.783951 0.411395
-0.93805 0.196436 0.285437
-0.0329331 0.341912 0.939155
-0.921721 0.387097 0.0242194
-0.508345 -0.365222 0.779871
-0.220198 -0.501631 0.836588
0.905161 0.093841 0.414581
-0.047636 0.994505 0.0932202
0.723299 0.606203 0.330693
-0.576926 -0.0507382 0.815219
-0.632806 -0.672512 0.383776
0.515701 0.286031 0.807613
-0.0274465 0.624267 0.780729
-0.429309 -0.643274 0.63395
0.955505 -0.173326 0.238682
-0.783017 0.56752 0.25457
-0.359249 -0.846875 0.3921
-0.264471 0.910288 0.318482
-0.051568 0.0241103 0.998378
-0.236838 -0.964553 0.116382
0.315453 -0.304561 0.898739
-0.119018 -0.748209 0.652701
0.653764 -0.733943 0.184177
-0.997757 -0.0286861 0.0604744
-0.544346 0.558658 0.62577
-0.043878 -0.920249 0.388865
0.237691 0.163772 0.957435
-0.631037 0.773695 0.0564631
-0.924317 -0.117637 0.363042
-0.77826 0.367499 0.509172
0.405493 -0.560546 0.722055
-0.937673 -0.345807 0.0344524
-0.795787 0.0580136 0.602791
0.531017 0.560103 0.63585
0.726131 0.0734307 0.683624
0.250391 0.721365 0.645707
0.491461 -0.736773 0.464361
-0.354432 0.935044 0.00840609
-0.277328 0.741261 0.611246
0.704765 -0.496808 0.506447
0.586367 0.802297 0.111773
-0.346128 0.149299 0.926232
-0.543914 0.754277 0.367727
-0.302479 -0.171353 0.937627
-0.595902 0.267279 0.757273
0.993527 0.0952687 0.0618654
-0.536154 -0.835384 0.121128
0.0801874 -0.995094 0.0579456
0.428124 -0.903365 0.0253195
0.598779 -0.301517 0.741991
0.850423 -0.478899 0.217802
0.905146 0.358647 0.228219
0.764239 0.35899 0.535784
-0.777675 -0.623342 0.0816532
-0.00304618 -0.293231 0.956037
0.269431 -0.912632 0.307425
0.809555 0.586731 0.0191902
-1.11022e-16 0.866025 0.5
0.217153 0.937829 0.27078
0.484129 -0.0292169 0.874509
0.197842 -0.77981 0.593932
0.822872 -0.196492 0.533173
-0.3156 0.457395 0.831376
-0.839831 -0.428776 0.332918
0.0960489 -0.568426 0.817109
0.250838 0.468019 0.847371
-0.756548 -0.263382 0.598552
