0.310443 0.785701 0.535069
0.936666 0.20326 0.285207
0.10479 -0.987566 0.117187
0.775438 0.278182 0.566844
-0.993202 0.113388 0.0263135
-0.21295 0.252049 0.943993
0.472116 -0.808465 0.351413
0.86472 -0.0248593 0.501638
-0.476998 -0.312116 0.821618
-0.86882 -0.493743 0.0370145
0.429789 -0.131905 0.893243
0.58028 0.555905 0.595185
-0.728863 -0.286879 0.621659
-0.90466 0.421184 0.0647645
-0.550419 -0.555603 0.623173
-0.288806 0.52937 0.797721
-0.83991 0.00550924 0.542698
-0.00665128 0.0104512 0.999923
0.00139052 0.661791 0.749687
-0.199601 -0.979819 0.0106857
-0.342042 -0.0435251 0.938676
-0.466402 0.882043 0.0668573
0.564834 0.752091 0.339589
0.168029 -0.892377 0.418844
-0.666493 -0.744893 0.030345
-0.354453 -0.784733 0.508485
-0.920319 0.224749 0.320156
0.144439 -0.270468 0.951832
-0.432856 -0.876798 0.20943
0.90108 -0.415117 0.125428
-0.722193 0.686389 0.0854853
0.644519 -0.286628 0.70883
0.0747929 0.395069 0.915602
-0.6678 -0.661187 0.341871
-0.246079 0.921956 0.299068
-0.296296 0.762609 0.575009
0.27828 -0.702423 0.655105
0.678728 -0.734259 0.013855
0.717162 0.695632 0.0421243
-0.263911 -0.582254 0.76898
-0.137229 -0.936007 0.324129
0.726081 -0.614052 0.30943
-0.550274 0.567326 0.61265
-0.782033 0.514461 0.351788
0.783399 0.514992 0.34795
0.826555 -0.340659 0.448061
-0.741376 0.307966 0.596254
-0.552643 0.75592 0.350957
-0.959225 -0.102841 0.263269
0.212694 0.939407 0.268843
-0.0534439 -0.779327 0.624334
0.280268 0.148565 0.948356
0.971317 -0.111811 0.209862
-0.508713 0.272125 0.816798
-0.85142 -0.395977 0.343928
0.512594 0.315006 0.798761
0.410977 -0.910192 0.0514626
0.0515256 -0.554568 0.830542
5.55112e-17 0.866025 0.5
-0.0334172 0.997095 0.0684473
0.30768 0.562188 0.767644
0.458162 0.886386 0.0663811
0.38082 -0.44048 0.812991
0.663957 0.0348944 0.746956
0.567543 -0.576489 0.58784
-0.623283 -0.0273508 0.781518
-0.173879 -0.318716 0.931765
0.900499 0.430781 0.0594133
