0.997536 0.0174904 0.0679404
0.769248 0.557581 0.312027
-0.768185 0.495221 0.40577
-0.598332 -0.0494241 0.799723
-0.00685895 0.663702 0.747966
-0.316612 -0.0991381 0.94336
-0.670968 -0.662521 0.332968
-0.713063 0.684135 0.153298
0.416165 -0.474226 0.775833
-0.544984 0.724046 0.422789
0.527974 0.738256 0.419788
-0.264639 0.484703 0.833684
0.555823 0.235901 0.797127
-0.960987 -0.275858 0.0201546
-0.27041 -0.779671 0.564794
0.521205 0.845213 0.118153
-0.953516 -0.096779 0.285379
0.848277 -0.275501 0.452244
-0.0808503 -0.315659 0.945422
0.477921 -0.0643877 0.87604
0.0481416 0.397159 0.916486
0.946638 -0.290141 0.140339
-0.249336 -0.96732 0.0460871
0.269161 0.904414 0.33104
0.93206 0.300556 0.202311
-0.0135354 0.979501 0.200986
-0.709378 -0.330379 0.622602
0.0688046 -0.994648 0.0770799
-0.112918 -0.935802 0.333951
-0.455264 -0.357703 0.815342
-0.606969 -0.79366 0.0411403
-0.213073 -0.566149 0.796289
0.2726 0.741759 0.612766
0.924791 0.0267042 0.379537
0.812349 0.301493 0.499191
-0.198684 0.197998 0.959855
0.754674 0.656053 0.00779093
-0.295468 0.724001 0.623315
0.68786 -0.724729 0.040211
0.109093 -0.546264 0.830479
0.629707 -0.549166 0.549442
0.0443938 -0.781115 0.622807
0.55265 -0.766434 0.327348
0.65375 -0.271234 0.70643
-0.288097 0.956848 0.037978
0.245456 0.969319 0.0131337
-0.897321 0.424304 0.12158
-0.820856 -0.0349442 0.570066
-0.536015 0.517385 0.667084
-0.420861 -0.858358 0.293424
-1.66533e-16 0.866025 0.5
-0.824752 -0.560991 0.0712224
-0.28234 0.892591 0.351517
-0.52625 -0.592618 0.609807
0.332442 0.49241 0.804372
0.203176 -0.90492 0.37395
-0.489245 0.24936 0.835738
-0.852157 -0.394813 0.34344
-0.908655 0.211215 0.360187
-0.990512 0.124863 0.0573983
0.37855 -0.919427 0.106551
0.234923 -0.264118 0.935443
0.0315954 -0.02083 0.999284
0.597362 0.50256 0.624974
0.796406 -0.537906 0.276397
0.364625 -0.725251 0.584003
0.754403 0.0283894 0.655798
0.277939 0.176055 0.944328
-0.731547 0.267077 0.627303
