0.909323 0.198069 0.365924
-0.777183 0.501391 0.380255
0.298972 0.471446 0.829671
-0.214092 0.18097 0.959903
-0.242791 0.92174 0.302404
0.383146 -0.418731 0.823325
0.000238569 0.408755 0.912644
0.808486 -0.577972 0.1109
2.42861e-16 0.866025 0.5
0.00886998 -0.0399444 0.999163
0.302352 0.875506 0.376925
-0.305175 -0.121558 0.944506
-0.304664 0.763609 0.569281
-0.723089 0.303107 0.6207
0.516031 0.129325 0.846751
0.95015 -0.106977 0.292868
-0.585104 -0.0654534 0.808313
0.842302 -0.395025 0.366719
0.225352 0.190696 0.955433
-0.941336 -0.0984224 0.322798
0.156674 -0.801041 0.577742
0.00469727 -0.999974 0.00552486
-0.232949 -0.949941 0.208201
-0.764493 -0.312992 0.563548
0.311446 -0.113445 0.943468
-0.498513 0.237725 0.833649
0.582045 0.404931 0.705163
-0.727626 0.675271 0.120704
0.0903011 -0.947884 0.30555
0.761766 0.464375 0.45174
0.384821 -0.848273 0.363793
0.240795 0.723236 0.647261
0.80646 -0.155698 0.570422
0.0203883 -0.611379 0.791076
-0.870978 -0.403814 0.279878
-0.440298 -0.804839 0.39796
-0.915039 0.386839 0.11428
-0.535334 0.557289 0.634702
-0.211882 -0.417601 0.883581
0.755506 0.149097 0.637951
-0.295465 0.480146 0.82593
0.585065 -0.801539 0.123428
-0.806233 -0.000697376 0.591598
0.948058 0.309722 0.0725133
0.656312 -0.429616 0.62023
-0.82862 -0.55979 0.00487184
-0.480342 0.871397 0.0996933
0.0542993 0.97649 0.208614
-0.694714 -0.666317 0.270913
0.653706 -0.647786 0.391206
0.951697 -0.303697 0.0451677
-0.511792 -0.853977 0.0937707
-0.506519 -0.370411 0.778611
0.0899719 -0.339179 0.93641
0.309286 -0.948139 0.0733139
0.57528 0.781697 0.240838
0.999982 0.00586163 0.0015933
-0.90202 0.210771 0.376744
0.801546 0.576502 0.158649
-0.308212 -0.654381 0.6905
-0.0564152 0.6691 0.741028
-0.594101 -0.579435 0.557942
-0.144183 -0.855782 0.496838
0.528442 0.662994 0.530272
0.355398 0.932071 0.0702609
-0.972688 -0.229226 0.0365046
-0.994505 0.0854221 0.0605258
-0.555424 0.740778 0.377826
0.434105 -0.654736 0.618767
0.582941 -0.175273 0.793385
