0.526226 0.830453 0.182849
0.326697 0.232502 0.916085
0.914755 -0.317014 0.250452
0.194326 -0.0794608 0.977713
-0.653239 0.414165 0.633834
-0.687037 0.70705 0.167511
-0.822663 -0.120469 0.55562
-0.430354 0.866044 0.254488
-0.168352 0.416528 0.893399
-0.517822 -0.836486 0.179308
-0.41464 -0.0288142 0.909529
0.32064 -0.776505 0.54243
0.362974 -0.896223 0.255018
-0.448889 0.277675 0.84935
0.036642 -0.997857 0.0542166
0.222236 -0.589022 0.776959
-0.837387 0.190406 0.512376
-0.98171 0.190382 0.000867096
-0.292528 -0.746625 0.597476
0.588412 -0.806668 0.0552982
0.584742 -0.714675 0.383819
-0.315746 -0.326478 0.890908
0.99293 -0.116783 0.0212646
-0.565507 -0.689326 0.452805
0.70878 0.440236 0.551202
0.0588895 0.97561 0.211463
0.510684 -0.554207 0.65731
0.729752 0.617826 0.292837
0.430464 0.498471 0.752481
0.297039 0.954836 0.00754169
-0.0908617 0.674918 0.732277
-0.806369 0.465837 0.364369
0.601409 0.23506 0.76358
0.954566 0.0298577 0.296501
-0.303372 0.790644 0.531834
-0.602912 -0.235714 0.762192
0.749066 -0.462584 0.474253
0.294743 0.871803 0.391262
0.487285 -0.036692 0.872472
0.0543687 -0.357122 0.932474
0.785694 -0.593366 0.174934
0.361392 -0.324579 0.874096
-0.118992 -0.100956 0.987749
0.0186026 -0.777139 0.629054
0.818912 0.145979 0.555044
-0.961938 0.0318083 0.271411
0.0234343 0.184173 0.982615
-0.992326 -0.123651 4.50442e-05
0.632874 -0.272667 0.724654
0.840974 -0.164933 0.515325
-0.392488 0.562005 0.728082
-0.583917 0.667733 0.461707
-0.138164 -0.572211 0.808384
0.887622 0.33632 0.314669
-0.243885 -0.91053 0.333849
0.21481 0.711303 0.669257
0.515485 0.68523 0.514525
0.0686367 -0.930625 0.359481
-0.274099 -0.96137 0.0252508
-1.52656e-16 0.866025 0.5
-0.783458 -0.56169 0.26589
0.979939 0.197044 0.0298766
-0.213599 0.975372 0.0550006
-0.904989 -0.425312 0.0102317
0.138401 0.479161 0.866747
-0.728724 -0.419952 0.540927
-0.875136 0.480374 0.058117
-0.66274 0.0722914 0.745352
-0.913102 -0.277373 0.298846
0.870056 0.491176 0.0418293
-0.480805 -0.51976 0.70617
