0.199602 0.451954 0.869423
-0.513905 0.797583 0.315853
-0.798438 -0.1729 0.576716
-0.693391 0.719835 0.0323374
-0.637058 -0.770739 0.0108438
0.649683 0.75619 0.0780251
0.167865 -0.0518781 0.984444
-0.136372 0.990658 0.000186132
-0.190879 -0.875801 0.443325
0.694007 -0.718624 0.0439748
0.360768 0.185919 0.913937
-0.0110256 -0.525811 0.85053
-0.859585 -0.507634 0.0584883
-0.43764 -0.863938 0.249164
0.0580233 -0.787508 0.613567
-0.979213 -0.188534 0.074814
0.85348 0.518875 0.0483827
-0.574165 -0.277847 0.770153
-0.356995 0.512447 0.780995
0.967098 0.0299335 0.252637
-0.309296 -0.426997 0.849711
0.508902 0.660847 0.551634
-0.98784 0.136974 0.0735543
-0.103786 0.385383 0.916901
0.153931 -0.987498 0.033942
-0.703426 -0.647873 0.292321
-0.294509 0.774391 0.559985
-0.22912 -0.685878 0.690706
0.492632 0.425462 0.759141
0.734306 0.377561 0.564129
0.0893514 0.971859 0.217961
-0.137392 -0.978884 0.15136
-0.56099 0.607914 0.5619
-0.610449 0.0335452 0.791345
0.241404 -0.347175 0.906198
0.382457 0.916233 0.119345
0.284648 -0.609998 0.739512
0.880355 -0.222024 0.419142
0.109565 -0.933892 0.340354
-0.940337 -0.0236086 0.339425
0.223943 0.700017 0.678105
-0.74871 0.585455 0.310927
-0.879119 -0.346325 0.327428
-0.88171 0.469011 0.0511537
-0.488875 -0.704216 0.51486
0.71439 -0.165503 0.679893
-0.610521 0.338586 0.715977
-0.435711 0.899615 0.0291377
0.631011 0.125062 0.765627
-0.895767 0.307945 0.32058
-0.808029 0.141132 0.571988
0.515545 -0.395115 0.760327
-0.382041 0.221582 0.897188
-5.55112e-17 0.866025 0.5
-0.0777319 0.653677 0.752771
0.840572 0.083274 0.535261
0.303036 0.856675 0.417465
0.45885 -0.110835 0.881574
0.402946 -0.892962 0.200631
-0.361769 -0.106713 0.92614
0.894881 0.332375 0.29785
0.728785 0.596261 0.336668
0.972967 0.230683 0.0109851
-0.228898 0.928035 0.293866
-0.692579 -0.467478 0.549363
0.612591 -0.709993 0.347335
0.960854 -0.252254 0.114573
0.712274 -0.465236 0.525568
0.827458 -0.509265 0.236562
0.348711 -0.796108 0.494584
-0.081319 -0.242468 0.966745
-0.117257 0.0800563 0.98987
