-0.759132 0.648691 0.054018
0.702576 0.16819 0.691447
-0.909617 -0.413106 0.0440503
-0.0121319 -0.0574824 0.998273
0.452446 0.176061 0.87424
0.943854 -0.306292 0.12379
-0.58257 -0.134585 0.80156
0.947328 -0.0618384 0.314239
-0.0795396 -0.606495 0.791099
-0.30666 0.951243 0.0331003
-0.414279 -0.832756 0.367274
0.0109422 -0.99962 0.0253097
-0.462915 0.196694 0.864304
-0.605895 -0.621395 0.496749
-0.757489 -0.612414 0.226187
-0.708239 0.608982 0.357125
0.746099 0.658498 0.0985705
-0.578757 0.428252 0.694004
-0.135313 -0.946157 0.29407
0.594763 -0.802593 0.0458447
0.510674 0.858715 0.0426616
0.809973 -0.581585 0.0755167
-0.867694 -0.351351 0.351653
-0.705817 -0.34996 0.615915
-0.534883 0.818719 0.208805
-0.317524 -0.0644938 0.946054
0.000608195 0.455657 0.890155
0.30636 0.447258 0.8403
-0.848968 -0.0920689 0.520361
0.873832 0.213023 0.437081
-5.20417e-18 0.866025 0.5
-0.455063 -0.443783 0.771993
0.111259 -0.334791 0.935701
0.895737 0.401106 0.191754
0.293696 -0.0782711 0.952689
-0.197028 0.707269 0.678933
0.229451 -0.589399 0.774571
0.407462 -0.345762 0.845236
-0.33771 -0.695407 0.634319
0.564518 0.756487 0.330222
0.458947 -0.827561 0.323282
-0.290776 0.87285 0.391896
-0.295687 -0.954844 0.0290315
0.246329 -0.799688 0.547559
-0.977944 -0.13403 0.160192
0.585392 -0.0952156 0.80514
-0.710658 0.125574 0.69224
0.803838 -0.104882 0.585529
-0.938367 0.127833 0.321133
-0.169504 0.207216 0.963499
0.497764 -0.626279 0.600004
-0.0572479 0.974819 0.215523
0.692078 -0.626454 0.358586
-0.197712 -0.34873 0.916132
0.225143 0.970349 0.0879456
-0.798973 0.345309 0.492346
0.655397 -0.3664 0.660459
0.121813 0.683996 0.719243
0.284737 0.880695 0.378551
-0.889163 0.410089 0.203019
0.316085 -0.948705 0.00697996
-0.565687 -0.818868 0.0972314
0.838489 -0.358305 0.410553
0.174362 -0.94328 0.282526
-0.478241 0.684041 0.550794
0.405404 0.694251 0.594696
0.737816 0.51993 0.430465
0.988772 0.129719 0.0741791
-0.99019 0.139014 0.0141193
-0.0621892 -0.820762 0.567875
-0.304058 0.461017 0.833674
0.157723 0.19984 0.967051
0.573996 0.450065 0.684083
