0.783415 0.562899 0.26345
-0.397367 -0.0410754 0.91674
-0.556794 0.622587 0.549878
0.966608 -0.229283 0.114451
-0.386508 -0.343423 0.855962
-0.293524 0.783552 0.547622
0.221211 -0.790678 0.570871
-0.643517 -0.664795 0.379385
0.136924 -0.0615261 0.988669
0.597467 0.259723 0.758668
0.939918 -0.0211833 0.340744
-0.769757 -0.40671 0.491997
0.223387 -0.97218 0.0704632
-0.0698248 0.676397 0.73322
-0.842394 -0.105915 0.528351
0.390376 -0.230345 0.891374
0.501603 -0.662659 0.556127
-6.245e-16 0.866025 0.5
-0.0838573 -0.995065 0.0530481
0.34158 -0.5237 0.780424
-0.368654 0.26509 0.890967
-0.229398 -0.920992 0.314882
0.116048 -0.368195 0.922478
-0.82931 -0.531632 0.172082
0.349876 0.868509 0.35111
0.902061 0.284639 0.324449
0.572708 0.681962 0.454899
-0.64464 -0.76045 0.0784589
0.184527 0.529572 0.827951
-0.347489 0.545084 0.762977
-0.538709 -0.525388 0.658605
-0.643818 0.0625322 0.762619
-0.383679 -0.922237 0.0476334
0.728218 0.427864 0.535378
-0.13824 -0.199954 0.970004
-0.813778 0.200872 0.545359
-0.658244 0.752267 0.028452
0.0777223 -0.937122 0.340239
0.634096 -0.0677238 0.770283
-0.493283 0.811201 0.314046
0.150477 0.250982 0.956224
-0.121116 0.107701 0.986778
0.257522 0.74318 0.617548
-0.89098 0.351541 0.287358
0.927936 0.371571 0.029492
0.0881921 0.97072 0.223437
0.803916 0.110656 0.584358
0.467289 0.534206 0.70446
-0.856331 0.51565 0.028333
-0.0879471 -0.816304 0.570887
0.641886 -0.714857 0.277421
-0.64646 -0.243496 0.723049
-0.927121 -0.256864 0.272887
-0.397419 0.916749 0.0403748
0.377989 -0.869802 0.317127
0.844564 -0.506367 0.174079
0.508988 -0.859939 0.0378994
0.59907 -0.368503 0.710859
0.739098 -0.488731 0.463547
0.341818 0.9384 0.0506495
0.0523509 -0.63108 0.77395
-0.387537 -0.758374 0.524103
-0.10195 0.419937 0.901809
-0.730945 0.61527 0.295234
-0.995215 -0.0959308 0.0185452
0.9961 0.0714341 0.0517945
0.808073 -0.201708 0.553473
0.401773 0.0773088 0.91247
-0.211757 0.93447 0.286224
-0.254463 -0.603634 0.755562
0.593951 0.787451 0.164753
-0.600119 0.363849 0.71237
-0.956422 0.0499728 0.28768
-0.976921 0.212027 0.0258697
