-0.417614 -0.718066 0.556759
-0.491104 0.72637 0.480836
-0.521253 -0.473547 0.709964
-0.74584 -0.29927 0.595113
0.114679 -0.121384 0.985959
0.860152 0.000820291 0.510038
-0.290737 0.955218 0.0550476
-0.979569 -0.120113 0.161301
-0.342412 -0.301381 0.889901
-0.269988 -0.895167 0.354659
0.834837 0.33269 0.438593
-0.678826 -0.568541 0.464711
0.329291 -0.899148 0.28827
-0.9218 -0.387042 0.0219671
0.254822 -0.402549 0.879216
-0.875615 -0.358476 0.323718
0.73152 0.681125 0.0307873
-0.268504 0.895498 0.35495
-0.383099 -0.920985 0.0708603
-0.472643 -0.0239611 0.880928
0.920619 -0.387256 0.0499368
0.629296 0.487845 0.604973
0.178972 0.419757 0.889816
-0.890593 0.435601 0.130749
0.267188 0.962146 0.0537261
-0.77459 -0.607463 0.176064
-0.738829 0.673796 0.0114463
0.773429 -0.314439 0.550396
0.731692 0.598587 0.326067
0.927705 -0.21624 0.30431
-0.12279 -0.789131 0.601826
0.703366 0.200466 0.681975
0.502292 -0.864527 0.0171883
0.900225 0.409148 0.148971
-0.0469409 -0.374902 0.925875
0.807037 -0.502311 0.310444
-0.949575 0.166638 0.265593
0.960468 0.125483 0.248507
0.35396 0.6049 0.713308
0.0618958 -0.621979 0.780583
0.00624658 0.976776 0.214172
-0.240373 -0.570835 0.785091
-0.717342 -0.0113728 0.696628
-0.12293 0.47072 0.873677
-0.088914 -0.99566 0.0274836
-0.722558 0.616771 0.312255
-0.406416 0.504387 0.761853
-0.584529 0.254973 0.770269
0.665943 -0.0983549 0.739491
0.176235 -0.821478 0.542324
0.216749 -0.976132 0.0136603
2.22045e-16 0.866025 0.5
-0.316655 0.237321 0.918373
-0.0181485 0.202561 0.979101
0.53454 -0.37733 0.756234
-0.814153 0.229431 0.5334
0.495624 0.729373 0.471563
0.51649 0.836093 0.184896
-0.232195 0.728009 0.645049
0.759393 -0.649041 0.0454853
0.465753 0.339056 0.817383
0.6151 -0.576684 0.537669
-0.550188 -0.783725 0.288216
-0.653112 0.486001 0.58073
-0.531342 0.824815 0.193274
0.995387 -0.0900079 0.0332246
-0.890051 -0.0706923 0.450346
0.409041 -0.138536 0.901939
0.267447 0.8965 0.353214
-0.184591 -0.0549158 0.98128
0.356124 -0.62525 0.694434
0.0277464 -0.951142 0.307503
0.0565768 0.676499 0.734267
0.597031 -0.749788 0.285259
0.279571 0.135097 0.950573
