-0.969171 0.231768 0.0836173
0.216409 -0.795984 0.565312
-0.0447518 -0.712144 0.700605
0.446626 0.109457 0.888
-0.356406 0.266274 0.895585
-0.787786 0.175258 0.590489
0.178595 0.293713 0.939061
0.102603 0.96767 0.230409
-0.373376 -0.87279 0.31437
-0.795259 -0.549915 0.255259
0.845131 0.534543 0.0041215
-0.342686 0.543837 0.766034
0.939059 0.297246 0.172663
-3.60822e-16 0.866025 0.5
0.825736 -0.043839 0.562351
0.791245 0.529924 0.305142
0.657937 -0.738444 0.147715
0.29844 0.850141 0.433812
-0.80952 -0.129289 0.572679
0.619583 -0.116657 0.776214
0.205125 0.564558 0.799499
-0.588851 -0.676585 0.442138
-0.597547 -0.232979 0.767241
-0.870812 0.345133 0.350099
-0.922358 -0.385077 0.0311776
-0.215401 0.931533 0.292999
-0.0703327 0.678549 0.73118
-0.332154 -0.336239 0.881259
-0.728467 0.612393 0.307101
0.691607 -0.591841 0.414009
0.468428 -0.381737 0.796776
-0.587486 0.365925 0.721775
-0.736952 -0.42291 0.527304
-0.327016 -0.741035 0.586454
-0.991739 -0.0927904 0.0885665
0.181235 -0.00888503 0.9834
-0.341537 -0.0360789 0.939176
0.672914 0.460896 0.578585
-0.614029 -0.774233 0.153401
-0.403535 0.913722 0.047666
0.191449 -0.936225 0.294669
-0.11046 0.993801 0.0125554
-0.0664185 -0.889388 0.452303
0.437217 0.651299 0.620202
0.411268 -0.90764 0.0839535
-0.551895 0.620904 0.556677
0.458674 -0.807908 0.370004
-0.661191 0.749047 0.0418879
-0.906987 -0.272845 0.320826
-0.856582 0.513824 0.0474681
0.468029 -0.630645 0.61906
0.217003 -0.578957 0.78595
0.969056 -0.232836 0.0819567
0.956683 0.00993181 0.290962
0.647041 0.759775 0.0638647
0.202481 -0.309136 0.929213
0.853209 0.243495 0.461243
-0.292639 0.782968 0.54893
0.885716 -0.27639 0.372982
-0.494021 0.80836 0.320153
0.39299 0.907447 0.148655
-0.0737693 -0.177725 0.981311
-0.0949493 0.424884 0.900255
0.682206 0.183793 0.707683
0.849152 -0.500633 0.168247
-0.127455 -0.977859 0.165972
-0.0903596 0.131687 0.987164
0.572618 0.73674 0.359616
0.462362 0.399311 0.79169
0.129306 -0.991605 0.000373319
-0.0555166 -0.466654 0.882696
-0.593108 0.0708479 0.802
-0.933768 0.0458816 0.354927
-0.499572 -0.514113 0.69722
-0.386298 -0.922285 0.0128376
0.708478 -0.356758 0.608919
