-0.571486 0.753095 0.325963
-0.670284 -0.493116 0.554577
-0.383671 0.912115 0.144369
0.303022 0.582832 0.753979
0.81662 -0.519843 0.25079
0.644897 0.763561 0.0328912
-0.223231 -0.974338 0.0288784
0.140983 -0.858772 0.49258
0.553332 0.629665 0.545294
0.08182 -0.996151 0.0314342
0.929423 -0.237346 0.282559
0.375872 -0.923702 0.0741267
0.275736 -0.472187 0.837263
0.0763552 -0.678251 0.730853
0.846132 0.532308 0.0266188
0.0981291 -0.256447 0.961564
0.958357 0.067082 0.277584
-0.0438576 0.254295 0.966132
0.391345 -0.195885 0.899154
-0.435125 -0.68668 0.582354
-0.468784 -0.42501 0.774344
-0.740734 -0.669036 0.060853
-0.776023 0.238916 0.583702
0.847134 -0.0721741 0.526455
0.0168596 0.529775 0.84797
0.741809 0.388805 0.546397
-0.915103 0.0363689 0.401576
0.636975 -0.752643 0.166706
-0.824571 -0.485411 0.290617
0.997249 -0.0735956 0.00881708
0.888306 0.364789 0.279001
-0.0706361 -0.953466 0.293109
0.364015 -0.688317 0.627465
-0.557804 0.396081 0.729366
-0.177842 0.703331 0.688257
-0.21491 -0.595557 0.774032
-0.358853 -0.866493 0.347007
0.295328 0.793381 0.532285
0.383839 0.922883 0.0309059
0.454945 0.102913 0.884553
-0.619937 -0.707378 0.339549
-0.660996 -0.192216 0.725353
-0.503045 -0.860792 0.0773512
-0.787649 0.586939 0.187383
0.92837 -0.371577 0.00775158
-0.626127 0.779609 0.0132364
0.6995 0.129418 0.702816
-0.890529 0.328564 0.314648
-0.989577 0.0925649 0.110314
-0.710994 0.518168 0.475384
-0.907837 -0.419305 0.00385075
0.624233 -0.630602 0.461166
-0.152175 -0.810632 0.565436
-0.465223 0.654989 0.595447
-0.196442 -0.329387 0.923534
-0.297733 0.851531 0.431567
-0.419659 -0.121699 0.899486
-0.123603 -0.0401313 0.99152
0.548874 -0.455912 0.700629
1.38778e-17 0.866025 0.5
0.172873 0.0392571 0.984161
0.972767 0.231148 0.0171903
-0.839411 -0.248439 0.483392
-0.335467 0.171092 0.926385
-0.958575 -0.196051 0.206636
0.774667 -0.369024 0.513529
0.205018 0.938286 0.278543
0.725301 0.62322 0.292463
0.248299 0.326713 0.911924
-0.601249 0.100057 0.792773
0.490364 0.818952 0.298094
0.651058 -0.170303 0.739676
0.526613 0.374362 0.763238
-0.926453 0.376125 0.014672
-0.095078 0.968972 0.228153
0.416987 -0.83313 0.363341
-0.280869 0.460035 0.842306
