-0.396932 -0.872117 0.286106
-0.757153 -0.653067 0.014941
0.385857 -0.848133 0.363022
0.682168 0.727304 0.075342
0.521936 0.599803 0.606481
-0.694918 0.531651 0.484186
-5.19792e-05 0.427662 0.903939
-0.921801 0.385841 0.0375554
0.344725 -0.70178 0.623434
0.883467 0.36049 0.29922
0.868549 0.494717 0.0296159
-0.354978 -0.028856 0.934429
0.605646 -0.623915 0.493885
0.176229 -0.967375 0.182014
-0.854735 -0.465401 0.229848
0.834754 -0.0759231 0.545363
-0.777881 0.596159 0.198737
0.220543 0.926928 0.303588
-0.461701 -0.709821 0.531964
-0.53854 0.411034 0.735545
-0.106213 -0.952169 0.286518
-0.528022 -0.849089 0.0155314
0.00538917 0.677632 0.735382
0.80941 -0.512571 0.286577
0.267443 0.760826 0.591285
-0.258023 0.543234 0.79895
-0.759247 0.259449 0.596851
0.715062 0.605568 0.349247
0.505799 0.357416 0.785125
-0.180595 -0.818008 0.546121
0.436348 -0.898608 0.0458707
-0.36012 0.922328 0.14009
-0.510181 -0.476105 0.716267
0.994874 -0.0876426 0.050447
-0.448858 0.663974 0.598051
-0.71493 -0.493245 0.495564
0.109299 -0.869751 0.481234
0.923862 -0.380543 0.040822
0.976004 0.213325 0.0436946
-0.242472 -0.609399 0.754878
-8.32667e-17 0.866025 0.5
0.754362 -0.366547 0.544593
-0.570436 -0.190548 0.798933
0.0444051 -0.694641 0.717985
0.183123 -0.0181088 0.982923
-0.316686 -0.324811 0.891183
-0.990463 0.0982252 0.0966181
-0.292229 0.85607 0.426318
-0.0856046 -0.154893 0.984215
0.923384 -0.233966 0.304339
-0.069679 0.146215 0.986796
0.526201 -0.440624 0.727298
0.378152 -0.238098 0.894601
-0.250437 -0.967879 0.0221727
-0.331722 0.270225 0.903847
-0.968603 -0.197581 0.1509
0.691439 0.131885 0.710295
-0.561679 0.756819 0.334277
0.460051 0.0519894 0.886369
-0.87745 0.345209 0.333035
-0.868842 -0.241858 0.431993
0.266857 0.540928 0.797612
-0.0379554 -0.43969 0.897347
0.141685 0.989722 0.0193976
-0.0756511 0.97082 0.227565
0.732419 0.389253 0.55861
0.255507 0.269507 0.928484
-0.772518 -0.0395286 0.633761
0.479706 0.79188 0.3779
0.634524 -0.160683 0.756016
-0.920926 0.0516137 0.386304
0.629894 -0.745201 0.21888
0.433191 0.896598 0.0919599
-0.611551 0.790254 0.0387759
0.949804 0.0664099 0.305716
-0.647435 -0.70434 0.291091
-0.582116 0.120644 0.804106
0.248793 -0.502252 0.828158
