0.982725 0.115975 0.144225
0.501948 -0.157773 0.850386
0.556915 0.760018 0.33499
-0.01953 -0.180365 0.983406
-0.819651 -0.57279 0.00915585
0.878277 0.338808 0.337398
0.376867 0.913727 0.151903
-0.479774 0.799145 0.362194
0.118921 -0.942768 0.311522
0.209713 -0.593059 0.777368
-0.87401 0.336485 0.350548
-0.561267 -0.629017 0.537882
0.280146 0.528429 0.801425
-0.742863 -0.152083 0.65194
-0.236702 0.565914 0.789755
-0.984349 -0.165436 0.0607246
-0.761169 -0.409996 0.502518
-0.518004 -0.123658 0.846392
-0.321565 -0.564066 0.760543
0.541664 -0.837618 0.0706825
-0.266444 -0.0135463 0.963755
-0.89065 -0.389747 0.234179
-0.834257 0.109429 0.540408
0.270281 -0.961224 0.0547518
0.467086 -0.442042 0.765787
-0.709257 0.375652 0.596523
-0.302297 -0.777048 0.552099
-0.974257 0.0965357 0.203728
0.230357 -0.329217 0.915725
-0.216623 0.927742 0.303922
-0.321094 -0.944891 0.0638765
-0.525429 0.612374 0.590697
0.693783 0.524118 0.493929
0.919298 0.39084 0.0462091
-0.564012 -0.393127 0.726183
-0.461288 -0.83297 0.305572
0.769758 -0.633654 0.0771686
0.450476 0.66389 0.596927
-0.0599817 -0.701976 0.709671
0.622162 0.78163 0.0443751
-0.240529 0.281899 0.928805
0.014381 0.434852 0.900387
0.835864 -0.226655 0.499959
-0.719236 0.591499 0.364457
0.000316671 0.11745 0.993079
0.776895 0.59172 0.215176
1.38778e-17 0.866025 0.5
0.255139 -0.0359333 0.966237
0.0328443 0.680683 0.731842
-0.913344 -0.132929 0.384881
-0.634486 0.137591 0.760589
-0.272792 0.77089 0.575598
-0.933345 0.354197 0.0584067
-0.478873 0.391215 0.785895
-0.403547 0.912157 0.0715481
0.254966 0.260632 0.931162
-0.0260653 -0.99807 0.0563707
-0.289302 -0.305855 0.90706
0.402524 -0.852097 0.334522
0.545987 0.413476 0.728654
0.903321 0.0545632 0.425481
-0.649628 0.75049 0.121438
0.680033 -0.474482 0.558947
0.76077 0.252326 0.597963
0.923587 -0.382308 0.0287616
-0.179007 -0.928263 0.326014
0.459296 -0.674741 0.57773
0.957707 -0.167826 0.233736
-0.119049 0.992459 0.0292005
0.189698 -0.802606 0.565542
0.514713 0.14055 0.845763
0.837198 -0.453478 0.305707
0.0952419 0.96716 0.235648
-0.72164 -0.630442 0.28597
0.646562 -0.680303 0.345175
-0.615638 -0.78616 0.0542439
0.720512 -0.0282056 0.692869
-0.0357452 -0.462215 0.886047
0.290416 0.854108 0.431461
