-0.708637 0.586056 0.392902
0.428362 -0.852195 0.300448
-0.950943 0.0567255 0.304122
-0.681219 -0.649038 0.33866
0.0273721 -0.464464 0.885169
0.751683 0.261653 0.6054
-0.509989 0.602221 0.614199
-0.869904 0.337953 0.359242
-0.252569 0.751895 0.608985
-0.946762 -0.321575 0.0151771
0.687499 0.530895 0.495475
0.315185 0.264251 0.911499
0.91695 0.0554949 0.395124
0.0905597 0.967733 0.235143
-0.194822 -0.027304 0.980458
0.754475 -0.0318966 0.655554
-0.235502 0.264239 0.935263
-0.122243 0.992099 0.0282232
-0.961729 0.259932 0.0866708
-0.99933 -0.028537 0.0229044
0.713888 -0.485859 0.504286
0.534079 0.418816 0.734407
0.0582893 -0.184239 0.981152
-0.83921 0.52762 0.131692
0.545645 -0.163956 0.821821
-0.267942 -0.573495 0.774152
0.985154 0.127975 0.11443
0.773218 0.595601 0.217698
0.872044 0.345833 0.346322
-0.867807 -0.181292 0.462649
-0.228962 -0.316992 0.920376
-0.703535 0.375436 0.603396
0.288743 0.856582 0.427662
0.555651 0.759667 0.337872
0.264854 -0.593458 0.760039
-0.00752725 -0.703358 0.710795
-0.456325 -0.128828 0.880438
-0.254026 -0.78503 0.564977
0.8585 -0.229555 0.458565
0.618082 0.784662 0.0477475
-0.809537 -0.585543 0.0422933
-0.466877 0.793679 0.389999
-0.69114 -0.171054 0.702187
-0.509931 -0.633623 0.581801
-0.477464 0.369508 0.797178
0.144859 -0.943391 0.298377
0.268483 0.536462 0.800078
-0.151327 -0.932629 0.327571
-0.322066 -0.943003 0.0837771
-0.817667 0.102852 0.566429
-0.0299909 -0.997534 0.0634504
-0.719777 -0.424853 0.549018
0.306059 -0.32511 0.89478
-0.230666 0.535499 0.812425
0.572414 -0.819007 0.0396256
0.564605 0.133594 0.814478
0.788337 -0.614959 0.0187327
0.0234731 0.409451 0.91203
0.370702 0.91692 0.147775
0.222014 -0.804812 0.550444
0.443566 0.66759 0.597974
-0.642844 0.750468 0.153456
-0.50825 -0.397884 0.763787
0.861753 -0.441698 0.249569
0.913178 0.406004 0.0356028
0.0611562 0.124591 0.990322
-0.437669 -0.834111 0.335716
0.49381 -0.68379 0.537199
0.0168039 0.680611 0.732452
0 0.866025 0.5
0.672822 -0.682825 0.284712
0.311762 -0.031092 0.949651
0.968586 -0.159383 0.190887
-0.215499 0.92807 0.30372
-0.613194 0.104801 0.78295
-0.862453 -0.419218 0.283603
0.305557 -0.950976 0.047751
0.521308 -0.445508 0.727847
-0.405302 0.911238 0.0733216
-0.601849 -0.793455 0.09059
