-0.555601 0.747151 0.364792
-0.978502 -0.175981 0.107537
0.334672 -0.935554 0.112842
-0.588526 -0.358904 0.724448
0.0423668 -0.13798 0.989528
-0.828087 0.560544 0.00784914
-0.138517 -0.916407 0.375514
-0.215035 0.304861 0.927804
0.549469 0.601294 0.580112
-0.349741 -0.528279 0.773694
-0.276288 -0.954137 0.11527
-0.21347 0.0120807 0.976875
-0.148981 -0.354964 0.922933
0.226418 -0.635597 0.738073
0.125853 0.992045 0.00277498
0.301475 0.765704 0.568164
0.71922 0.123643 0.683692
-0.95304 0.0654773 0.29568
0.890562 0.108487 0.441735
0.950561 -0.133401 0.280425
-0.286344 0.860252 0.421868
0.0313703 -0.805248 0.592108
0.435607 -0.821605 0.367712
-0.635866 -0.068711 0.768735
-0.675997 0.239489 0.696903
0.493153 0.0664142 0.867404
0.500232 0.792328 0.349263
-0.652522 0.504579 0.565345
-0.76402 -0.644862 0.020629
0.606809 -0.190582 0.771662
0.651184 0.752732 0.096722
0.596744 -0.793411 0.119981
-0.412738 0.672668 0.614138
-0.827322 0.0230855 0.561253
4.16334e-17 0.866025 0.5
0.748302 0.382771 0.541785
0.486959 -0.638662 0.595804
0.017293 -0.994967 0.0987029
0.330398 -0.174461 0.927578
-0.37956 0.913713 0.14513
0.809918 -0.576161 0.109868
0.046512 0.441651 0.89598
0.846368 -0.40299 0.348225
-0.201484 0.570676 0.796073
-0.422238 -0.829639 0.365259
0.300283 0.288177 0.909277
-0.994799 0.101774 0.00401263
-0.925954 0.335024 0.174264
-0.837956 0.300337 0.455661
0.813225 -0.151864 0.561785
-0.679134 -0.668031 0.304158
0.425956 -0.424408 0.799024
-0.529799 -0.635138 0.562061
-0.260868 -0.754109 0.602717
0.946273 -0.319733 0.0483603
0.685026 -0.417531 0.596998
0.673074 -0.643475 0.36457
0.999508 -0.0307343 0.00620802
0.0443991 0.158864 0.986302
-0.40158 -0.20184 0.893305
0.143232 -0.403647 0.903633
0.547359 0.353892 0.758392
-0.896233 -0.20996 0.390748
-0.459467 0.144429 0.876373
0.725241 0.598916 0.339595
0.063611 0.684561 0.726175
-0.748111 -0.447229 0.490221
0.964457 0.264024 0.0106501
-0.875955 -0.438112 0.201891
-0.460632 0.426968 0.778149
-0.0641907 -0.60743 0.791775
-0.546225 -0.832173 0.0955341
0.889858 0.358687 0.281952
0.157218 -0.923266 0.350518
0.324207 0.549331 0.770146
0.40158 0.912434 0.0787204
0.844656 0.533314 0.0461703
-0.774335 0.557252 0.299792
-0.631493 0.771366 0.0788106
-0.0654222 0.970965 0.2301
0.232394 0.917561 0.322607
