-0.0609337 0.68622 0.724838
0.957898 0.286757 0.0141866
0.460905 0.143447 0.87578
-0.0614928 0.445017 0.893408
-0.681315 -0.106835 0.724152
0.18087 -0.551306 0.814462
-0.302781 0.0331977 0.952482
-0.570914 0.406209 0.713479
-0.547935 0.135084 0.825542
-0.750607 -0.360289 0.553878
-0.31607 -0.759858 0.56808
0.944733 -0.163034 0.284429
0.552666 0.742885 0.377733
-0.748498 -0.566789 0.344239
-0.898625 -0.317036 0.30325
-0.074437 -0.431791 0.898897
-0.877304 0.437679 0.196915
0.238442 -0.970814 0.0258189
0.391351 0.905837 0.162184
-0.098948 0.994913 0.0188911
0.184169 -0.285432 0.940537
-0.699667 0.648595 0.29965
-0.758892 0.430746 0.488407
0.215661 0.296669 0.930311
0.672753 -0.0473841 0.738348
-1.11022e-16 0.866025 0.5
-0.970575 -0.240657 0.00825274
-0.24242 -0.969557 0.0345177
0.402833 0.667285 0.626463
-0.763292 0.158325 0.626353
-0.0422755 0.166092 0.985204
0.439525 -0.14988 0.885638
-0.86007 -0.503978 0.0792835
-0.311735 -0.258453 0.914343
-0.0592402 -0.127648 0.990049
0.951915 -0.305182 0.0268685
0.849181 -0.441302 0.290077
0.239002 -0.903806 0.354982
0.999976 -0.00435922 0.00547258
-0.978314 0.198946 0.057636
-0.539693 -0.362294 0.759918
0.193558 0.561709 0.804374
-0.674354 -0.730135 0.110227
0.639904 0.762262 0.0973598
-0.905426 0.203322 0.372645
-0.517946 -0.778374 0.354777
0.286167 0.85512 0.432293
-0.327616 0.319497 0.889151
0.0935249 0.966345 0.239646
0.644231 0.508193 0.571582
0.60376 -0.333104 0.724235
0.955852 0.130272 0.263392
0.00104832 -0.979902 0.199476
-0.763788 0.645347 0.0124691
0.473426 -0.755397 0.453039
0.821821 -0.569133 0.0264379
0.455568 0.423654 0.782927
-0.464851 0.824431 0.322841
0.67291 0.244144 0.698273
-0.567308 -0.589528 0.574994
-0.536534 0.644683 0.544532
-0.381455 0.922551 0.0582422
-0.0196255 -0.87071 0.491406
-0.86424 -0.0955487 0.493922
-0.313408 -0.549872 0.77422
-0.194712 0.936704 0.290986
-0.257219 -0.910947 0.322512
0.207771 0.00636692 0.978157
-0.97325 -0.0424973 0.225785
0.468983 -0.865613 0.175413
0.85486 0.023483 0.518326
0.67663 -0.529711 0.511447
0.225067 -0.759096 0.610833
0.770476 0.55687 0.310263
0.808871 -0.267119 0.523809
0.683177 -0.682407 0.25998
0.444035 -0.577175 0.685349
0.832867 0.553007 0.0227088
-0.0606693 -0.690724 0.720569
0.831816 0.310947 0.459776
-0.279559 0.788011 0.54853
-0.333184 0.57656 0.746034
