1.66533e-16 0.866025 0.5
0.0537375 0.250545 0.966612
0.339657 -0.431202 0.835882
0.0509668 -0.0466973 0.997608
-0.201442 -0.187414 0.961404
0.766801 0.639837 0.0512335
0.641716 0.524476 0.559576
0.884438 -0.0240784 0.466037
0.982158 -0.0519679 0.180734
-0.975566 0.182894 0.121738
-0.926436 -0.323182 0.193054
-0.56616 0.823535 0.0353905
0.791633 0.275179 0.545522
0.555572 -0.804627 0.209561
0.191623 0.721705 0.665148
-0.826771 -0.559789 0.0555566
0.0598058 -0.332302 0.941275
0.312539 -0.159229 0.936464
-0.151272 -0.876961 0.456131
0.751989 -0.657027 0.0531764
0.486018 0.0655049 0.87149
0.339255 -0.852011 0.398727
-0.444963 0.84401 0.299424
0.342211 -0.665677 0.663148
-0.685383 0.680452 0.259299
-0.363897 0.582497 0.726826
0.898233 -0.284023 0.335423
-0.540075 0.668411 0.511415
0.639726 0.70553 0.304922
0.0834503 -0.950259 0.300072
0.120866 0.509665 0.851841
0.552065 0.833623 0.0172167
0.561814 -0.679173 0.472324
-0.441285 -0.035405 0.896668
0.815437 0.474752 0.331168
0.0954828 -0.586741 0.804126
0.917445 0.3914 0.071421
-0.64456 -0.739319 0.194805
0.108281 -0.813192 0.571834
0.773042 -0.546636 0.321863
-0.889597 0.226659 0.396539
-0.19752 0.103493 0.974821
-0.638533 0.128606 0.758773
-0.65484 -0.428108 0.622822
0.576866 -0.466383 0.670606
0.565161 -0.205252 0.79904
-0.406067 -0.578158 0.707703
0.90814 -0.41207 0.0740269
-0.145207 -0.706763 0.692388
-0.595018 0.408735 0.692018
-0.182948 -0.472428 0.862173
-0.431282 -0.321484 0.842997
-0.404233 0.28025 0.870664
-0.821505 0.0029855 0.570193
0.442358 0.732557 0.517378
-0.159146 0.4369 0.88532
0.763621 -0.257076 0.592279
-0.0183107 0.999815 0.00593999
-0.842456 -0.269251 0.46666
0.0515262 -0.998629 0.00923903
0.288442 0.957417 0.0123739
0.31386 -0.94158 0.122146
-0.652221 -0.161744 0.740572
-0.278292 0.791957 0.543468
0.127143 0.958581 0.254867
0.409435 0.54122 0.734468
-0.181703 -0.966607 0.180705
0.405772 0.874498 0.265711
-0.779015 -0.52624 0.340891
-0.995285 -0.0925205 0.0291111
-0.305276 0.952058 0.0198025
-0.948704 -0.0459524 0.312807
-0.452206 -0.891129 0.0374023
0.328946 0.309897 0.892053
0.716887 0.0374074 0.696185
-0.172457 0.944711 0.278891
-0.409212 -0.853369 0.322967
-0.873795 0.446227 0.193296
-0.087669 0.674597 0.732961
0.931149 0.209493 0.298454
-0.567218 -0.667634 0.482212
0.585925 0.309986 0.748733
-0.751804 0.476246 0.456048
