-0.85271 -0.490385 0.180021
-0.855054 0.4517 0.254655
0.226941 0.0255897 0.973572
0.797493 0.602399 0.0334638
-0.944581 0.328189 0.00763923
0.161399 0.948336 0.273147
0.821805 0.264257 0.504782
-0.997138 0.0473152 0.0589694
0.0790299 -0.224218 0.971329
0.0316338 -0.828406 0.559235
0.224322 0.73982 0.634308
-0.386973 0.324991 0.862921
-0.740347 -0.501645 0.447481
-0.0098655 0.998972 0.0442558
0.426725 -0.471682 0.771636
-0.511942 -0.856916 0.0600832
0.937187 0.348343 0.018368
0.850528 -0.301376 0.431016
0.84593 0.454112 0.279617
0.253345 -0.686446 0.681621
0.723773 0.0609147 0.687344
-0.253024 -0.774936 0.579183
0.6678 0.690564 0.277786
-0.139722 -0.403004 0.90447
-0.128293 0.455558 0.880913
0.478928 0.724549 0.495638
-0.0678206 -0.645026 0.761145
-0.623766 -0.126545 0.771299
0.613783 0.327818 0.718196
0.496065 0.0478292 0.866967
-0.0682421 0.690017 0.720569
0.5504 -0.788096 0.275618
0.425083 0.548443 0.72008
-0.339991 0.588654 0.733412
0.730571 -0.578072 0.363454
0.151153 -0.483419 0.862241
0.887825 -0.426873 0.17189
-0.342605 0.938405 0.0449208
0.737558 -0.669526 0.0880013
0.663689 -0.436119 0.607715
-0.426182 -0.839561 0.336906
-0.80187 0.597427 0.00925329
0.965752 -0.147175 0.213686
-0.344728 -0.55594 0.756368
-0.443061 0.844578 0.300639
-0.933807 0.177884 0.310421
0.297085 -0.845882 0.442971
-0.966827 -0.240018 0.0873911
-0.824979 0.0482447 0.563101
0.88775 -0.0149208 0.460083
0.289722 0.957024 0.0128692
-0.424454 0.0370657 0.90469
0.948983 0.183054 0.256753
0.153159 0.537056 0.829526
-0.51724 -0.659408 0.545568
-0.194225 -0.126154 0.972811
-0.405788 -0.293549 0.865543
-0.666761 -0.701887 0.250567
0.361755 -0.222324 0.905376
-0.171413 0.944776 0.279313
-0.539101 0.669332 0.511238
-0.171694 0.16329 0.971523
0.438049 0.864966 0.244842
-0.681588 0.684465 0.25874
0.99873 0.0502706 0.00341371
0.322735 -0.931675 0.166804
-0.596471 0.802599 0.00756928
-0.278855 0.795065 0.53862
-1.11022e-16 0.866025 0.5
0.092599 0.282278 0.954853
-0.790931 -0.240074 0.562843
-0.243909 -0.966343 0.0817843
0.508892 -0.671729 0.53834
0.614178 -0.196687 0.764264
-0.932148 -0.110385 0.34484
-0.148804 -0.923803 0.352768
0.370597 0.309493 0.875712
0.683995 0.519686 0.511935
0.0392887 -0.989159 0.141494
-0.637609 0.162866 0.752947
-0.792395 0.332112 0.511675
0.592159 0.805799 0.00601882
-0.583789 0.439382 0.68274
-0.596603 -0.417624 0.685314
