0.904298 0.426773 0.0104276
-0.347671 0.603053 0.71795
0.427752 0.556568 0.712222
-0.728204 -0.0314219 0.684639
0.205407 0.730541 0.651243
0.0444589 0.267351 0.962573
-0.73637 0.437682 0.515939
0.742475 0.0828062 0.664736
0.129115 0.525421 0.840989
-0.726754 0.621214 0.293125
-0.721389 -0.312392 0.618068
-0.0675548 -0.311139 0.94796
0.919118 -0.265912 0.29071
-0.150526 0.46132 0.874372
-0.442489 -0.777509 0.446859
0.315087 -0.805827 0.50136
0.808721 -0.205925 0.550967
0.856943 -0.498461 0.131093
0.447535 0.745184 0.494381
0.635853 -0.414557 0.651025
-0.281061 -0.116675 0.952571
0.357497 -0.608776 0.708228
0.257058 0.966388 0.00398411
0.258066 0.072945 0.96337
0.744583 0.667419 0.0121419
0.382053 0.888952 0.252585
0.265588 -0.932082 0.246346
0.560663 -0.653935 0.507962
-0.414799 0.349988 0.839911
0.102965 0.963207 0.248254
-0.11146 -0.582577 0.805097
0.619676 0.34079 0.70701
-0.354772 0.933295 0.0556627
-0.066495 0.997643 0.0169104
0.902696 0.0383523 0.428567
-0.88213 -0.142011 0.449087
0.04645 -0.900738 0.431871
-0.495342 -0.851363 0.172679
0.489663 -0.868637 0.0755023
-0.62805 0.775064 0.0694956
0.151752 -0.479467 0.864339
0.615991 -0.153354 0.772683
-0.999378 -0.03526 0.000726052
-0.949984 -0.248402 0.189281
0.773144 -0.486225 0.407227
2.22045e-16 0.866025 0.5
0.987222 -0.0184303 0.158283
0.813644 0.514782 0.270156
0.0884834 -0.739235 0.667609
-0.821856 -0.429727 0.374016
0.659755 0.550058 0.512015
0.965007 -0.262179 0.00493556
0.669544 -0.701318 0.244671
-0.384383 -0.621341 0.682777
-0.179985 -0.796223 0.577611
-0.961102 0.0683451 0.267603
-0.012042 -0.0226913 0.99967
-0.855139 0.515246 0.0570949
-0.539777 -0.206453 0.816099
-0.00134864 -0.988451 0.151534
-0.182306 0.94035 0.287241
-0.281416 0.804965 0.522338
-0.548136 0.657293 0.517216
-0.0727871 0.691714 0.718494
-0.8917 0.347847 0.28961
0.937014 0.254116 0.239647
0.813071 0.305847 0.495351
-0.967694 0.250574 0.0279365
-0.32752 -0.398035 0.856913
-0.625455 -0.570845 0.531923
0.34335 0.335154 0.877372
-0.265705 -0.963308 0.0379292
-0.484681 0.0715557 0.871759
0.625118 0.73357 0.266651
0.522862 0.852412 0.00306565
-0.225289 -0.920025 0.320622
0.420308 -0.356645 0.834353
-0.653826 0.245949 0.715556
-0.226297 0.166826 0.959666
0.520067 0.108698 0.847181
0.203049 -0.210507 0.956273
-0.466196 0.831558 0.301948
-0.696834 -0.666339 0.265358
-0.859034 -0.50394 0.0900292
-0.842752 0.169021 0.511078
