0.416519 -0.766887 0.488259
0.249033 0.968495 0.000526015
0.608698 0.441509 0.659209
0.912788 0.293499 0.284036
0.840035 -0.463092 0.282644
-0.0227565 -0.931828 0.362186
-0.330939 -0.220309 0.917575
0.405527 0.355235 0.842233
0.643119 0.730697 0.229087
-0.459925 -0.480125 0.74696
0.0973884 0.697151 0.710278
-0.596632 0.800746 0.0532512
0.0797856 0.00556271 0.996797
0.29721 -0.954567 0.0216526
-0.161328 0.947153 0.277263
0.304667 -0.630209 0.714153
-0.682203 -0.461969 0.566731
-0.282504 -0.847422 0.449518
0.915708 0.0315386 0.400605
-0.433145 0.855991 0.282249
0.399427 0.876653 0.268213
0.890151 -0.455666 0.000414876
-0.317157 0.947668 0.0365622
0.768687 -0.0302239 0.638911
-0.80148 -0.201238 0.563146
-0.634888 0.51487 0.576044
0.730195 -0.677846 0.0856786
0.435431 -0.393559 0.809637
-0.184753 0.722724 0.665985
-0.994368 0.0481594 0.0944106
-0.245465 -0.952032 0.182708
-0.968653 -0.236776 0.0751598
0.282727 0.805785 0.520362
0.616527 0.176076 0.767393
0.00924552 -0.651845 0.758296
-0.474577 0.0249784 0.87986
0.142756 0.465702 0.873351
0.760392 0.494012 0.421612
-0.0365622 -0.254734 0.96632
-0.319409 0.285974 0.903436
0.368806 0.604777 0.705852
0.671604 -0.297072 0.678746
0.796394 0.242289 0.554124
0.833499 0.532594 0.147046
-0.505719 -0.684171 0.525508
0.143772 -0.813556 0.563432
-0.931644 0.347766 0.105351
1.66533e-16 0.866025 0.5
-0.822061 0.448931 0.350253
-0.0399341 0.264003 0.963695
0.652938 -0.665552 0.361541
0.565101 -0.554506 0.610887
-0.583088 -0.22344 0.781078
-0.861169 -0.502607 0.075987
-0.205291 0.0301962 0.978235
-0.410017 0.51327 0.753949
-0.938087 -0.105276 0.330016
0.549246 0.673994 0.494026
0.124605 0.957902 0.258645
-0.0353755 0.999125 0.0222987
-0.777343 0.266092 0.570028
0.949099 0.314979 0.000416621
0.162339 -0.443116 0.881643
-0.505958 -0.818491 0.272174
-0.139962 0.507571 0.850166
-0.923424 0.180965 0.338438
-0.707912 -0.623737 0.33138
-0.265729 -0.680971 0.682397
0.852652 -0.241002 0.463576
-0.683288 -0.72724 0.0651082
0.346463 0.0899833 0.933738
0.990305 0.0601328 0.125218
0.508081 -0.840802 0.186831
0.0209202 -0.996061 0.0861676
-0.573928 0.273176 0.771998
0.282336 -0.189414 0.94043
-0.793654 0.59912 0.105683
0.543502 -0.0930322 0.834236
-0.439926 0.721126 0.535202
0.956413 -0.215337 0.197242
-0.861208 -0.381456 0.335876
0.257483 -0.917483 0.303196
-0.197361 -0.467768 0.861534
-0.65055 0.678541 0.341126
-0.704799 0.0259608 0.708931
0.513583 0.85802 0.00583768
