-0.183713 0.723622 0.665298
-0.927441 0.363322 0.0886016
-0.0668582 -0.942883 0.326347
-0.809087 -0.268311 0.522864
0.809889 -0.585872 0.0288678
-0.972038 -0.231806 0.0375271
0.223464 -0.883934 0.410762
-0.995977 0.050016 0.0743462
-0.847786 0.0141812 0.530149
-0.170577 -0.228331 0.958524
0.415711 -0.313349 0.853813
0.535545 0.688172 0.489501
0.265447 0.964069 0.0104732
0.213039 -0.512811 0.831648
0.846666 -0.453294 0.278714
-0.259601 0.0425716 0.964777
0.445084 -0.864852 0.232232
-0.699889 -0.528388 0.480585
-0.86826 -0.496014 0.00966413
0.955493 -0.196196 0.22032
0.149904 0.465215 0.872413
-0.441142 -0.188905 0.87733
1.07553e-16 0.866025 0.5
0.367111 0.60616 0.705549
-0.930224 0.18918 0.314476
0.803856 0.262221 0.533906
-0.277065 -0.830598 0.483055
-0.138284 0.953859 0.266516
0.258557 -0.721366 0.642479
-0.78229 0.618021 0.0779296
0.917622 0.0247439 0.396683
0.919426 0.282185 0.273911
0.837174 -0.25523 0.483733
0.110478 -0.276752 0.954569
-0.876232 -0.39486 0.276228
0.606096 0.461602 0.647743
0.68726 -0.522176 0.504982
0.65749 0.716461 0.233217
-0.470542 -0.63602 0.611611
0.491539 -0.727898 0.478073
-0.393282 0.545266 0.74028
0.20709 0.19916 0.957836
0.418037 0.863869 0.281026
0.770941 -0.023632 0.636468
0.154759 -0.976517 0.149878
-0.41014 0.868418 0.27863
-0.000809275 -0.818567 0.574411
-0.0175276 0.999772 0.0122281
0.277915 0.805995 0.522623
-0.130475 0.51203 0.849
0.47433 -0.542008 0.693714
-0.815901 0.478572 0.324459
-0.737999 -0.63793 0.220007
-0.946916 -0.119431 0.298474
0.411827 0.357626 0.838154
-0.640182 0.702789 0.310249
-0.346627 -0.45222 0.821795
-0.517873 0.0845646 0.851268
0.305309 -0.0684971 0.949787
-0.597318 -0.383953 0.704124
-0.342655 0.306601 0.888022
-0.433282 0.730832 0.5274
0.0184284 -0.0106023 0.999774
0.753821 0.513925 0.409432
0.678915 -0.683705 0.267623
-0.680745 -0.111923 0.72392
0.0961454 0.695137 0.712419
0.146914 0.951698 0.269605
0.561533 -0.0699803 0.82449
0.526708 0.849862 0.0176885
-0.205488 -0.67347 0.710079
0.612116 -0.79068 0.0117978
0.992295 0.0628505 0.106774
-0.0677392 -0.483791 0.872558
0.651025 -0.310473 0.692656
-0.111571 -0.992545 0.0490626
-0.577238 0.814803 0.0537834
-0.29845 0.953938 0.0305085
-0.564304 -0.820966 0.08704
-0.789253 0.293175 0.539563
-0.52856 -0.766547 0.364733
-0.0720524 0.257459 0.963599
-0.587252 0.336193 0.736281
0.842275 0.520988 0.138363
0.630559 0.196769 0.750784
-0.643565 0.538815 0.543601
-0.329975 -0.918711 0.216993
