-0.917561 0.394669 0.0481546
-0.161346 0.71497 0.680283
-0.13904 -0.236323 0.961675
-0.485225 -0.83087 0.27242
-0.931272 -0.363654 0.0220899
-0.0213706 0.508373 0.860872
0.710268 0.643622 0.285078
-0.000329085 -0.827384 0.561636
-0.506671 -0.688635 0.518716
0.657225 0.229248 0.717984
0.819643 -0.572359 0.0243154
0.518132 0.478102 0.709195
0.146181 -0.235402 0.960842
-0.255803 -0.954052 0.15604
0.829758 0.556605 0.0411463
-0.139258 0.265882 0.953894
0.0819194 0.996632 0.00366621
0.229029 -0.482675 0.845323
-0.012847 -0.952124 0.305442
0.999857 -0.0134529 0.0102682
0.621457 0.78173 0.0518593
0.94822 -0.316968 0.0202655
-0.413112 0.248987 0.875982
-0.588356 -0.808568 0.00743158
-0.695504 0.534494 0.480197
0.696345 -0.505192 0.509788
2.35922e-16 0.866025 0.5
-0.548494 0.751218 0.367187
-0.252363 -0.865079 0.433534
-0.701021 -0.469637 0.536665
0.26169 0.486108 0.833797
0.481033 -0.508405 0.714235
0.493422 -0.705624 0.508557
0.416423 -0.256769 0.872159
0.721759 0.468244 0.509717
-0.69787 -0.64487 0.311641
0.862291 -0.429877 0.267693
0.291009 0.0102806 0.956665
0.624686 -0.780545 0.022739
0.17717 0.947017 0.267897
0.14578 0.25576 0.955686
-0.766909 0.276658 0.579061
0.958631 0.131132 0.252648
0.648917 -0.277901 0.708292
-0.301924 0.503155 0.809739
0.122376 0.698886 0.704686
0.418636 0.251152 0.872735
-0.862128 -0.412324 0.294491
-0.751659 0.00345026 0.659543
-0.881505 0.341522 0.326053
0.954777 -0.15406 0.254296
-0.40935 -0.261318 0.874154
-0.561756 0.42619 0.709079
0.463082 0.840352 0.281714
-0.64774 -0.255733 0.717658
0.840303 0.208996 0.500212
0.358389 0.932986 0.033097
0.872735 0.402025 0.276965
-0.229079 -0.481094 0.84621
0.697671 -0.662758 0.272041
0.0070549 0.0105032 0.99992
-0.900879 0.0756283 0.427431
-0.535039 -0.00697013 0.844799
-0.835385 -0.220224 0.50362
0.233858 -0.958604 0.162449
0.764071 -0.0248363 0.644653
0.250633 -0.866426 0.431844
0.281287 0.818806 0.500435
-0.275504 0.0141361 0.961196
-0.782995 0.584302 0.213332
0.254903 -0.702075 0.664917
0.530014 0.679387 0.507463
0.548841 -0.00676288 0.8359
-0.433116 0.661579 0.612147
-0.000696002 -0.635175 0.772368
-0.380473 0.904068 0.194682
-0.262193 -0.699064 0.665255
-0.790571 -0.610782 0.0440653
-0.00954868 -0.999763 0.0195797
-0.107331 0.961353 0.253535
0.953569 0.300292 0.0230579
-0.978551 0.133149 0.157189
-0.486171 -0.490719 0.723072
-0.955649 -0.145635 0.255981
0.475445 -0.841014 0.25816
-0.616772 0.781754 0.0919452
0.832696 -0.255351 0.491338
-0.280905 0.844853 0.455319
