0.570342 -0.648491 0.504152
-0.844929 0.414738 0.33777
-0.441867 -0.181126 0.878605
0.754238 -0.434463 0.492308
0.363799 -0.321164 0.874359
0.548135 -0.112085 0.828846
0.999381 0.0339713 0.00913315
0.959879 -0.106336 0.25947
0.486721 0.765411 0.42101
0.0228324 0.692154 0.721389
-0.760351 -0.64811 0.0426458
0.654299 -0.755749 0.0271415
-0.674605 -0.165592 0.719366
0.301485 -0.0509618 0.952108
-0.540545 0.0802863 0.837475
-0.0193713 0.970949 0.238501
-0.131607 -0.990193 0.0468764
-0.599404 -0.762092 0.244809
0 0.866025 0.5
0.361728 0.415083 0.834781
-0.269528 0.9569 0.108155
0.573778 -0.411182 0.708313
-0.365963 -0.638024 0.677493
0.52571 -0.805451 0.273638
0.254129 0.77319 0.58103
-0.905511 -0.299857 0.300225
-0.183638 0.531083 0.827181
-0.869858 0.488817 0.0663721
-0.552144 -0.420088 0.720183
-0.183959 -0.929905 0.31849
0.466813 0.600374 0.649335
-0.667866 0.52354 0.529019
0.944243 0.174989 0.278898
0.949848 0.31112 0.0315071
-0.237116 0.74446 0.624144
0.152995 -0.507277 0.848094
-0.975397 -0.0391927 0.216942
0.852989 0.442263 0.277152
0.458891 0.873665 0.161641
0.10414 -0.252765 0.961907
-0.898241 0.14802 0.413828
-0.285404 0.0585314 0.956618
0.613205 0.364404 0.700849
0.825141 0.564415 0.024033
-0.362474 0.318023 0.876056
0.686012 0.688108 0.236421
0.122369 -0.736097 0.665723
-0.498611 0.837762 0.222579
0.273476 -0.929658 0.246875
0.808934 0.290402 0.511167
0.742307 -0.194729 0.641141
0.0692064 -0.895838 0.438958
-0.302819 -0.42559 0.852745
-0.597973 -0.611751 0.51787
0.371844 -0.608502 0.701041
0.204055 0.21411 0.955258
-0.255519 0.888243 0.381753
0.239224 0.911298 0.335124
0.0878467 0.467446 0.879646
-0.757792 -0.37926 0.530955
-0.75145 0.105392 0.651318
-0.173427 -0.20064 0.964192
-0.601493 0.332666 0.726319
0.417793 -0.908528 0.00502414
-0.704875 0.709322 0.00373269
0.334651 -0.803637 0.492114
0.73619 -0.617176 0.277702
0.147131 -0.989116 0.00138066
-0.101615 -0.611686 0.784547
0.968966 -0.246761 0.0145948
-0.436092 0.560507 0.704028
0.686484 0.545849 0.480405
-0.959893 0.235325 0.152405
0.0123042 0.0116053 0.999857
-0.854088 -0.114811 0.507298
0.867066 0.0143356 0.497987
-0.0968209 0.268768 0.958326
0.698264 0.0952277 0.709478
-0.481646 0.730938 0.483474
-0.155377 -0.799343 0.580439
-0.402208 -0.801131 0.443191
-0.967774 -0.250114 0.0292731
-0.776036 -0.550758 0.307301
-0.390788 -0.911673 0.127035
0.472379 0.15727 0.867251
-0.703895 0.652613 0.280407
0.839594 -0.542607 0.0256847
0.890332 -0.379934 0.250915
0.215121 0.974683 0.0609574
