0.461709 -0.185013 0.867523
0.946114 -0.318745 0.0571774
-0.926829 0.132133 0.351468
-0.331111 0.397952 0.85557
0.645603 0.76367 0.00224102
-0.0863352 -0.958834 0.270524
0.831953 0.553812 0.033845
-0.603017 -0.78175 0.158864
-0.237549 0.968248 0.0778818
-0.383053 -0.650422 0.655912
0.118914 0.256963 0.959077
-0.514892 -0.744703 0.424622
0.381393 0.311639 0.870299
0.686875 -0.682103 0.250875
-0.508868 -0.141511 0.849134
0.196354 -0.230767 0.952991
0.253503 0.890459 0.377914
0.942097 0.157074 0.296279
-0.478192 -0.412764 0.775215
-0.447017 0.141889 0.883201
0.589284 -0.382965 0.711395
-0.00488453 0.971264 0.237956
-0.361324 -0.899617 0.245223
-0.786537 -0.617186 0.0210064
-0.785824 0.252272 0.564658
-0.212092 -0.977078 0.0182971
-0.216193 -0.494494 0.841865
0.47967 0.851104 0.213398
-0.945379 -0.143489 0.292693
0.604059 -0.796913 0.00648569
0.457661 0.560308 0.690363
-0.741383 -0.592095 0.315871
-0.843541 0.530583 0.0831859
0.345469 -0.938429 0.00144872
0.0652335 -0.496564 0.865545
0.0372163 -0.86211 0.505353
-0.955984 0.272718 0.108257
0.691602 0.671785 0.265313
1.66533e-16 0.866025 0.5
0.0183234 -0.0139756 0.999734
0.461892 -0.852696 0.244062
-0.264124 -0.0580849 0.962738
-0.480856 0.855937 0.190129
0.195613 -0.945254 0.261211
-0.0826329 -0.274429 0.95805
0.293002 0.034598 0.955486
0.820919 -0.570317 0.0288344
-0.485065 0.748927 0.451465
-0.693069 -0.261447 0.671789
0.810763 0.274181 0.517193
-0.158371 0.203775 0.966123
0.997339 -0.00630949 0.0726278
0.682991 0.525846 0.50696
0.493832 0.732136 0.469156
-0.629788 -0.530072 0.567794
-0.447251 0.583895 0.677519
0.254591 0.743105 0.618852
-0.243648 -0.834828 0.493658
-0.00213167 0.689923 0.72388
0.952748 0.299199 0.0524492
0.209371 0.53027 0.82157
-0.253671 0.901075 0.351731
-0.696868 0.6563 0.289215
0.184049 -0.691162 0.698871
0.244377 0.963939 0.105364
-0.0579705 0.463933 0.883971
0.451311 -0.619509 0.642283
0.33993 -0.440972 0.830657
-0.581731 0.342907 0.737566
-0.982385 -0.186183 0.0159741
-0.673636 0.0584556 0.736748
0.315118 -0.817119 0.482719
0.543796 0.0832748 0.835075
-0.24412 0.763331 0.598107
0.616882 0.328374 0.715281
-0.676844 0.510552 0.5303
-0.897616 -0.405871 0.171914
0.0695648 -0.99748 0.0139261
-0.851157 0.403761 0.335424
0.679492 -0.541104 0.495477
0.807165 -0.289881 0.51425
0.849786 0.439269 0.291386
-0.825854 -0.352816 0.439871
-0.669947 0.742281 0.0137987
0.84558 -0.451068 0.285539
0.858997 -0.00523451 0.511954
-0.839372 -0.0587381 0.540374
-0.097886 -0.707842 0.699556
0.693882 -0.120624 0.709914
0.940025 -0.168779 0.296424
