0.878841 -0.236544 0.414349
-0.103883 -0.845913 0.523106
0.5523 -0.401623 0.730523
-0.867598 -0.493174 0.0636722
0.964071 0.244742 0.103285
-0.372119 0.894543 0.247629
-0.0254629 -0.959399 0.280901
-0.363556 -0.749287 0.553531
0.507144 -0.853139 0.122309
0.847267 0.0196476 0.530804
0.173685 0.212163 0.961676
0.287201 0.957007 0.0406513
0.257993 -0.943308 0.208829
0.662253 -0.676333 0.322482
-0.47245 -0.878351 0.0727333
-0.626014 0.375749 0.683315
0.33347 0.617505 0.71238
0.72171 -0.690349 0.0505247
0.894344 0.246798 0.373148
0.0197426 -0.250792 0.96784
-0.878916 -0.334398 0.340124
-0.928201 0.301968 0.21739
-0.834465 -0.13851 0.53337
-0.657732 -0.103696 0.74608
0.553011 0.831927 0.0455582
-0.246519 -0.169485 0.954203
-0.689452 -0.355592 0.631039
-0.548662 0.140648 0.824129
-0.428025 0.761802 0.486264
-0.302537 -0.896154 0.324623
0.107432 -0.718157 0.687538
-0.641769 0.583281 0.497911
-0.59769 -0.59955 0.532265
-0.755133 -0.58136 0.302977
-0.988315 0.0381488 0.147572
-0.200261 0.737412 0.645073
0.173064 0.939892 0.294368
-0.468722 -0.288256 0.83499
0.368198 0.377438 0.849689
-0.432295 0.575883 0.693888
0.841487 -0.470685 0.265245
0.760193 0.649668 0.00619875
0.224464 -0.0616912 0.972528
0.430479 0.109712 0.895908
-0.551625 -0.771262 0.317592
0.0695784 -0.503457 0.861214
-0.757209 0.133789 0.639323
-0.796109 0.541809 0.269544
0.0654244 0.693796 0.717194
0.280242 -0.325777 0.902959
-0.210917 -0.974746 0.0733834
0.52593 0.684523 0.504803
-0.374993 0.356353 0.855799
0.272241 0.809646 0.519961
-0.606874 0.746431 0.273029
0.667263 0.696146 0.264841
0.960693 -0.00647807 0.277538
0.726638 -0.4508 0.518437
-0.733184 0.679189 0.0338298
-0.412745 -0.541352 0.732516
-0.262136 0.96503 0.00140288
0.853306 0.479014 0.205948
-0.199713 -0.433672 0.87866
0.999923 -0.012309 0.00164087
0.957922 -0.249736 0.141486
0.496931 -0.157618 0.853356
0.659219 0.0443835 0.75064
0.0614508 -0.997931 0.0188827
-0.967357 -0.234829 0.0952643
-1.80411e-16 0.866025 0.5
0.10632 0.468968 0.876793
-0.907863 0.0990524 0.407399
0.429718 -0.815622 0.387431
0.521345 -0.630717 0.5748
0.166946 -0.870951 0.462141
-0.160964 0.533123 0.830584
-0.807621 0.351871 0.473218
-0.163234 -0.665524 0.728308
-0.101737 0.962023 0.253299
-0.697315 -0.713843 0.0646554
0.733125 0.504433 0.456153
0.566865 0.46927 0.67709
-0.0408724 0.0194827 0.998974
0.0144053 0.999892 0.00276191
0.325792 -0.561203 0.760862
0.732292 -0.204842 0.649452
0.746846 0.267711 0.60873
-0.301608 0.103674 0.947779
-0.0948294 0.290609 0.952131
0.436485 0.848857 0.298198
-0.518054 0.855243 0.0134274
