-0.00495182 -0.699198 0.714911
0.500626 -0.00820318 0.865625
-0.323278 -0.91166 0.253707
0.662474 0.17081 0.72935
-0.219603 0.975546 0.00915432
0.3978 0.248567 0.883159
0.268937 -0.658573 0.702819
0.831783 -0.241342 0.499891
0.415938 -0.442286 0.794593
-0.41082 0.27689 0.868654
0.593671 -0.72136 0.356643
-0.628639 0.764627 0.141978
-0.107552 0.959028 0.262104
-0.479194 -0.196184 0.855503
0.992947 0.081445 0.0861528
-0.880835 -0.37076 0.294391
-0.751905 -0.378785 0.539594
-0.634549 0.309258 0.708313
-0.122027 -0.494521 0.860557
-0.902268 0.366533 0.22708
0.581424 0.813112 0.0281931
0.820347 0.482133 0.307537
-0.58101 -0.785141 0.214432
0.849392 0.0537315 0.52502
-2.77556e-17 0.866025 0.5
-0.575653 0.0605318 0.81545
-0.187281 -0.852595 0.48786
0.979691 -0.193391 0.0529687
0.79854 0.599285 0.0564865
-0.060728 0.0366138 0.997483
-0.935718 -0.352168 0.0202306
0.0978646 -0.994364 0.0407847
0.783164 0.322774 0.53148
0.151772 -0.455018 0.877453
-0.332065 0.0217796 0.943005
-0.557236 -0.562895 0.61044
0.704252 -0.101863 0.702604
0.779333 -0.599607 0.181964
-0.050046 -0.960783 0.272747
-0.869176 -0.136005 0.475433
-0.628191 0.542099 0.558126
-0.701671 -0.155153 0.695403
0.282298 0.495435 0.821494
-0.441057 -0.897473 0.00323029
0.359002 -0.799393 0.481755
-0.449243 -0.767321 0.457602
-0.808254 -0.575898 0.122747
0.948726 -0.0826009 0.305116
-0.812101 0.581969 0.0424698
-0.920662 0.116186 0.372669
-0.38968 -0.452938 0.801871
0.416564 0.650483 0.635095
0.367254 -0.929241 0.040438
0.328373 0.944472 0.0119855
0.00665928 0.526097 0.850398
-0.279134 -0.676675 0.681319
0.0516588 -0.215733 0.975085
0.922903 0.222824 0.314006
0.603377 -0.792479 0.0889507
-0.268054 0.508972 0.817982
0.0891389 -0.857057 0.507453
-0.125968 0.710834 0.691988
-0.804916 0.341392 0.485348
0.648719 0.564235 0.510688
0.649567 -0.370774 0.663769
-0.96876 -0.119481 0.217321
0.521416 -0.607804 0.598916
-0.528753 0.747884 0.401359
0.169413 0.952039 0.254796
0.657256 0.703234 0.271067
0.432386 0.864547 0.256127
-0.75058 0.582104 0.312704
0.545005 0.421788 0.724613
-0.178792 -0.983478 0.0283679
0.896469 -0.360225 0.258035
-0.272825 0.847789 0.454775
0.151082 0.703742 0.694206
-0.393223 0.895213 0.209689
-0.784156 0.0962936 0.613047
0.274474 0.832305 0.481594
-0.704954 -0.599607 0.37883
-0.144848 0.295291 0.944364
-0.9857 0.13277 0.10377
-0.221548 -0.249265 0.942753
0.215573 0.0354568 0.975844
0.931528 0.356586 0.0714267
0.0565853 0.99838 0.00593048
0.225991 -0.933366 0.278848
0.132286 0.29803 0.945346
0.323609 -0.213955 0.921684
0.743774 -0.503615 0.439515
-0.392967 0.669826 0.630008
