0.0939887 -0.250017 0.963669
0.712901 -0.462237 0.527361
-0.9191 0.266775 0.289978
-0.525442 0.85066 0.0169869
0.503533 -0.492055 0.710166
0.1545 0.946525 0.283233
0.532823 0.846098 0.0147421
0.596561 0.212545 0.773912
0.536804 -0.676259 0.504495
-0.892811 -0.250082 0.37463
-0.887542 0.0476309 0.458259
0.394785 0.395772 0.829162
-0.0778383 -0.454857 0.887156
0.0777959 0.700447 0.709452
0.27444 0.821073 0.500522
-0.629926 0.562035 0.536013
0.837997 -0.203775 0.506198
0.519247 -0.813134 0.26305
0.0239599 -0.669438 0.742482
0.398148 -0.290449 0.870125
0.890271 0.321399 0.322677
0.2631 -0.943831 0.199905
-0.796185 0.514635 0.318183
0.743671 0.0013697 0.668545
0.132161 0.478568 0.868047
-0.508294 -0.565427 0.649561
-0.251496 -0.632492 0.732601
-0.94903 -0.296721 0.106297
-0.429646 0.751662 0.500408
0.869638 -0.390276 0.302348
-0.391318 0.883228 0.258417
-0.737144 0.673739 0.0519111
-0.784643 0.329338 0.525235
0.0582438 -0.92044 0.38652
0.735948 0.531651 0.4192
0.315105 -0.835266 0.450599
-9.71543e-05 -0.992249 0.124265
-0.895661 0.439247 0.0696687
0.999601 0.0107969 0.0261039
-0.137889 0.535222 0.833381
-0.5908 0.359356 0.72237
0.720125 -0.624762 0.301814
-0.468247 -0.849768 0.242156
-0.84617 -0.53291 0.00154598
0.533971 -0.0491777 0.844071
-0.396417 -0.770676 0.498911
0.65399 0.720321 0.23116
-0.344458 0.352674 0.87004
-0.507364 0.127995 0.852173
-0.63386 -0.652539 0.415228
0.957201 0.284084 0.0553447
0.655891 -0.25941 0.708882
-0.211302 -0.924181 0.318185
-0.436133 -0.138264 0.889197
-0.689203 -0.709158 0.148639
0.0166321 0.0332965 0.999307
-0.820639 -0.500089 0.276518
-0.253823 0.0970775 0.962367
0.00475301 0.999696 0.0241863
0.964052 -0.264953 0.0200686
-0.195123 0.735364 0.648974
0.453648 -0.89117 0.00431228
0.198135 -0.482903 0.852964
1.11022e-15 0.866025 0.5
-0.410671 0.570923 0.710912
0.420483 0.866722 0.268302
-0.618323 0.727421 0.29755
0.582312 0.491567 0.647515
0.29613 -0.674241 0.67654
0.280691 -0.0439663 0.958791
0.347019 0.632961 0.692054
0.279699 0.95944 0.0352475
-0.12967 -0.816193 0.563041
-0.73663 -0.420753 0.529473
-0.590836 -0.316512 0.742114
-0.122986 0.955741 0.267269
-0.776741 -0.157547 0.609797
0.853727 -0.517734 0.055691
-0.725035 0.106412 0.680442
-0.0601339 0.296568 0.953117
0.678134 -0.733288 0.0492323
0.956252 -0.129022 0.262556
-0.347482 -0.398722 0.848691
-0.265978 -0.96277 0.04826
-0.270811 0.962412 0.020622
0.836299 0.528671 0.145297
-0.171969 -0.169034 0.970492
0.892886 0.0714554 0.444578
0.525685 0.704119 0.477359
0.765784 0.297407 0.570196
0.211854 0.225363 0.950962
-0.976882 -0.0401778 0.209972
-0.983474 0.177731 0.0345069
