-0.699354 0.26887 0.662279
0.909107 -0.314713 0.27291
-0.232711 0.0940569 0.967987
0.120398 -0.832394 0.540947
0.664679 -0.745743 0.0454841
0.628773 -0.702345 0.333701
-0.442285 -0.894483 0.0654548
0.287926 -0.0705949 0.955047
0.269541 0.81089 0.519428
0.293863 -0.670349 0.681378
0.218166 -0.928172 0.301495
-0.276672 0.355723 0.8927
0.923712 0.38268 0.0176542
0.519282 0.696331 0.495449
-0.186466 -0.17784 0.966231
-0.399269 0.893338 0.206232
-0.486949 0.18141 0.854383
0.433956 0.857468 0.276461
-0.0528718 -0.934439 0.352177
-0.183271 -0.976567 0.112822
2.77556e-17 0.866025 0.5
0.602029 0.476811 0.640478
0.809849 -0.556635 0.18521
0.931009 0.230955 0.282633
0.366979 0.605107 0.706521
0.660817 -0.345336 0.666381
-0.288878 0.842923 0.453905
0.461945 -0.866741 0.188059
-0.512475 -0.515562 0.686707
-0.361612 -0.362041 0.859164
-0.6692 0.00688492 0.74305
-0.0177337 0.286638 0.957875
0.106617 0.696038 0.710045
0.954471 -0.0435689 0.295104
-0.164769 0.724143 0.669677
-0.793469 -0.179079 0.581668
-0.927078 -0.344757 0.147207
0.321406 0.946064 0.0407642
-0.668804 -0.743097 0.0225476
0.0507498 0.997202 0.0548867
-0.809211 0.587341 0.0143858
0.443628 0.347975 0.825898
-0.49815 0.436202 0.749382
-0.983924 0.178582 0.00113709
-0.759489 0.584445 0.285658
-0.220888 0.97522 0.0124666
0.777589 0.628438 0.0205322
0.851208 0.0808034 0.518571
-0.953807 0.129816 0.270923
0.400343 -0.793326 0.458649
0.704154 -0.0556229 0.707866
0.661949 0.703192 0.259507
-0.569588 -0.773455 0.278095
-0.931146 -0.136739 0.338038
-0.848822 0.0844221 0.521895
-0.323646 -0.885925 0.332249
-0.62817 0.769553 0.114848
-0.782508 -0.583683 0.216784
-0.993436 -0.08727 0.0739506
-0.166639 -0.805929 0.568075
-0.830454 -0.385329 0.402329
-0.83265 0.345063 0.433158
0.676722 0.218773 0.702983
-0.119236 0.955974 0.268135
0.00743711 -0.675306 0.7375
-0.597944 -0.262976 0.75717
-0.261735 -0.615468 0.743434
0.244497 0.201691 0.948442
0.796994 0.349948 0.492277
0.17141 0.939642 0.296128
-0.429211 -0.729109 0.533084
0.433344 -0.453322 0.778917
-0.100589 -0.445821 0.889452
0.555313 -0.597819 0.578135
0.993299 0.106702 0.0444092
-0.427933 0.664921 0.612172
0.0794736 -0.250938 0.964735
-0.0703928 0.532132 0.84373
-0.436938 -0.0867208 0.895302
0.835793 -0.198331 0.511971
0.194931 0.460224 0.866139
0.0306224 0.018291 0.999364
-0.553149 0.741972 0.378819
0.499428 0.0803795 0.862619
-0.658448 -0.59151 0.465363
0.761219 -0.473106 0.443527
-0.656555 0.530839 0.53586
0.170816 -0.487492 0.856255
0.834365 0.487942 0.256415
0.576263 0.816932 0.0233056
0.984306 -0.168874 0.0512221
0.506025 -0.194445 0.840315
0.258237 -0.965597 0.030578
-0.908045 0.382592 0.170524
