0.403189 -0.901479 0.157402
0.642556 -0.223164 0.733021
-0.721412 -0.640768 0.262642
-0.918092 0.292568 0.267415
0.382202 -0.824396 0.417484
-0.974298 0.225084 0.00901805
-0.646559 -0.103589 0.755798
-0.255321 0.96608 0.0387419
-0.465822 -0.598696 0.651593
0.368176 0.385511 0.846066
-0.109189 0.957192 0.26807
0.741869 0.509823 0.435557
-0.0782445 -0.899689 0.429463
-0.16004 -0.192076 0.968243
-0.0529343 -0.446477 0.893228
0.161219 0.942086 0.294077
0.604209 -0.79682 0.00303068
-0.584452 0.381074 0.716379
0.0839788 0.704914 0.704304
0.978483 0.0976179 0.181773
-0.0700395 -0.982858 0.170541
-0.68383 -0.525485 0.506204
0.909157 -0.383785 0.161687
0.53766 0.840682 0.0646117
0.886803 0.0705265 0.456734
-0.878512 0.472915 0.0675823
0.944533 0.326194 0.0381569
0.0206733 0.999251 0.0327148
0.988693 -0.147896 0.0247542
-0.50837 0.130823 0.851144
-0.215659 -0.61676 0.757032
-0.506283 0.861186 0.0451248
-0.77969 0.355666 0.51535
0.649647 0.708892 0.274648
-0.525484 -0.73703 0.425033
-0.289565 -0.781111 0.553189
-0.978412 0.0350347 0.20367
-0.414048 0.751723 0.5133
-0.349902 0.35131 0.868418
-0.621403 0.576429 0.530648
-0.26499 0.0787138 0.961033
-0.371302 0.885247 0.280128
0.790892 -0.60858 0.0641887
0.264158 0.807159 0.527934
0.544643 -0.642841 0.538627
-0.54305 -0.822836 0.167441
0.600171 -0.752411 0.271427
-0.877669 -0.475217 0.0621781
0.499557 -0.454894 0.737235
0.148192 -0.817782 0.556123
0.892271 0.310195 0.328072
0.172847 -0.984194 0.0385501
-0.317074 -0.947499 0.0413445
-0.181748 0.734444 0.653881
0.944483 -0.148248 0.293214
-0.597735 0.738043 0.313057
0.31791 -0.651566 0.688763
0.764963 0.280332 0.579868
-0.78233 0.53817 0.313582
0.769719 -0.547406 0.328451
0.341875 0.618293 0.707697
0.388231 -0.255686 0.885382
-0.0974078 0.292827 0.951191
0.707327 -0.426233 0.563928
0.116809 0.487878 0.865061
0.733151 0.0291384 0.679442
-2.08167e-17 0.866025 0.5
0.418302 0.854229 0.308733
0.824809 -0.182524 0.53514
0.585051 0.47749 0.655529
-0.851965 -0.410395 0.325166
-0.879504 0.107931 0.46349
-0.764314 -0.276984 0.582326
-0.964646 -0.227401 0.133221
-0.000819271 0.0262971 0.999654
0.51543 -0.0168833 0.856765
0.161373 -0.938109 0.306449
0.216299 -0.46484 0.858568
-0.321813 -0.895201 0.308304
0.510627 0.693661 0.508029
0.290999 0.955123 0.055305
0.10792 -0.239106 0.964978
-0.718776 0.147368 0.679444
-0.417301 -0.137817 0.898257
-0.392792 0.574173 0.718359
-0.717805 0.692384 0.0732167
0.16883 0.237043 0.956717
0.0535862 -0.655704 0.753114
0.583682 0.234267 0.777454
-0.560142 -0.361368 0.745422
0.265375 -0.0172228 0.963991
0.82968 0.528848 0.178745
-0.908785 -0.15199 0.388599
-0.14971 0.532337 0.833189
-0.317294 -0.388654 0.865027
