-0.244031 0.119153 0.96242
-0.30052 -0.563647 0.769409
-4.16334e-17 0.866025 0.5
0.767574 0.639472 0.0436561
-0.583001 -0.752618 0.306065
0.358755 -0.920366 0.155632
0.155209 0.944159 0.290643
-0.201586 -0.764383 0.612439
-0.0770467 -0.905958 0.416298
-0.127401 -0.404106 0.905797
0.0795324 -0.975535 0.204952
-0.419648 0.681488 0.599558
-0.825532 0.363631 0.43159
0.991504 -0.125626 0.033743
-0.208592 0.978003 0.000250919
-0.796161 0.604677 0.0221892
0.109866 0.709259 0.696334
0.23296 -0.585341 0.776599
-0.190868 -0.96562 0.176485
0.523728 -0.197137 0.828762
0.856881 0.094365 0.506804
0.295622 -0.0764239 0.952243
-0.844697 -0.356316 0.399407
-0.16035 0.72564 0.669129
-0.375144 0.904583 0.202476
-0.933363 -0.105325 0.343132
0.592358 0.477491 0.648933
-0.932287 -0.332277 0.14294
-0.994001 -0.0749643 0.0796431
0.783827 -0.620833 0.0134976
0.924126 0.261764 0.278334
0.793065 -0.434625 0.426789
-0.836558 0.112696 0.536162
0.304363 -0.347162 0.887041
-0.802385 -0.154186 0.576546
-0.74425 0.602017 0.289253
-0.536676 0.759898 0.366789
0.851983 -0.177297 0.492637
0.677505 0.212144 0.70426
0.245145 -0.883109 0.400029
0.922154 -0.386818 0.00220736
-0.790692 -0.569832 0.223825
0.712553 -0.645517 0.274909
-0.444456 -0.888354 0.115262
-0.645614 0.543889 0.536067
-0.441503 -0.0556488 0.895532
0.504153 0.0723618 0.860577
0.358901 0.601124 0.714031
0.41547 0.872862 0.255923
0.686375 -0.323786 0.651192
0.268177 0.820402 0.504996
0.200638 0.446255 0.872124
-0.482199 0.460427 0.745313
0.0726488 -0.2313 0.970166
0.235551 0.188935 0.95332
-0.475957 0.210988 0.853785
0.567039 0.82317 0.0292971
0.059638 0.997356 0.0415214
0.960819 -0.0078224 0.277066
-0.664854 0.0478815 0.745437
-0.612064 -0.218627 0.759987
-0.191137 -0.147612 0.970401
-0.267294 0.851359 0.451378
-0.6707 -0.740121 0.0488146
-0.0515951 0.542533 0.838449
-0.610436 0.784927 0.106101
0.787458 0.357394 0.502175
-0.680287 -0.560469 0.472317
0.445833 0.336295 0.829541
0.32489 0.9457 0.00992584
0.988404 0.146348 0.0404841
0.509487 0.694756 0.507678
-0.98136 0.190817 0.0228476
0.639776 0.71953 0.270115
0.592951 -0.800626 0.0860658
0.912041 0.407409 0.0468987
-0.943119 0.161456 0.290617
0.497351 -0.792221 0.353592
0.813553 0.510357 0.278689
-0.687867 0.304753 0.658761
-0.458135 -0.692929 0.556742
-0.545194 -0.473402 0.691848
-0.898987 0.402562 0.172526
0.602661 -0.604906 0.520469
-0.114006 0.960266 0.254739
-0.383096 -0.319799 0.866583
0.716287 -0.0570102 0.695473
-0.343295 -0.860706 0.375944
-0.0131472 0.29927 0.954078
-0.26416 0.379675 0.886604
0.481111 -0.483361 0.731365
-0.0359716 -0.626539 0.77856
0.927655 -0.276598 0.250897
0.0110705 0.0320952 0.999424
0.366528 -0.724005 0.584357
0.0866902 -0.793573 0.602268
