-0.409281 0.867115 0.283902
0.855895 -0.517133 0.00419548
0.877193 -0.356519 0.3216
0.942527 -0.0947455 0.320415
0.415202 0.300562 0.858644
0.184766 -0.363646 0.91303
0.878688 0.476314 0.0321274
-0.353963 0.636654 0.685115
-0.0327064 0.045464 0.99843
0.375601 0.905213 0.198778
-0.986975 -0.141213 0.0770665
-0.655732 -0.51437 0.552665
0.0738861 -0.849646 0.522153
0.796581 0.0266647 0.603943
-0.26004 -0.603796 0.753532
0.121516 0.953567 0.275577
0.324935 0.540932 0.775764
-0.913497 -0.275896 0.299005
0.569537 -0.742556 0.352474
-0.00593154 -0.689599 0.724167
-0.895293 -0.437535 0.083745
0.849869 0.4156 0.324036
-0.0289449 0.998007 0.0560736
-0.201581 -0.795463 0.571492
0.406421 -0.891975 0.197998
0.457987 0.672491 0.581381
0.55101 0.760365 0.343851
-0.677427 -0.278043 0.681017
0.613001 -0.358892 0.703865
0.762548 0.320493 0.561965
0.507213 -0.628998 0.58915
0.418579 -0.233762 0.87758
-0.584028 0.504606 0.635833
0.205122 0.168182 0.964178
-0.539679 0.840901 0.0403867
0.997495 -0.0111074 0.0698587
0.957581 -0.277866 0.0763511
-0.447189 -0.683897 0.576461
-0.840332 0.131432 0.525897
-0.441263 0.367081 0.818864
-0.023504 0.310764 0.950196
0.203985 -0.101454 0.973703
-0.295113 0.953858 0.0553479
0.627173 -0.0983845 0.772641
-0.26768 0.196195 0.943321
0.63276 0.1809 0.752921
-0.0253796 -0.995529 0.0909779
0.258783 -0.693707 0.672162
-0.0373727 -0.223198 0.974056
0.0625841 0.540904 0.838752
-0.671497 0.256382 0.695241
0.564746 0.450497 0.691458
-0.9221 0.385947 0.0278833
0.156464 -0.945961 0.284036
0.745308 0.634259 0.205501
-0.84285 -0.1383 0.520075
-0.265705 0.819743 0.507368
0.588993 0.80533 0.0673139
-0.9185 0.258757 0.299003
0.171781 0.730851 0.660567
0.767186 -0.591592 0.24788
0.718179 -0.490788 0.493302
-0.825311 0.506927 0.248771
-0.739029 -0.66579 0.102755
-0.609129 -0.711069 0.351202
0.903884 0.161298 0.396204
0.333223 -0.828273 0.450473
-0.37737 -0.847397 0.373511
0.230913 -0.972926 0.00974526
-0.506927 0.107923 0.855206
0.626736 -0.773938 0.0906747
-0.201535 0.486932 0.849871
0.43109 0.0346779 0.901642
-0.288894 -0.334963 0.89685
-0.532047 -0.837351 0.125577
-0.286327 -0.947815 0.140225
-0.51179 0.712589 0.479884
-0.0587366 -0.474526 0.878279
0.678841 0.56124 0.473481
-0.988978 0.128562 0.0734428
-0.50185 -0.161779 0.849691
2.42861e-17 0.866025 0.5
-0.702118 -0.0111585 0.711973
-0.27193 -0.0730894 0.959537
0.799716 -0.237922 0.551224
-0.65319 0.714695 0.250107
-0.119667 -0.9285 0.351522
0.388176 -0.48488 0.783716
-0.793774 -0.516695 0.320858
0.296132 0.84302 0.449024
-0.0945054 0.709465 0.698376
0.958554 0.244912 0.145575
-0.482898 -0.451749 0.750155
-0.950886 -0.00889568 0.309414
-0.779764 0.391668 0.48843
-0.769992 0.637759 0.019384
-0.150995 0.944812 0.290743
