0.649522 -0.613302 0.449423
-0.424651 -0.792347 0.438016
-0.132219 -0.0457835 0.990163
-0.83974 0.473658 0.26549
0.571902 0.0786123 0.816546
0.261676 -0.920196 0.291142
-0.0965656 0.397957 0.912308
0.944111 0.324963 0.0552612
0.312737 0.120862 0.942119
0.227932 -0.694592 0.682341
-0.919002 -0.336944 0.204704
0.47433 -0.591335 0.652176
-0.629934 -0.774142 0.0623471
-0.932212 0.360574 0.0311075
-0.17194 0.981378 0.0856343
-0.855182 -0.228522 0.465233
-0.8698 0.0396037 0.491813
-0.181491 -0.527035 0.830238
0.0375449 0.966604 0.253508
-0.785863 -0.477892 0.392479
0.638101 -0.76974 0.0180858
0.454768 0.320285 0.831026
0.230681 -0.317386 0.919811
-0.299197 -0.297682 0.906569
-0.0348011 -0.293918 0.955197
-0.403076 -0.914685 0.0296811
-0.71797 0.161816 0.677004
0.087041 -0.531198 0.842765
0.831283 0.508568 0.224338
0.437032 0.734629 0.518964
-0.926843 0.222046 0.30275
0.824388 -0.422468 0.376702
0.134974 -0.0755618 0.987964
-0.960167 -0.0789195 0.26805
0.652694 0.656018 0.378986
-0.644898 -0.69463 0.318741
-6.93889e-18 0.866025 0.5
-0.733296 -0.106547 0.671509
0.50095 0.865451 0.00657245
0.674757 0.286286 0.680252
0.941449 -0.207282 0.265908
-0.270297 -0.926107 0.263183
0.550822 -0.789183 0.271637
0.279687 0.950146 0.137835
0.108845 -0.856796 0.504038
-0.212664 0.914962 0.342956
0.691409 0.712593 0.119016
0.413282 -0.907951 0.0694454
-0.433016 0.880523 0.192812
-0.802439 0.596028 0.0290204
0.0287262 0.17139 0.984784
-0.541441 -0.238075 0.806326
0.0745414 0.579298 0.8117
-0.506911 0.184787 0.841959
-0.304216 -0.690831 0.655901
-0.986813 -0.161367 0.0126669
0.569835 0.528514 0.629254
0.33744 0.552235 0.762345
0.480785 0.833341 0.272742
-0.391501 -0.0454756 0.919053
0.767129 0.432107 0.474127
-0.43459 0.612357 0.660416
-0.159893 -0.852825 0.497116
-0.436922 -0.481384 0.759848
-0.647553 0.574377 0.500766
-0.992254 0.10163 0.0714384
-0.360915 0.410504 0.837393
0.987109 0.042123 0.154409
-0.570429 -0.601217 0.559598
0.911407 0.0169583 0.411157
-0.244191 0.781461 0.574186
-0.472782 0.767244 0.433375
-0.614941 0.788377 0.0176095
0.641409 -0.171816 0.747712
0.248232 0.883095 0.39815
-0.00419772 -0.959216 0.282644
0.903719 -0.416089 0.100802
0.196184 0.744601 0.638029
0.201297 0.36337 0.909638
0.143082 -0.987917 0.0595545
0.9838 -0.179261 0.00189053
-0.807032 -0.573187 0.14197
0.910057 0.268362 0.315877
-0.592067 0.398192 0.700642
0.820527 -0.204344 0.533835
-0.126611 -0.990914 0.04538
0.76894 0.038004 0.63819
-0.039636 -0.717235 0.695704
-0.189835 0.607178 0.771555
0.467406 -0.369087 0.80331
0.759259 -0.61798 0.204026
0.668506 -0.407863 0.62189
-0.677757 0.688143 0.259045
-0.259612 0.187085 0.947418
-0.793458 0.348563 0.498928
0.416269 -0.123792 0.900775
0.3878 -0.783606 0.485358
-0.689266 -0.368716 0.623667
