0.416252 -0.375289 0.828186
-0.0232463 -0.557052 0.830152
-0.773697 -0.579528 0.256008
-0.508981 0.703656 0.495789
0.861156 0.0910532 0.50012
-0.399668 -0.767743 0.500836
-0.76784 0.30389 0.56398
0.104106 -0.128436 0.986238
-0.584997 -0.770272 0.25389
0.749338 -0.604022 0.271383
-0.13655 -0.00985572 0.990584
0.709084 0.260458 0.655256
0.968699 0.248213 0.00363877
0.508084 0.403288 0.761058
-0.0989039 0.711443 0.695749
0.480277 -0.575741 0.661707
0.542766 -0.714834 0.440927
0.693082 -0.505051 0.514355
-0.239581 -0.970155 0.0374303
0.166493 0.731193 0.661542
-0.97179 0.1843 0.147167
-0.0529412 0.996728 0.0610839
-0.71046 -0.216884 0.669483
0.998009 -0.0120575 0.0619122
-0.580202 0.467719 0.666787
-0.572927 -0.0412326 0.818569
-0.488967 -0.871947 0.0249008
-0.757108 0.652857 0.0237916
-0.145755 -0.854455 0.498661
-0.359383 0.616327 0.700703
-0.162204 0.940195 0.29954
0.0440029 -0.75165 0.658093
-0.608789 0.21872 0.762586
-0.645514 0.718538 0.258873
-0.556148 0.830516 0.0307162
0.0864536 0.139302 0.986469
0.390401 0.89662 0.208948
0.825475 -0.180295 0.534868
0.524506 0.755118 0.393308
-0.0889806 -0.961679 0.259338
0.108305 0.956269 0.271698
0.164234 -0.971465 0.171123
-0.623281 -0.621868 0.474131
-0.900362 0.430032 0.0664849
0.275198 0.530096 0.802037
0.212215 0.976901 0.0251004
-0.265888 0.81585 0.51351
0.161073 -0.379617 0.911014
0.27929 0.849026 0.448499
-0.417932 0.858692 0.296617
0.113409 -0.891022 0.439566
-0.352794 -0.153616 0.923005
-0.153224 0.255629 0.954556
-0.776047 -0.401616 0.486268
-0.316484 0.946421 0.064222
-0.116696 -0.277366 0.953651
-0.970757 -0.0711438 0.229281
0.859258 -0.372444 0.350659
0.736201 -0.67663 0.0134085
0.94537 -0.0839717 0.314999
-0.86875 -0.494855 0.0198063
-0.349114 -0.896981 0.27119
-0.970872 -0.23878 0.0197734
-0.167093 0.501793 0.848695
0.532528 0.146031 0.83372
-0.458659 -0.571974 0.680057
0.572343 -0.79826 0.187627
0.790071 0.612908 0.0114616
-0.714754 0.538867 0.445813
0.618848 0.772437 0.142719
0.389279 -0.920485 0.034187
-0.504922 -0.334353 0.795778
0.9551 -0.270037 0.121918
0.884467 0.429289 0.182836
0.357531 -0.873825 0.329547
-0.768859 0.0430999 0.637964
-0.274501 -0.46369 0.842402
0.830906 0.349138 0.433241
0.310223 -0.761785 0.568723
0.948285 0.179064 0.26209
-0.874456 0.360689 0.324392
0.731894 0.600403 0.322254
-0.703305 -0.71059 0.0205732
0.234442 -0.597203 0.767063
-0.902985 -0.344413 0.256899
-0.872003 -0.151918 0.465329
-2.28983e-16 0.866025 0.5
0.651239 -0.309265 0.692996
0.314778 0.285578 0.905185
-0.399907 0.368748 0.839106
-0.902988 0.109884 0.415377
0.654886 0.506004 0.561323
0.521481 -0.128938 0.843464
-0.377979 0.113487 0.918832
0.436377 0.648828 0.623376
0.323617 0.0205224 0.945966
0.712084 -0.0037263 0.702085
-0.2161 -0.685708 0.695058
0.0710786 0.397436 0.914873
